# r flatness
    0.098175     3.554889
    0.196350     3.473295
    0.294524     3.368950
    0.392699     3.268008
    0.490874     3.184297
    0.589049     3.119626
    0.687223     3.070156
    0.785398     3.031731
    0.883573     3.001424
    0.981748     2.977049
    1.079923     2.956889
    1.178097     2.939953
    1.276272     2.925959
    1.374447     2.914781
    1.472622     2.905965
    1.570796     2.898754
    1.668971     2.892356
    1.767146     2.886150
    1.865321     2.879733
    1.963495     2.872764
    2.061670     2.864783
    2.159845     2.855320
    2.258020     2.844242
    2.356194     2.831947
    2.454369     2.819244
    2.552544     2.807155
    2.650719     2.796722
    2.748894     2.788767
    2.847068     2.783643
    2.945243     2.781075
    3.043418     2.780222
    3.141593     2.780088
