# r flatness
    0.098175     3.689949
    0.196350     3.592761
    0.294524     3.467376
    0.392699     3.344296
    0.490874     3.240218
    0.589049     3.158201
    0.687223     3.094363
    0.785398     3.043739
    0.883573     3.002652
    0.981748     2.968757
    1.079923     2.940408
    1.178097     2.916177
    1.276272     2.894834
    1.374447     2.875642
    1.472622     2.858466
    1.570796     2.843435
    1.668971     2.830485
    1.767146     2.819268
    1.865321     2.809425
    1.963495     2.800855
    2.061670     2.793744
    2.159845     2.788357
    2.258020     2.784736
    2.356194     2.782530
    2.454369     2.781156
    2.552544     2.780160
    2.650719     2.779405
    2.748894     2.778909
    2.847068     2.778616
    2.945243     2.778408
    3.043418     2.778237
    3.141593     2.778165
