# r flatness
    0.098175     3.682412
    0.196350     3.602820
    0.294524     3.496497
    0.392699     3.386328
    0.490874     3.285905
    0.589049     3.199656
    0.687223     3.127567
    0.785398     3.068435
    0.883573     3.020502
    0.981748     2.981520
    1.079923     2.949216
    1.178097     2.921711
    1.276272     2.897724
    1.374447     2.876659
    1.472622     2.858621
    1.570796     2.844182
    1.668971     2.833935
    1.767146     2.828134
    1.865321     2.826454
    1.963495     2.827872
    2.061670     2.830889
    2.159845     2.834153
    2.258020     2.837054
    2.356194     2.839833
    2.454369     2.843122
    2.552544     2.847248
    2.650719     2.851821
    2.748894     2.855957
    2.847068     2.858926
    2.945243     2.860633
    3.043418     2.861438
    3.141593     2.861671
