# r flatness
    0.098175     3.677697
    0.196350     3.601810
    0.294524     3.502321
    0.392699     3.402481
    0.490874     3.316349
    0.589049     3.248172
    0.687223     3.196378
    0.785398     3.157528
    0.883573     3.128209
    0.981748     3.105487
    1.079923     3.086910
    1.178097     3.070501
    1.276272     3.054884
    1.374447     3.039442
    1.472622     3.024265
    1.570796     3.009848
    1.668971     2.996738
    1.767146     2.985300
    1.865321     2.975629
    1.963495     2.967570
    2.061670     2.960894
    2.159845     2.955587
    2.258020     2.951951
    2.356194     2.950346
    2.454369     2.950827
    2.552544     2.953079
    2.650719     2.956633
    2.748894     2.961046
    2.847068     2.965811
    2.945243     2.970205
    3.043418     2.973342
    3.141593     2.974483
