# r flatness
    0.098175     3.765237
    0.196350     3.675549
    0.294524     3.558381
    0.392699     3.441390
    0.490874     3.340491
    0.589049     3.259144
    0.687223     3.193858
    0.785398     3.139809
    0.883573     3.093499
    0.981748     3.053102
    1.079923     3.018091
    1.178097     2.988612
    1.276272     2.964697
    1.374447     2.945790
    1.472622     2.930858
    1.570796     2.918745
    1.668971     2.908333
    1.767146     2.898713
    1.865321     2.889581
    1.963495     2.881486
    2.061670     2.875481
    2.159845     2.872423
    2.258020     2.872493
    2.356194     2.875267
    2.454369     2.880189
    2.552544     2.886933
    2.650719     2.895300
    2.748894     2.904773
    2.847068     2.914274
    2.945243     2.922391
    3.043418     2.927830
    3.141593     2.929740
