# r flatness
    0.098175     3.630697
    0.196350     3.563813
    0.294524     3.476107
    0.392699     3.386781
    0.490874     3.305929
    0.589049     3.235672
    0.687223     3.174691
    0.785398     3.121405
    0.883573     3.074750
    0.981748     3.033833
    1.079923     2.997715
    1.178097     2.965535
    1.276272     2.936660
    1.374447     2.910685
    1.472622     2.887323
    1.570796     2.866288
    1.668971     2.847312
    1.767146     2.830333
    1.865321     2.815667
    1.963495     2.804033
    2.061670     2.796411
    2.159845     2.793768
    2.258020     2.796683
    2.356194     2.805111
    2.454369     2.818373
    2.552544     2.835315
    2.650719     2.854466
    2.748894     2.874057
    2.847068     2.892033
    2.945243     2.906347
    3.043418     2.915456
    3.141593     2.918564
