# r flatness
    0.098175     3.451405
    0.196350     3.366062
    0.294524     3.259940
    0.392699     3.162986
    0.490874     3.091137
    0.589049     3.046496
    0.687223     3.023845
    0.785398     3.016102
    0.883573     3.016740
    0.981748     3.020339
    1.079923     3.022576
    1.178097     3.020322
    1.276272     3.011908
    1.374447     2.997209
    1.472622     2.977312
    1.570796     2.953965
    1.668971     2.929154
    1.767146     2.904854
    1.865321     2.882791
    1.963495     2.864050
    2.061670     2.848721
    2.159845     2.835993
    2.258020     2.824640
    2.356194     2.813409
    2.454369     2.801168
    2.552544     2.787155
    2.650719     2.771376
    2.748894     2.754782
    2.847068     2.739079
    2.945243     2.726220
    3.043418     2.717847
    3.141593     2.714951
