# r flatness
    0.098175     3.709025
    0.196350     3.627002
    0.294524     3.522705
    0.392699     3.421621
    0.490874     3.336605
    0.589049     3.269987
    0.687223     3.219542
    0.785398     3.182198
    0.883573     3.155280
    0.981748     3.136645
    1.079923     3.124521
    1.178097     3.117375
    1.276272     3.113829
    1.374447     3.112679
    1.472622     3.112897
    1.570796     3.113457
    1.668971     3.113224
    1.767146     3.111200
    1.865321     3.106977
    1.963495     3.100950
    2.061670     3.094098
    2.159845     3.087511
    2.258020     3.081935
    2.356194     3.077577
    2.454369     3.074272
    2.552544     3.071810
    2.650719     3.070111
    2.748894     3.069173
    2.847068     3.068941
    2.945243     3.069215
    3.043418     3.069637
    3.141593     3.069833
