# r flatness
    0.098175     3.713849
    0.196350     3.636378
    0.294524     3.540402
    0.392699     3.450452
    0.490874     3.376281
    0.589049     3.316171
    0.687223     3.264740
    0.785398     3.217703
    0.883573     3.172909
    0.981748     3.129672
    1.079923     3.088094
    1.178097     3.048957
    1.276272     3.013735
    1.374447     2.984149
    1.472622     2.961391
    1.570796     2.945683
    1.668971     2.936433
    1.767146     2.932570
    1.865321     2.932805
    1.963495     2.935920
    2.061670     2.940946
    2.159845     2.947033
    2.258020     2.953148
    2.356194     2.958069
    2.454369     2.960793
    2.552544     2.961035
    2.650719     2.959472
    2.748894     2.957456
    2.847068     2.956244
    2.945243     2.956221
    3.043418     2.956821
    3.141593     2.957158
