# r flatness
    0.098175     3.754782
    0.196350     3.692167
    0.294524     3.614768
    0.392699     3.542013
    0.490874     3.481312
    0.589049     3.432125
    0.687223     3.392091
    0.785398     3.358961
    0.883573     3.330338
    0.981748     3.303765
    1.079923     3.277262
    1.178097     3.249720
    1.276272     3.220947
    1.374447     3.191334
    1.472622     3.161323
    1.570796     3.131088
    1.668971     3.100527
    1.767146     3.069460
    1.865321     3.037749
    1.963495     3.005347
    2.061670     2.972369
    2.159845     2.939173
    2.258020     2.906345
    2.356194     2.874664
    2.454369     2.845075
    2.552544     2.818636
    2.650719     2.796351
    2.748894     2.778917
    2.847068     2.766498
    2.945243     2.758665
    3.043418     2.754561
    3.141593     2.753316
