# r flatness
    0.098175     3.932122
    0.196350     3.849504
    0.294524     3.746046
    0.392699     3.647323
    0.490874     3.564650
    0.589049     3.497818
    0.687223     3.441766
    0.785398     3.391587
    0.883573     3.344542
    0.981748     3.299799
    1.079923     3.257593
    1.178097     3.218576
    1.276272     3.183219
    1.374447     3.151363
    1.472622     3.122256
    1.570796     3.094933
    1.668971     3.068515
    1.767146     3.042440
    1.865321     3.016769
    1.963495     2.992331
    2.061670     2.970446
    2.159845     2.952319
    2.258020     2.938530
    2.356194     2.928855
    2.454369     2.922430
    2.552544     2.918034
    2.650719     2.914416
    2.748894     2.910692
    2.847068     2.906724
    2.945243     2.903082
    3.043418     2.900542
    3.141593     2.899639
