# r flatness
    0.098175     3.517658
    0.196350     3.442741
    0.294524     3.344337
    0.392699     3.245148
    0.490874     3.158849
    0.589049     3.090039
    0.687223     3.038271
    0.785398     3.001282
    0.883573     2.976274
    0.981748     2.960234
    1.079923     2.950268
    1.178097     2.944088
    1.276272     2.940312
    1.374447     2.938324
    1.472622     2.937859
    1.570796     2.938732
    1.668971     2.940902
    1.767146     2.944643
    1.865321     2.950454
    1.963495     2.958664
    2.061670     2.969047
    2.159845     2.980736
    2.258020     2.992457
    2.356194     3.002835
    2.454369     3.010598
    2.552544     3.014863
    2.650719     3.015518
    2.748894     3.013307
    2.847068     3.009517
    2.945243     3.005549
    3.043418     3.002611
    3.141593     3.001534
