# r flatness
    0.098175     3.716461
    0.196350     3.620016
    0.294524     3.498128
    0.392699     3.379988
    0.490874     3.279548
    0.589049     3.198779
    0.687223     3.134907
    0.785398     3.085060
    0.883573     3.047258
    0.981748     3.019485
    1.079923     2.999097
    1.178097     2.983109
    1.276272     2.968805
    1.374447     2.954242
    1.472622     2.938423
    1.570796     2.921060
    1.668971     2.902242
    1.767146     2.882365
    1.865321     2.862221
    1.963495     2.842911
    2.061670     2.825548
    2.159845     2.811011
    2.258020     2.799906
    2.356194     2.792644
    2.454369     2.789426
    2.552544     2.790024
    2.650719     2.793536
    2.748894     2.798455
    2.847068     2.803187
    2.945243     2.806684
    3.043418     2.808657
    3.141593     2.809271
