# r flatness
    0.098175     3.570133
    0.196350     3.492715
    0.294524     3.394269
    0.392699     3.299571
    0.490874     3.221344
    0.589049     3.161193
    0.687223     3.115457
    0.785398     3.079669
    0.883573     3.050311
    0.981748     3.025117
    1.079923     3.002961
    1.178097     2.983626
    1.276272     2.967377
    1.374447     2.954393
    1.472622     2.944353
    1.570796     2.936384
    1.668971     2.929389
    1.767146     2.922434
    1.865321     2.914958
    1.963495     2.906901
    2.061670     2.898763
    2.159845     2.891464
    2.258020     2.885946
    2.356194     2.882762
    2.454369     2.881812
    2.552544     2.882348
    2.650719     2.883317
    2.748894     2.883907
    2.847068     2.883911
    2.945243     2.883589
    3.043418     2.883275
    3.141593     2.883156
