# r flatness
    0.098175     3.751710
    0.196350     3.659845
    0.294524     3.540737
    0.392699     3.422172
    0.490874     3.318864
    0.589049     3.233437
    0.687223     3.163371
    0.785398     3.105669
    0.883573     3.057711
    0.981748     3.017026
    1.079923     2.981511
    1.178097     2.949852
    1.276272     2.921644
    1.374447     2.897143
    1.472622     2.876870
    1.570796     2.861228
    1.668971     2.850209
    1.767146     2.843328
    1.865321     2.839739
    1.963495     2.838280
    2.061670     2.837450
    2.159845     2.835655
    2.258020     2.831806
    2.356194     2.825867
    2.454369     2.818816
    2.552544     2.811976
    2.650719     2.806249
    2.748894     2.801866
    2.847068     2.798686
    2.945243     2.796550
    3.043418     2.795348
    3.141593     2.794967
