# r flatness
    0.098175     3.767806
    0.196350     3.687746
    0.294524     3.580581
    0.392699     3.467873
    0.490874     3.362297
    0.589049     3.268571
    0.687223     3.187711
    0.785398     3.119790
    0.883573     3.064263
    0.981748     3.019634
    1.079923     2.983743
    1.178097     2.954388
    1.276272     2.929744
    1.374447     2.908579
    1.472622     2.890504
    1.570796     2.876059
    1.668971     2.866230
    1.767146     2.861491
    1.865321     2.861168
    1.963495     2.863594
    2.061670     2.866702
    2.159845     2.868549
    2.258020     2.867817
    2.356194     2.864289
    2.454369     2.858869
    2.552544     2.853018
    2.650719     2.848089
    2.748894     2.844978
    2.847068     2.843969
    2.945243     2.844623
    3.043418     2.845856
    3.141593     2.846450
