# r flatness
    0.098175     3.811372
    0.196350     3.726414
    0.294524     3.611761
    0.392699     3.491747
    0.490874     3.381976
    0.589049     3.287741
    0.687223     3.207865
    0.785398     3.139302
    0.883573     3.079751
    0.981748     3.028273
    1.079923     2.984871
    1.178097     2.949695
    1.276272     2.922357
    1.374447     2.901696
    1.472622     2.885978
    1.570796     2.873446
    1.668971     2.862898
    1.767146     2.853860
    1.865321     2.846348
    1.963495     2.840677
    2.061670     2.837461
    2.159845     2.837502
    2.258020     2.841419
    2.356194     2.849313
    2.454369     2.860646
    2.552544     2.874304
    2.650719     2.888759
    2.748894     2.902439
    2.847068     2.914096
    2.945243     2.922929
    3.043418     2.928445
    3.141593     2.930324
