# r flatness
    0.098175     3.550770
    0.196350     3.464109
    0.294524     3.358685
    0.392699     3.265321
    0.490874     3.198180
    0.589049     3.156584
    0.687223     3.133821
    0.785398     3.123125
    0.883573     3.119001
    0.981748     3.116985
    1.079923     3.113816
    1.178097     3.107654
    1.276272     3.097794
    1.374447     3.084123
    1.472622     3.066763
    1.570796     3.046016
    1.668971     3.022392
    1.767146     2.996489
    1.865321     2.968935
    1.963495     2.940623
    2.061670     2.913041
    2.159845     2.888150
    2.258020     2.867816
    2.356194     2.853293
    2.454369     2.845068
    2.552544     2.842851
    2.650719     2.845588
    2.748894     2.851614
    2.847068     2.858990
    2.945243     2.865869
    3.043418     2.870717
    3.141593     2.872466
