# r flatness
    0.098175     3.846287
    0.196350     3.748886
    0.294524     3.619450
    0.392699     3.486934
    0.490874     3.368786
    0.589049     3.270114
    0.687223     3.189353
    0.785398     3.123216
    0.883573     3.068770
    0.981748     3.024090
    1.079923     2.988280
    1.178097     2.960815
    1.276272     2.940785
    1.374447     2.926761
    1.472622     2.917156
    1.570796     2.910490
    1.668971     2.905490
    1.767146     2.901220
    1.865321     2.897266
    1.963495     2.893755
    2.061670     2.891174
    2.159845     2.890141
    2.258020     2.891129
    2.356194     2.894164
    2.454369     2.898705
    2.552544     2.903907
    2.650719     2.909076
    2.748894     2.913887
    2.847068     2.918193
    2.945243     2.921732
    3.043418     2.924097
    3.141593     2.924932
