# r flatness
    0.098175     3.407948
    0.196350     3.355366
    0.294524     3.291276
    0.392699     3.233815
    0.490874     3.190791
    0.589049     3.160815
    0.687223     3.138572
    0.785398     3.119100
    0.883573     3.099415
    0.981748     3.078257
    1.079923     3.055360
    1.178097     3.031063
    1.276272     3.006200
    1.374447     2.981915
    1.472622     2.959298
    1.570796     2.939021
    1.668971     2.921136
    1.767146     2.905137
    1.865321     2.890302
    1.963495     2.876142
    2.061670     2.862635
    2.159845     2.850065
    2.258020     2.838665
    2.356194     2.828444
    2.454369     2.819248
    2.552544     2.810918
    2.650719     2.803393
    2.748894     2.796734
    2.847068     2.791098
    2.945243     2.786737
    3.043418     2.783954
    3.141593     2.782994
