# r flatness
    0.098175     3.837593
    0.196350     3.748360
    0.294524     3.632123
    0.392699     3.514264
    0.490874     3.408123
    0.589049     3.317503
    0.687223     3.242145
    0.785398     3.180608
    0.883573     3.130876
    0.981748     3.090666
    1.079923     3.058125
    1.178097     3.032262
    1.276272     3.012597
    1.374447     2.998435
    1.472622     2.988460
    1.570796     2.980897
    1.668971     2.973873
    1.767146     2.965719
    1.865321     2.955202
    1.963495     2.941695
    2.061670     2.925253
    2.159845     2.906579
    2.258020     2.886777
    2.356194     2.866959
    2.454369     2.848003
    2.552544     2.830696
    2.650719     2.816025
    2.748894     2.805035
    2.847068     2.798199
    2.945243     2.794966
    3.043418     2.793980
    3.141593     2.793848
