# r flatness
    0.098175     3.867233
    0.196350     3.750682
    0.294524     3.595616
    0.392699     3.436667
    0.490874     3.295346
    0.589049     3.178981
    0.687223     3.087079
    0.785398     3.016989
    0.883573     2.965829
    0.981748     2.930411
    1.079923     2.907209
    1.178097     2.892712
    1.276272     2.883813
    1.374447     2.878062
    1.472622     2.873842
    1.570796     2.870376
    1.668971     2.867392
    1.767146     2.864682
    1.865321     2.861896
    1.963495     2.858545
    2.061670     2.854192
    2.159845     2.848744
    2.258020     2.842524
    2.356194     2.835907
    2.454369     2.828852
    2.552544     2.820813
    2.650719     2.811159
    2.748894     2.799775
    2.847068     2.787498
    2.945243     2.776143
    3.043418     2.768023
    3.141593     2.765067
