# r flatness
    0.098175     3.802217
    0.196350     3.718687
    0.294524     3.608407
    0.392699     3.496321
    0.490874     3.397373
    0.589049     3.316190
    0.687223     3.251842
    0.785398     3.201936
    0.883573     3.164024
    0.981748     3.135398
    1.079923     3.112885
    1.178097     3.093193
    1.276272     3.073551
    1.374447     3.052197
    1.472622     3.028519
    1.570796     3.002915
    1.668971     2.976494
    1.767146     2.950717
    1.865321     2.927039
    1.963495     2.906649
    2.061670     2.890415
    2.159845     2.878882
    2.258020     2.872241
    2.356194     2.870326
    2.454369     2.872691
    2.552544     2.878685
    2.650719     2.887472
    2.748894     2.897899
    2.847068     2.908369
    2.945243     2.917111
    3.043418     2.922770
    3.141593     2.924704
