# r flatness
    0.049087     3.795171
    0.098175     3.763186
    0.147262     3.714829
    0.196350     3.655822
    0.245437     3.591726
    0.294524     3.526996
    0.343612     3.464663
    0.392699     3.406463
    0.441786     3.353149
    0.490874     3.304811
    0.539961     3.261148
    0.589049     3.221680
    0.638136     3.185876
    0.687223     3.153242
    0.736311     3.123352
    0.785398     3.095860
    0.834486     3.070477
    0.883573     3.046964
    0.932660     3.025110
    0.981748     3.004720
    1.030835     2.985621
    1.079923     2.967654
    1.129010     2.950682
    1.178097     2.934587
    1.227185     2.919272
    1.276272     2.904653
    1.325359     2.890659
    1.374447     2.877228
    1.423534     2.864305
    1.472622     2.851844
    1.521709     2.839808
    1.570796     2.828170
    1.619884     2.816911
    1.668971     2.806023
    1.718059     2.795505
    1.767146     2.785362
    1.816233     2.775604
    1.865321     2.766238
    1.914408     2.757264
    1.963495     2.748673
    2.012583     2.740440
    2.061670     2.732520
    2.110758     2.724856
    2.159845     2.717381
    2.208932     2.710025
    2.258020     2.702729
    2.307107     2.695452
    2.356194     2.688174
    2.405282     2.680897
    2.454369     2.673644
    2.503457     2.666460
    2.552544     2.659398
    2.601631     2.652524
    2.650719     2.645913
    2.699806     2.639643
    2.748894     2.633798
    2.797981     2.628462
    2.847068     2.623709
    2.896156     2.619608
    2.945243     2.616210
    2.994331     2.613549
    3.043418     2.611643
    3.092505     2.610499
    3.141593     2.610119
