# r flatness
    0.049087     3.749281
    0.098175     3.719723
    0.147262     3.674584
    0.196350     3.618745
    0.245437     3.557120
    0.294524     3.493843
    0.343612     3.431920
    0.392699     3.373259
    0.441786     3.318881
    0.490874     3.269182
    0.539961     3.224157
    0.589049     3.183572
    0.638136     3.147081
    0.687223     3.114298
    0.736311     3.084824
    0.785398     3.058280
    0.834486     3.034302
    0.883573     3.012553
    0.932660     2.992725
    0.981748     2.974547
    1.030835     2.957785
    1.079923     2.942245
    1.129010     2.927775
    1.178097     2.914264
    1.227185     2.901647
    1.276272     2.889899
    1.325359     2.879041
    1.374447     2.869123
    1.423534     2.860223
    1.472622     2.852426
    1.521709     2.845813
    1.570796     2.840438
    1.619884     2.836328
    1.668971     2.833467
    1.718059     2.831804
    1.767146     2.831257
    1.816233     2.831719
    1.865321     2.833076
    1.914408     2.835210
    1.963495     2.838004
    2.012583     2.841352
    2.061670     2.845152
    2.110758     2.849315
    2.159845     2.853761
    2.208932     2.858415
    2.258020     2.863206
    2.307107     2.868060
    2.356194     2.872897
    2.405282     2.877626
    2.454369     2.882148
    2.503457     2.886352
    2.552544     2.890133
    2.601631     2.893392
    2.650719     2.896051
    2.699806     2.898061
    2.748894     2.899414
    2.797981     2.900141
    2.847068     2.900321
    2.896156     2.900070
    2.945243     2.899538
    2.994331     2.898890
    3.043418     2.898286
    3.092505     2.897865
    3.141593     2.897713
