# r flatness
    0.049087     3.556248
    0.098175     3.527086
    0.147262     3.483392
    0.196350     3.430772
    0.245437     3.374592
    0.294524     3.319082
    0.343612     3.267069
    0.392699     3.220144
    0.441786     3.178975
    0.490874     3.143607
    0.539961     3.113702
    0.589049     3.088691
    0.638136     3.067895
    0.687223     3.050596
    0.736311     3.036082
    0.785398     3.023685
    0.834486     3.012801
    0.883573     3.002908
    0.932660     2.993568
    0.981748     2.984442
    1.030835     2.975279
    1.079923     2.965917
    1.129010     2.956269
    1.178097     2.946311
    1.227185     2.936071
    1.276272     2.925618
    1.325359     2.915047
    1.374447     2.904469
    1.423534     2.894002
    1.472622     2.883754
    1.521709     2.873821
    1.570796     2.864271
    1.619884     2.855148
    1.668971     2.846465
    1.718059     2.838210
    1.767146     2.830346
    1.816233     2.822827
    1.865321     2.815601
    1.914408     2.808620
    1.963495     2.801848
    2.012583     2.795259
    2.061670     2.788841
    2.110758     2.782587
    2.159845     2.776498
    2.208932     2.770576
    2.258020     2.764822
    2.307107     2.759234
    2.356194     2.753806
    2.405282     2.748528
    2.454369     2.743389
    2.503457     2.738385
    2.552544     2.733516
    2.601631     2.728793
    2.650719     2.724242
    2.699806     2.719902
    2.748894     2.715825
    2.797981     2.712072
    2.847068     2.708703
    2.896156     2.705774
    2.945243     2.703327
    2.994331     2.701396
    3.043418     2.700002
    3.092505     2.699160
    3.141593     2.698879
