# r flatness
    0.049087     3.902017
    0.098175     3.865575
    0.147262     3.810481
    0.196350     3.743244
    0.245437     3.670227
    0.294524     3.596617
    0.343612     3.526101
    0.392699     3.460997
    0.441786     3.402541
    0.490874     3.351187
    0.539961     3.306853
    0.589049     3.269119
    0.638136     3.237370
    0.687223     3.210904
    0.736311     3.188997
    0.785398     3.170955
    0.834486     3.156137
    0.883573     3.143978
    0.932660     3.133996
    0.981748     3.125792
    1.030835     3.119059
    1.079923     3.113560
    1.129010     3.109124
    1.178097     3.105621
    1.227185     3.102939
    1.276272     3.100975
    1.325359     3.099619
    1.374447     3.098750
    1.423534     3.098239
    1.472622     3.097952
    1.521709     3.097755
    1.570796     3.097526
    1.619884     3.097167
    1.668971     3.096608
    1.718059     3.095823
    1.767146     3.094819
    1.816233     3.093634
    1.865321     3.092325
    1.914408     3.090955
    1.963495     3.089579
    2.012583     3.088242
    2.061670     3.086978
    2.110758     3.085812
    2.159845     3.084764
    2.208932     3.083855
    2.258020     3.083101
    2.307107     3.082525
    2.356194     3.082139
    2.405282     3.081959
    2.454369     3.081991
    2.503457     3.082240
    2.552544     3.082709
    2.601631     3.083398
    2.650719     3.084302
    2.699806     3.085413
    2.748894     3.086709
    2.797981     3.088156
    2.847068     3.089696
    2.896156     3.091256
    2.945243     3.092741
    2.994331     3.094048
    3.043418     3.095073
    3.092505     3.095727
    3.141593     3.095953
