# r flatness
    0.049087     3.876548
    0.098175     3.839653
    0.147262     3.784061
    0.196350     3.716525
    0.245437     3.643515
    0.294524     3.570078
    0.343612     3.499515
    0.392699     3.433620
    0.441786     3.373131
    0.490874     3.318144
    0.539961     3.268441
    0.589049     3.223674
    0.638136     3.183473
    0.687223     3.147488
    0.736311     3.115393
    0.785398     3.086885
    0.834486     3.061665
    0.883573     3.039438
    0.932660     3.019917
    0.981748     3.002829
    1.030835     2.987923
    1.079923     2.974975
    1.129010     2.963787
    1.178097     2.954180
    1.227185     2.945991
    1.276272     2.939067
    1.325359     2.933263
    1.374447     2.928437
    1.423534     2.924452
    1.472622     2.921178
    1.521709     2.918496
    1.570796     2.916292
    1.619884     2.914471
    1.668971     2.912949
    1.718059     2.911657
    1.767146     2.910544
    1.816233     2.909567
    1.865321     2.908685
    1.914408     2.907863
    1.963495     2.907050
    2.012583     2.906189
    2.061670     2.905208
    2.110758     2.904023
    2.159845     2.902550
    2.208932     2.900702
    2.258020     2.898413
    2.307107     2.895637
    2.356194     2.892365
    2.405282     2.888627
    2.454369     2.884503
    2.503457     2.880113
    2.552544     2.875607
    2.601631     2.871157
    2.650719     2.866928
    2.699806     2.863070
    2.748894     2.859693
    2.797981     2.856868
    2.847068     2.854612
    2.896156     2.852901
    2.945243     2.851674
    2.994331     2.850848
    3.043418     2.850337
    3.092505     2.850064
    3.141593     2.849979
