# r flatness
    0.049087     3.857815
    0.098175     3.824619
    0.147262     3.774807
    0.196350     3.714508
    0.245437     3.649421
    0.294524     3.583933
    0.343612     3.520991
    0.392699     3.462372
    0.441786     3.408998
    0.490874     3.361205
    0.539961     3.318927
    0.589049     3.281838
    0.638136     3.249462
    0.687223     3.221251
    0.736311     3.196637
    0.785398     3.175060
    0.834486     3.155991
    0.883573     3.138940
    0.932660     3.123472
    0.981748     3.109219
    1.030835     3.095886
    1.079923     3.083249
    1.129010     3.071149
    1.178097     3.059469
    1.227185     3.048126
    1.276272     3.037054
    1.325359     3.026197
    1.374447     3.015517
    1.423534     3.004986
    1.472622     2.994598
    1.521709     2.984364
    1.570796     2.974310
    1.619884     2.964473
    1.668971     2.954890
    1.718059     2.945595
    1.767146     2.936610
    1.816233     2.927941
    1.865321     2.919574
    1.914408     2.911472
    1.963495     2.903584
    2.012583     2.895840
    2.061670     2.888166
    2.110758     2.880483
    2.159845     2.872722
    2.208932     2.864827
    2.258020     2.856765
    2.307107     2.848524
    2.356194     2.840117
    2.405282     2.831582
    2.454369     2.822969
    2.503457     2.814349
    2.552544     2.805799
    2.601631     2.797406
    2.650719     2.789263
    2.699806     2.781466
    2.748894     2.774118
    2.797981     2.767321
    2.847068     2.761178
    2.896156     2.755785
    2.945243     2.751232
    2.994331     2.747601
    3.043418     2.744955
    3.092505     2.743347
    3.141593     2.742807
