# r flatness
    0.049087     3.721976
    0.098175     3.685272
    0.147262     3.629884
    0.196350     3.562445
    0.245437     3.489348
    0.294524     3.415668
    0.343612     3.344880
    0.392699     3.279079
    0.441786     3.219365
    0.490874     3.166190
    0.539961     3.119582
    0.589049     3.079297
    0.638136     3.044914
    0.687223     3.015891
    0.736311     2.991632
    0.785398     2.971527
    0.834486     2.954998
    0.883573     2.941523
    0.932660     2.930657
    0.981748     2.922032
    1.030835     2.915355
    1.079923     2.910389
    1.129010     2.906932
    1.178097     2.904802
    1.227185     2.903816
    1.276272     2.903796
    1.325359     2.904561
    1.374447     2.905946
    1.423534     2.907809
    1.472622     2.910043
    1.521709     2.912570
    1.570796     2.915346
    1.619884     2.918340
    1.668971     2.921528
    1.718059     2.924874
    1.767146     2.928334
    1.816233     2.931847
    1.865321     2.935346
    1.914408     2.938763
    1.963495     2.942034
    2.012583     2.945108
    2.061670     2.947940
    2.110758     2.950494
    2.159845     2.952747
    2.208932     2.954684
    2.258020     2.956305
    2.307107     2.957629
    2.356194     2.958692
    2.405282     2.959543
    2.454369     2.960244
    2.503457     2.960858
    2.552544     2.961441
    2.601631     2.962034
    2.650719     2.962662
    2.699806     2.963331
    2.748894     2.964033
    2.797981     2.964750
    2.847068     2.965455
    2.896156     2.966120
    2.945243     2.966716
    2.994331     2.967214
    3.043418     2.967591
    3.092505     2.967826
    3.141593     2.967906
