# r flatness
    0.049087     3.927829
    0.098175     3.892368
    0.147262     3.838811
    0.196350     3.773572
    0.245437     3.702908
    0.294524     3.631843
    0.343612     3.563820
    0.392699     3.500850
    0.441786     3.443867
    0.490874     3.393083
    0.539961     3.348267
    0.589049     3.308945
    0.638136     3.274526
    0.687223     3.244375
    0.736311     3.217875
    0.785398     3.194457
    0.834486     3.173623
    0.883573     3.154964
    0.932660     3.138155
    0.981748     3.122952
    1.030835     3.109177
    1.079923     3.096705
    1.129010     3.085451
    1.178097     3.075345
    1.227185     3.066329
    1.276272     3.058339
    1.325359     3.051296
    1.374447     3.045098
    1.423534     3.039624
    1.472622     3.034733
    1.521709     3.030268
    1.570796     3.026073
    1.619884     3.021985
    1.668971     3.017859
    1.718059     3.013561
    1.767146     3.008986
    1.816233     3.004052
    1.865321     2.998705
    1.914408     2.992923
    1.963495     2.986707
    2.012583     2.980083
    2.061670     2.973095
    2.110758     2.965799
    2.159845     2.958264
    2.208932     2.950569
    2.258020     2.942803
    2.307107     2.935062
    2.356194     2.927451
    2.405282     2.920077
    2.454369     2.913050
    2.503457     2.906475
    2.552544     2.900455
    2.601631     2.895074
    2.650719     2.890396
    2.699806     2.886457
    2.748894     2.883255
    2.797981     2.880753
    2.847068     2.878882
    2.896156     2.877550
    2.945243     2.876653
    2.994331     2.876086
    3.043418     2.875756
    3.092505     2.875589
    3.141593     2.875539
