# r flatness
    0.049087     3.862876
    0.098175     3.829098
    0.147262     3.777849
    0.196350     3.715016
    0.245437     3.646411
    0.294524     3.576791
    0.343612     3.509505
    0.392699     3.446580
    0.441786     3.389010
    0.490874     3.337077
    0.539961     3.290609
    0.589049     3.249178
    0.638136     3.212242
    0.687223     3.179232
    0.736311     3.149603
    0.785398     3.122879
    0.834486     3.098661
    0.883573     3.076639
    0.932660     3.056583
    0.981748     3.038335
    1.030835     3.021785
    1.079923     3.006859
    1.129010     2.993492
    1.178097     2.981617
    1.227185     2.971148
    1.276272     2.961978
    1.325359     2.953974
    1.374447     2.946989
    1.423534     2.940867
    1.472622     2.935448
    1.521709     2.930573
    1.570796     2.926085
    1.619884     2.921822
    1.668971     2.917628
    1.718059     2.913352
    1.767146     2.908863
    1.816233     2.904056
    1.865321     2.898866
    1.914408     2.893271
    1.963495     2.887292
    2.012583     2.880990
    2.061670     2.874461
    2.110758     2.867822
    2.159845     2.861197
    2.208932     2.854709
    2.258020     2.848458
    2.307107     2.842526
    2.356194     2.836968
    2.405282     2.831819
    2.454369     2.827095
    2.503457     2.822803
    2.552544     2.818944
    2.601631     2.815513
    2.650719     2.812501
    2.699806     2.809895
    2.748894     2.807678
    2.797981     2.805820
    2.847068     2.804292
    2.896156     2.803059
    2.945243     2.802088
    2.994331     2.801356
    3.043418     2.800842
    3.092505     2.800537
    3.141593     2.800436
