# r flatness
    0.049087     3.875654
    0.098175     3.842927
    0.147262     3.793846
    0.196350     3.734523
    0.245437     3.670625
    0.294524     3.606395
    0.343612     3.544493
    0.392699     3.486318
    0.441786     3.432440
    0.490874     3.382959
    0.539961     3.337724
    0.589049     3.296456
    0.638136     3.258815
    0.687223     3.224437
    0.736311     3.192961
    0.785398     3.164063
    0.834486     3.137464
    0.883573     3.112948
    0.932660     3.090358
    0.981748     3.069575
    1.030835     3.050503
    1.079923     3.033047
    1.129010     3.017096
    1.178097     3.002523
    1.227185     2.989182
    1.276272     2.976917
    1.325359     2.965572
    1.374447     2.954993
    1.423534     2.945051
    1.472622     2.935633
    1.521709     2.926649
    1.570796     2.918030
    1.619884     2.909722
    1.668971     2.901682
    1.718059     2.893864
    1.767146     2.886219
    1.816233     2.878686
    1.865321     2.871188
    1.914408     2.863644
    1.963495     2.855964
    2.012583     2.848066
    2.061670     2.839876
    2.110758     2.831341
    2.159845     2.822427
    2.208932     2.813121
    2.258020     2.803436
    2.307107     2.793398
    2.356194     2.783052
    2.405282     2.772457
    2.454369     2.761685
    2.503457     2.750821
    2.552544     2.739960
    2.601631     2.729207
    2.650719     2.718674
    2.699806     2.708483
    2.748894     2.698765
    2.797981     2.689658
    2.847068     2.681317
    2.896156     2.673897
    2.945243     2.667557
    2.994331     2.662447
    3.043418     2.658696
    3.092505     2.656403
    3.141593     2.655632
