# r flatness
    0.049087     3.764714
    0.098175     3.730930
    0.147262     3.680150
    0.196350     3.618598
    0.245437     3.552107
    0.294524     3.485111
    0.343612     3.420465
    0.392699     3.359753
    0.441786     3.303709
    0.490874     3.252566
    0.539961     3.206258
    0.589049     3.164546
    0.638136     3.127083
    0.687223     3.093467
    0.736311     3.063283
    0.785398     3.036130
    0.834486     3.011643
    0.883573     2.989494
    0.932660     2.969386
    0.981748     2.951059
    1.030835     2.934275
    1.079923     2.918831
    1.129010     2.904557
    1.178097     2.891323
    1.227185     2.879034
    1.276272     2.867631
    1.325359     2.857080
    1.374447     2.847356
    1.423534     2.838430
    1.472622     2.830256
    1.521709     2.822763
    1.570796     2.815860
    1.619884     2.809441
    1.668971     2.803404
    1.718059     2.797661
    1.767146     2.792150
    1.816233     2.786839
    1.865321     2.781725
    1.914408     2.776828
    1.963495     2.772185
    2.012583     2.767840
    2.061670     2.763847
    2.110758     2.760261
    2.159845     2.757139
    2.208932     2.754538
    2.258020     2.752508
    2.307107     2.751087
    2.356194     2.750296
    2.405282     2.750131
    2.454369     2.750564
    2.503457     2.751550
    2.552544     2.753023
    2.601631     2.754907
    2.650719     2.757114
    2.699806     2.759545
    2.748894     2.762096
    2.797981     2.764659
    2.847068     2.767125
    2.896156     2.769395
    2.945243     2.771376
    2.994331     2.772994
    3.043418     2.774191
    3.092505     2.774926
    3.141593     2.775173
