# r flatness
    0.049087     3.618013
    0.098175     3.590755
    0.147262     3.549874
    0.196350     3.500524
    0.245437     3.447592
    0.294524     3.394842
    0.343612     3.344708
    0.392699     3.298494
    0.441786     3.256713
    0.490874     3.219403
    0.539961     3.186347
    0.589049     3.157219
    0.638136     3.131655
    0.687223     3.109305
    0.736311     3.089838
    0.785398     3.072950
    0.834486     3.058347
    0.883573     3.045736
    0.932660     3.034830
    0.981748     3.025346
    1.030835     3.017015
    1.079923     3.009599
    1.129010     3.002895
    1.178097     2.996744
    1.227185     2.991035
    1.276272     2.985688
    1.325359     2.980643
    1.374447     2.975849
    1.423534     2.971249
    1.472622     2.966770
    1.521709     2.962325
    1.570796     2.957815
    1.619884     2.953140
    1.668971     2.948206
    1.718059     2.942925
    1.767146     2.937223
    1.816233     2.931037
    1.865321     2.924316
    1.914408     2.917018
    1.963495     2.909118
    2.012583     2.900609
    2.061670     2.891510
    2.110758     2.881867
    2.159845     2.871755
    2.208932     2.861273
    2.258020     2.850539
    2.307107     2.839688
    2.356194     2.828859
    2.405282     2.818198
    2.454369     2.807851
    2.503457     2.797954
    2.552544     2.788629
    2.601631     2.779977
    2.650719     2.772069
    2.699806     2.764947
    2.748894     2.758627
    2.797981     2.753102
    2.847068     2.748355
    2.896156     2.744364
    2.945243     2.741111
    2.994331     2.738583
    3.043418     2.736775
    3.092505     2.735689
    3.141593     2.735327
