# r flatness
    0.049087     3.967413
    0.098175     3.931980
    0.147262     3.878312
    0.196350     3.812615
    0.245437     3.740914
    0.294524     3.668044
    0.343612     3.597332
    0.392699     3.530748
    0.441786     3.469239
    0.490874     3.413053
    0.539961     3.362028
    0.589049     3.315786
    0.638136     3.273881
    0.687223     3.235886
    0.736311     3.201442
    0.785398     3.170276
    0.834486     3.142191
    0.883573     3.117031
    0.932660     3.094657
    0.981748     3.074916
    1.030835     3.057640
    1.079923     3.042641
    1.129010     3.029728
    1.178097     3.018715
    1.227185     3.009424
    1.276272     3.001695
    1.325359     2.995380
    1.374447     2.990348
    1.423534     2.986487
    1.472622     2.983705
    1.521709     2.981919
    1.570796     2.981057
    1.619884     2.981039
    1.668971     2.981771
    1.718059     2.983143
    1.767146     2.985019
    1.816233     2.987254
    1.865321     2.989690
    1.914408     2.992168
    1.963495     2.994540
    2.012583     2.996666
    2.061670     2.998422
    2.110758     2.999705
    2.159845     3.000430
    2.208932     3.000540
    2.258020     3.000004
    2.307107     2.998826
    2.356194     2.997046
    2.405282     2.994737
    2.454369     2.992005
    2.503457     2.988978
    2.552544     2.985795
    2.601631     2.982599
    2.650719     2.979518
    2.699806     2.976660
    2.748894     2.974103
    2.797981     2.971892
    2.847068     2.970042
    2.896156     2.968539
    2.945243     2.967362
    2.994331     2.966478
    3.043418     2.965864
    3.092505     2.965502
    3.141593     2.965383
