# r flatness
    0.049087     3.673677
    0.098175     3.644871
    0.147262     3.601598
    0.196350     3.549189
    0.245437     3.492661
    0.294524     3.435878
    0.343612     3.381388
    0.392699     3.330643
    0.441786     3.284322
    0.490874     3.242601
    0.539961     3.205355
    0.589049     3.172287
    0.638136     3.143019
    0.687223     3.117147
    0.736311     3.094274
    0.785398     3.074027
    0.834486     3.056065
    0.883573     3.040091
    0.932660     3.025851
    0.981748     3.013138
    1.030835     3.001796
    1.079923     2.991707
    1.129010     2.982793
    1.178097     2.974996
    1.227185     2.968276
    1.276272     2.962591
    1.325359     2.957894
    1.374447     2.954125
    1.423534     2.951211
    1.472622     2.949065
    1.521709     2.947594
    1.570796     2.946699
    1.619884     2.946277
    1.668971     2.946217
    1.718059     2.946405
    1.767146     2.946723
    1.816233     2.947049
    1.865321     2.947268
    1.914408     2.947266
    1.963495     2.946941
    2.012583     2.946194
    2.061670     2.944936
    2.110758     2.943087
    2.159845     2.940573
    2.208932     2.937332
    2.258020     2.933315
    2.307107     2.928487
    2.356194     2.922836
    2.405282     2.916376
    2.454369     2.909154
    2.503457     2.901246
    2.552544     2.892764
    2.601631     2.883853
    2.650719     2.874685
    2.699806     2.865458
    2.748894     2.856384
    2.797981     2.847688
    2.847068     2.839596
    2.896156     2.832324
    2.945243     2.826072
    2.994331     2.821014
    3.043418     2.817295
    3.092505     2.815020
    3.141593     2.814254
