# r flatness
    0.049087     3.901835
    0.098175     3.855600
    0.147262     3.786559
    0.196350     3.703759
    0.245437     3.615750
    0.294524     3.529140
    0.343612     3.448290
    0.392699     3.375633
    0.441786     3.312193
    0.490874     3.258044
    0.539961     3.212667
    0.589049     3.175205
    0.638136     3.144653
    0.687223     3.119978
    0.736311     3.100198
    0.785398     3.084432
    0.834486     3.071918
    0.883573     3.062011
    0.932660     3.054163
    0.981748     3.047907
    1.030835     3.042838
    1.079923     3.038612
    1.129010     3.034944
    1.178097     3.031614
    1.227185     3.028474
    1.276272     3.025440
    1.325359     3.022482
    1.374447     3.019597
    1.423534     3.016786
    1.472622     3.014035
    1.521709     3.011305
    1.570796     3.008520
    1.619884     3.005585
    1.668971     3.002393
    1.718059     2.998840
    1.767146     2.994853
    1.816233     2.990391
    1.865321     2.985461
    1.914408     2.980113
    1.963495     2.974432
    2.012583     2.968538
    2.061670     2.962570
    2.110758     2.956677
    2.159845     2.951012
    2.208932     2.945721
    2.258020     2.940933
    2.307107     2.936754
    2.356194     2.933264
    2.405282     2.930515
    2.454369     2.928529
    2.503457     2.927299
    2.552544     2.926794
    2.601631     2.926960
    2.650719     2.927721
    2.699806     2.928980
    2.748894     2.930628
    2.797981     2.932536
    2.847068     2.934572
    2.896156     2.936594
    2.945243     2.938469
    2.994331     2.940070
    3.043418     2.941295
    3.092505     2.942063
    3.141593     2.942324
