# r flatness
    0.049087     3.823760
    0.098175     3.794162
    0.147262     3.749463
    0.196350     3.695026
    0.245437     3.636083
    0.294524     3.576815
    0.343612     3.520065
    0.392699     3.467465
    0.441786     3.419745
    0.490874     3.377036
    0.539961     3.339095
    0.589049     3.305469
    0.638136     3.275598
    0.687223     3.248890
    0.736311     3.224771
    0.785398     3.202712
    0.834486     3.182244
    0.883573     3.162966
    0.932660     3.144546
    0.981748     3.126723
    1.030835     3.109304
    1.079923     3.092169
    1.129010     3.075255
    1.178097     3.058556
    1.227185     3.042114
    1.276272     3.026006
    1.325359     3.010334
    1.374447     2.995219
    1.423534     2.980788
    1.472622     2.967165
    1.521709     2.954461
    1.570796     2.942769
    1.619884     2.932158
    1.668971     2.922666
    1.718059     2.914308
    1.767146     2.907065
    1.816233     2.900895
    1.865321     2.895733
    1.914408     2.891489
    1.963495     2.888062
    2.012583     2.885334
    2.061670     2.883181
    2.110758     2.881474
    2.159845     2.880083
    2.208932     2.878888
    2.258020     2.877784
    2.307107     2.876687
    2.356194     2.875542
    2.405282     2.874318
    2.454369     2.873014
    2.503457     2.871643
    2.552544     2.870235
    2.601631     2.868828
    2.650719     2.867458
    2.699806     2.866160
    2.748894     2.864964
    2.797981     2.863892
    2.847068     2.862956
    2.896156     2.862166
    2.945243     2.861523
    2.994331     2.861029
    3.043418     2.860678
    3.092505     2.860470
    3.141593     2.860400
