# r flatness
    0.049087     4.087231
    0.098175     4.048422
    0.147262     3.989549
    0.196350     3.917284
    0.245437     3.838097
    0.294524     3.757162
    0.343612     3.678058
    0.392699     3.602970
    0.441786     3.533080
    0.490874     3.468924
    0.539961     3.410635
    0.589049     3.358086
    0.638136     3.310979
    0.687223     3.268908
    0.736311     3.231412
    0.785398     3.198022
    0.834486     3.168289
    0.883573     3.141804
    0.932660     3.118207
    0.981748     3.097179
    1.030835     3.078446
    1.079923     3.061758
    1.129010     3.046877
    1.178097     3.033568
    1.227185     3.021590
    1.276272     3.010695
    1.325359     3.000637
    1.374447     2.991188
    1.423534     2.982143
    1.472622     2.973333
    1.521709     2.964634
    1.570796     2.955967
    1.619884     2.947298
    1.668971     2.938626
    1.718059     2.929972
    1.767146     2.921363
    1.816233     2.912822
    1.865321     2.904358
    1.914408     2.895969
    1.963495     2.887640
    2.012583     2.879354
    2.061670     2.871100
    2.110758     2.862876
    2.159845     2.854692
    2.208932     2.846570
    2.258020     2.838537
    2.307107     2.830624
    2.356194     2.822866
    2.405282     2.815295
    2.454369     2.807944
    2.503457     2.800843
    2.552544     2.794024
    2.601631     2.787516
    2.650719     2.781351
    2.699806     2.775565
    2.748894     2.770200
    2.797981     2.765304
    2.847068     2.760933
    2.896156     2.757142
    2.945243     2.753979
    2.994331     2.751487
    3.043418     2.749691
    3.092505     2.748609
    3.141593     2.748247
