# r flatness
    0.049087     3.781867
    0.098175     3.750300
    0.147262     3.702128
    0.196350     3.642556
    0.245437     3.576757
    0.294524     3.509015
    0.343612     3.442406
    0.392699     3.378899
    0.441786     3.319598
    0.490874     3.265017
    0.539961     3.215289
    0.589049     3.170316
    0.638136     3.129867
    0.687223     3.093636
    0.736311     3.061277
    0.785398     3.032415
    0.834486     3.006664
    0.883573     2.983634
    0.932660     2.962944
    0.981748     2.944241
    1.030835     2.927211
    1.079923     2.911595
    1.129010     2.897186
    1.178097     2.883840
    1.227185     2.871464
    1.276272     2.860015
    1.325359     2.849491
    1.374447     2.839920
    1.423534     2.831346
    1.472622     2.823827
    1.521709     2.817417
    1.570796     2.812174
    1.619884     2.808134
    1.668971     2.805314
    1.718059     2.803689
    1.767146     2.803184
    1.816233     2.803668
    1.865321     2.804962
    1.914408     2.806848
    1.963495     2.809089
    2.012583     2.811450
    2.061670     2.813715
    2.110758     2.815702
    2.159845     2.817270
    2.208932     2.818322
    2.258020     2.818810
    2.307107     2.818728
    2.356194     2.818113
    2.405282     2.817029
    2.454369     2.815565
    2.503457     2.813815
    2.552544     2.811871
    2.601631     2.809813
    2.650719     2.807706
    2.699806     2.805600
    2.748894     2.803536
    2.797981     2.801547
    2.847068     2.799670
    2.896156     2.797944
    2.945243     2.796416
    2.994331     2.795141
    3.043418     2.794175
    3.092505     2.793571
    3.141593     2.793365
