# r flatness
    0.049087     3.848896
    0.098175     3.815817
    0.147262     3.766003
    0.196350     3.705495
    0.245437     3.640071
    0.294524     3.574278
    0.343612     3.511189
    0.392699     3.452586
    0.441786     3.399293
    0.490874     3.351488
    0.539961     3.308945
    0.589049     3.271209
    0.638136     3.237706
    0.687223     3.207834
    0.736311     3.181016
    0.785398     3.156749
    0.834486     3.134633
    0.883573     3.114381
    0.932660     3.095802
    0.981748     3.078770
    1.030835     3.063190
    1.079923     3.048974
    1.129010     3.036018
    1.178097     3.024202
    1.227185     3.013393
    1.276272     3.003458
    1.325359     2.994278
    1.374447     2.985761
    1.423534     2.977847
    1.472622     2.970504
    1.521709     2.963723
    1.570796     2.957509
    1.619884     2.951863
    1.668971     2.946780
    1.718059     2.942244
    1.767146     2.938223
    1.816233     2.934680
    1.865321     2.931565
    1.914408     2.928828
    1.963495     2.926418
    2.012583     2.924285
    2.061670     2.922387
    2.110758     2.920696
    2.159845     2.919193
    2.208932     2.917870
    2.258020     2.916723
    2.307107     2.915757
    2.356194     2.914972
    2.405282     2.914368
    2.454369     2.913939
    2.503457     2.913671
    2.552544     2.913546
    2.601631     2.913535
    2.650719     2.913612
    2.699806     2.913747
    2.748894     2.913914
    2.797981     2.914095
    2.847068     2.914273
    2.896156     2.914440
    2.945243     2.914587
    2.994331     2.914708
    3.043418     2.914799
    3.092505     2.914856
    3.141593     2.914874
