# r flatness
    0.049087     3.753039
    0.098175     3.721288
    0.147262     3.673599
    0.196350     3.615895
    0.245437     3.553794
    0.294524     3.491667
    0.343612     3.432415
    0.392699     3.377674
    0.441786     3.328155
    0.490874     3.283954
    0.539961     3.244784
    0.589049     3.210142
    0.638136     3.179438
    0.687223     3.152070
    0.736311     3.127480
    0.785398     3.105174
    0.834486     3.084728
    0.883573     3.065778
    0.932660     3.048014
    0.981748     3.031176
    1.030835     3.015042
    1.079923     2.999429
    1.129010     2.984200
    1.178097     2.969264
    1.227185     2.954585
    1.276272     2.940185
    1.325359     2.926133
    1.374447     2.912544
    1.423534     2.899559
    1.472622     2.887324
    1.521709     2.875980
    1.570796     2.865650
    1.619884     2.856428
    1.668971     2.848386
    1.718059     2.841564
    1.767146     2.835984
    1.816233     2.831643
    1.865321     2.828524
    1.914408     2.826589
    1.963495     2.825790
    2.012583     2.826067
    2.061670     2.827353
    2.110758     2.829573
    2.159845     2.832645
    2.208932     2.836482
    2.258020     2.840991
    2.307107     2.846069
    2.356194     2.851603
    2.405282     2.857467
    2.454369     2.863525
    2.503457     2.869637
    2.552544     2.875655
    2.601631     2.881439
    2.650719     2.886863
    2.699806     2.891822
    2.748894     2.896237
    2.797981     2.900064
    2.847068     2.903288
    2.896156     2.905921
    2.945243     2.907994
    2.994331     2.909548
    3.043418     2.910623
    3.092505     2.911254
    3.141593     2.911462
