# r flatness
    0.049087     3.851427
    0.098175     3.815690
    0.147262     3.762396
    0.196350     3.698525
    0.245437     3.630546
    0.294524     3.563321
    0.343612     3.499907
    0.392699     3.441868
    0.441786     3.389731
    0.490874     3.343386
    0.539961     3.302386
    0.589049     3.266140
    0.638136     3.234046
    0.687223     3.205572
    0.736311     3.180285
    0.785398     3.157848
    0.834486     3.138000
    0.883573     3.120533
    0.932660     3.105265
    0.981748     3.092032
    1.030835     3.080675
    1.079923     3.071027
    1.129010     3.062900
    1.178097     3.056074
    1.227185     3.050296
    1.276272     3.045282
    1.325359     3.040730
    1.374447     3.036340
    1.423534     3.031827
    1.472622     3.026935
    1.521709     3.021446
    1.570796     3.015181
    1.619884     3.008007
    1.668971     2.999835
    1.718059     2.990638
    1.767146     2.980448
    1.816233     2.969361
    1.865321     2.957525
    1.914408     2.945123
    1.963495     2.932355
    2.012583     2.919419
    2.061670     2.906496
    2.110758     2.893743
    2.159845     2.881282
    2.208932     2.869212
    2.258020     2.857606
    2.307107     2.846519
    2.356194     2.835991
    2.405282     2.826047
    2.454369     2.816693
    2.503457     2.807924
    2.552544     2.799722
    2.601631     2.792064
    2.650719     2.784934
    2.699806     2.778324
    2.748894     2.772242
    2.797981     2.766707
    2.847068     2.761750
    2.896156     2.757415
    2.945243     2.753749
    2.994331     2.750810
    3.043418     2.748656
    3.092505     2.747339
    3.141593     2.746896
