# r flatness
    0.049087     4.017011
    0.098175     3.975435
    0.147262     3.912808
    0.196350     3.836629
    0.245437     3.754016
    0.294524     3.670602
    0.343612     3.590280
    0.392699     3.515434
    0.441786     3.447278
    0.490874     3.386192
    0.539961     3.331992
    0.589049     3.284169
    0.638136     3.242065
    0.687223     3.204993
    0.736311     3.172298
    0.785398     3.143373
    0.834486     3.117649
    0.883573     3.094597
    0.932660     3.073727
    0.981748     3.054600
    1.030835     3.036849
    1.079923     3.020180
    1.129010     3.004382
    1.178097     2.989330
    1.227185     2.974965
    1.276272     2.961287
    1.325359     2.948334
    1.374447     2.936160
    1.423534     2.924821
    1.472622     2.914359
    1.521709     2.904794
    1.570796     2.896125
    1.619884     2.888337
    1.668971     2.881401
    1.718059     2.875282
    1.767146     2.869950
    1.816233     2.865377
    1.865321     2.861542
    1.914408     2.858429
    1.963495     2.856023
    2.012583     2.854303
    2.061670     2.853237
    2.110758     2.852776
    2.159845     2.852849
    2.208932     2.853375
    2.258020     2.854260
    2.307107     2.855410
    2.356194     2.856739
    2.405282     2.858166
    2.454369     2.859619
    2.503457     2.861037
    2.552544     2.862367
    2.601631     2.863565
    2.650719     2.864600
    2.699806     2.865456
    2.748894     2.866127
    2.797981     2.866624
    2.847068     2.866969
    2.896156     2.867189
    2.945243     2.867314
    2.994331     2.867374
    3.043418     2.867398
    3.092505     2.867404
    3.141593     2.867404
