# r flatness
    0.049087     4.176112
    0.098175     4.135550
    0.147262     4.074607
    0.196350     4.000648
    0.245437     3.920449
    0.294524     3.839114
    0.343612     3.759957
    0.392699     3.684879
    0.441786     3.614832
    0.490874     3.550162
    0.539961     3.490830
    0.589049     3.436563
    0.638136     3.386952
    0.687223     3.341538
    0.736311     3.299868
    0.785398     3.261519
    0.834486     3.226113
    0.883573     3.193316
    0.932660     3.162827
    0.981748     3.134373
    1.030835     3.107706
    1.079923     3.082601
    1.129010     3.058861
    1.178097     3.036318
    1.227185     3.014840
    1.276272     2.994331
    1.325359     2.974736
    1.374447     2.956047
    1.423534     2.938290
    1.472622     2.921530
    1.521709     2.905852
    1.570796     2.891362
    1.619884     2.878164
    1.668971     2.866356
    1.718059     2.856014
    1.767146     2.847183
    1.816233     2.839871
    1.865321     2.834047
    1.914408     2.829641
    1.963495     2.826548
    2.012583     2.824633
    2.061670     2.823737
    2.110758     2.823686
    2.159845     2.824294
    2.208932     2.825379
    2.258020     2.826768
    2.307107     2.828307
    2.356194     2.829872
    2.405282     2.831368
    2.454369     2.832731
    2.503457     2.833931
    2.552544     2.834955
    2.601631     2.835810
    2.650719     2.836511
    2.699806     2.837073
    2.748894     2.837507
    2.797981     2.837816
    2.847068     2.838001
    2.896156     2.838070
    2.945243     2.838039
    2.994331     2.837942
    3.043418     2.837822
    3.092505     2.837725
    3.141593     2.837688
