 # Isotropy Coefficients: Standard IC = E₂₂/E₁₁ (should be 4/3 for isotropy)
 # Derivative-based IC = [2E₂₂ - k dE₁₁/dk] / [2E₁₁] (alternative definition)
 # Columns: k, E11(k), E22(k), E33(k), dE11/dk, IC_standard, IC_derivative
  0.10000000E+01  0.61910487E-05  0.36842789E-05  0.81411999E-05  0.17049853E-04  0.59509772E+00  0.52750552E+00
  0.20000000E+01  0.23240902E-04  0.20493220E-04  0.27991715E-04 -0.11079439E-05  0.88177389E+00  0.88411397E+00
  0.30000000E+01  0.39751608E-05  0.35173086E-05  0.38756120E-05 -0.12859314E-04  0.88482171E+00  0.11230122E+01
  0.40000000E+01  0.34276479E-05  0.26989587E-05  0.36131914E-05  0.53533995E-06  0.78740841E+00  0.77207512E+00
  0.50000000E+01  0.19967858E-05  0.20738976E-05  0.22872571E-05 -0.13357767E-05  0.10386180E+01  0.11207120E+01
  0.60000000E+01  0.98982241E-06  0.96099120E-06  0.10234123E-05 -0.73768257E-06  0.97087234E+00  0.10806221E+01
  0.70000000E+01  0.50187811E-06  0.52203364E-06  0.64751146E-06 -0.29955586E-06  0.10401602E+01  0.11427059E+01
  0.80000000E+01  0.32057770E-06  0.32444581E-06  0.36860030E-06 -0.10357875E-06  0.10120660E+01  0.10755067E+01
  0.90000000E+01  0.23749872E-06  0.22627317E-06  0.30819265E-06 -0.99879422E-07  0.95273429E+00  0.10456302E+01
  0.10000000E+02  0.11773241E-06  0.11777215E-06  0.15432700E-06 -0.84063750E-07  0.10003375E+01  0.11755853E+01
  0.11000000E+02  0.77668936E-07  0.68634215E-07  0.99454454E-07 -0.27466802E-07  0.88367653E+00  0.97915226E+00
  0.12000000E+02  0.50704354E-07  0.48241812E-07  0.60681103E-07 -0.22876847E-07  0.95143330E+00  0.10843172E+01
  0.13000000E+02  0.30875885E-07  0.30659582E-07  0.38159005E-07 -0.16356482E-07  0.99299443E+00  0.11620204E+01
  0.14000000E+02  0.17910160E-07  0.18695181E-07  0.24400862E-07 -0.93175698E-08  0.10438310E+01  0.12225913E+01
  0.15000000E+02  0.11593196E-07  0.11421490E-07  0.14927259E-07 -0.42677337E-08  0.98518914E+00  0.11207160E+01
  0.16000000E+02  0.82536866E-08  0.84530143E-08  0.10895163E-07 -0.32991210E-08  0.10241501E+01  0.11811178E+01
  0.17000000E+02  0.48369024E-08  0.50816271E-08  0.69789206E-08 -0.24121474E-08  0.10505953E+01  0.12586730E+01
  0.18000000E+02  0.34492667E-08  0.34537770E-08  0.45277440E-08 -0.12626410E-08  0.10013076E+01  0.11630282E+01
  0.19000000E+02  0.21036066E-08  0.21506157E-08  0.28040075E-08 -0.95384267E-09  0.10223469E+01  0.12337959E+01
  0.20000000E+02  0.15390107E-08  0.14847311E-08  0.20457758E-08 -0.50386961E-09  0.96473086E+00  0.11254423E+01
  0.21000000E+02  0.10009668E-08  0.10368447E-08  0.13274228E-08 -0.43850815E-09  0.10358434E+01  0.12616398E+01
  0.22000000E+02  0.67458367E-09  0.62690153E-09  0.87883240E-09 -0.26497082E-09  0.92931622E+00  0.11414084E+01
  0.23000000E+02  0.45028839E-09  0.43548151E-09  0.58728400E-09 -0.17613784E-09  0.96711689E+00  0.11879324E+01
  0.24000000E+02  0.31323363E-09  0.29893357E-09  0.41109197E-09 -0.10716431E-09  0.95434695E+00  0.11558738E+01
  0.25000000E+02  0.22382071E-09  0.21079131E-09  0.29388053E-09 -0.80511729E-10  0.94178647E+00  0.11625050E+01
  0.26000000E+02  0.14881413E-09  0.13963899E-09  0.19466931E-09 -0.61720164E-10  0.93834502E+00  0.12030097E+01
  0.27000000E+02  0.10107302E-09  0.94052828E-10  0.12877185E-09 -0.36762923E-10  0.93054330E+00  0.11715775E+01
  0.28000000E+02  0.71894109E-10  0.65985405E-10  0.90213920E-10 -0.24745192E-10  0.91781378E+00  0.11543489E+01
  0.29000000E+02  0.49615641E-10  0.44471132E-10  0.61136242E-10 -0.18840833E-10  0.89631271E+00  0.11665962E+01
  0.30000000E+02  0.34097364E-10  0.30189688E-10  0.42157482E-10 -0.11993101E-10  0.88539654E+00  0.11443799E+01
  0.31000000E+02  0.24789048E-10  0.20972436E-10  0.28309055E-10 -0.81583698E-11  0.84603637E+00  0.10964427E+01
  0.32000000E+02  0.17198555E-10  0.14566267E-10  0.19676346E-10 -0.62040650E-11  0.84694713E+00  0.11302652E+01
  0.33000000E+02  0.12325615E-10  0.10007668E-10  0.13519264E-10 -0.39861413E-11  0.81194067E+00  0.10738783E+01
  0.34000000E+02  0.88386833E-11  0.70936000E-11  0.91451204E-11 -0.33170053E-11  0.80256301E+00  0.11157310E+01
  0.35000000E+02  0.57437666E-11  0.46116010E-11  0.59732583E-11 -0.22050261E-11  0.80288798E+00  0.11326684E+01
  0.36000000E+02  0.43478272E-11  0.33670252E-11  0.42034475E-11 -0.13553894E-11  0.77441561E+00  0.10498602E+01
  0.37000000E+02  0.28590825E-11  0.21770485E-11  0.27265753E-11 -0.11816433E-11  0.76145005E+00  0.11367698E+01
  0.38000000E+02  0.20258851E-11  0.15555959E-11  0.18313526E-11 -0.72122012E-12  0.76785988E+00  0.10998893E+01
  0.39000000E+02  0.13479495E-11  0.10545290E-11  0.11898686E-11 -0.55550183E-12  0.78232080E+00  0.11767930E+01
  0.40000000E+02  0.91340368E-12  0.71925094E-12  0.77895047E-12 -0.34713299E-12  0.78744036E+00  0.11605471E+01
  0.41000000E+02  0.62525273E-12  0.50312657E-12  0.52096164E-12 -0.24594628E-12  0.80467713E+00  0.12005068E+01
  0.42000000E+02  0.40990640E-12  0.34487772E-12  0.33042519E-12 -0.17512149E-12  0.84135723E+00  0.12817539E+01
  0.43000000E+02  0.27132647E-12  0.24036288E-12  0.21743046E-12 -0.10922573E-12  0.88588065E+00  0.13107361E+01
  0.44000000E+02  0.18345164E-12  0.16890431E-12  0.14100178E-12 -0.70413375E-13  0.92070204E+00  0.13352035E+01
  0.45000000E+02  0.12432320E-12  0.11913379E-12  0.94899112E-13 -0.51747733E-13  0.95825869E+00  0.14179767E+01
  0.46000000E+02  0.78840661E-13  0.79248768E-13  0.60062131E-13 -0.33705196E-13  0.10051763E+01  0.14878398E+01
  0.47000000E+02  0.55411391E-13  0.57310480E-13  0.40482513E-13 -0.19869843E-13  0.10342726E+01  0.14479226E+01
  0.48000000E+02  0.36619528E-13  0.39171381E-13  0.26906066E-13 -0.15059160E-13  0.10696856E+01  0.15541581E+01
  0.49000000E+02  0.24992270E-13  0.27260554E-13  0.17881057E-13 -0.98862035E-14  0.10907594E+01  0.15664886E+01
  0.50000000E+02  0.16197582E-13  0.18121672E-13  0.11543397E-13 -0.70745119E-14  0.11187887E+01  0.16547781E+01
  0.51000000E+02  0.10670269E-13  0.12203705E-13  0.74471679E-14 -0.44720227E-14  0.11437111E+01  0.16683238E+01
  0.52000000E+02  0.69376699E-14  0.81656712E-14  0.48451259E-14 -0.29554815E-14  0.11770048E+01  0.17207030E+01
  0.53000000E+02  0.45772432E-14  0.55562134E-14  0.31899752E-14 -0.19443152E-14  0.12138777E+01  0.17664363E+01
  0.54000000E+02  0.29191525E-14  0.36780631E-14  0.20388875E-14 -0.13361564E-14  0.12599764E+01  0.18666208E+01
  0.55000000E+02  0.18539129E-14  0.24389441E-14  0.13171926E-14 -0.83756291E-15  0.13155657E+01  0.19254265E+01
  0.56000000E+02  0.11849032E-14  0.16508403E-14  0.88046486E-15 -0.52889325E-15  0.13932281E+01  0.20067260E+01
  0.57000000E+02  0.75400374E-15  0.11149791E-14  0.57192766E-15 -0.34857759E-15  0.00000000E+00  0.00000000E+00
  0.58000000E+02  0.46659821E-15  0.73685646E-15  0.38199021E-15 -0.22556718E-15  0.00000000E+00  0.00000000E+00
  0.59000000E+02  0.29040435E-15  0.48876930E-15  0.24870661E-15 -0.13561515E-15  0.00000000E+00  0.00000000E+00
  0.60000000E+02  0.18291418E-15  0.33112845E-15  0.17510240E-15 -0.86361150E-16  0.00000000E+00  0.00000000E+00
  0.61000000E+02  0.11191325E-15  0.21331647E-15  0.11496279E-15 -0.51957411E-16  0.00000000E+00  0.00000000E+00
  0.62000000E+02  0.75003186E-16  0.14750053E-15  0.83420225E-16 -0.28636970E-16  0.00000000E+00  0.00000000E+00
  0.63000000E+02  0.50605338E-16  0.10241516E-15  0.62180437E-16 -0.19454337E-16  0.00000000E+00  0.00000000E+00
  0.64000000E+02  0.36094512E-16  0.70292247E-16  0.45747068E-16 -0.14510826E-16  0.00000000E+00  0.00000000E+00
