 # Isotropy Coefficients: Standard IC = E₂₂/E₁₁ (should be 4/3 for isotropy)
 # Derivative-based IC = [2E₂₂ - k dE₁₁/dk] / [2E₁₁] (alternative definition)
 # Columns: k, E11(k), E22(k), E33(k), dE11/dk, IC_standard, IC_derivative
  0.10000000E+01  0.49325067E-05  0.48412717E-05  0.51540346E-05  0.23241042E-04  0.98150331E+00  0.86585808E+00
  0.20000000E+01  0.28173548E-04  0.22451139E-04  0.28550499E-04  0.52120640E-07  0.79688716E+00  0.79679632E+00
  0.30000000E+01  0.50367480E-05  0.46320661E-05  0.59907434E-05 -0.16070235E-04  0.91965413E+00  0.11545812E+01
  0.40000000E+01  0.37227692E-05  0.35537971E-05  0.43689338E-05  0.33534934E-06  0.95461118E+00  0.94576758E+00
  0.50000000E+01  0.21690746E-05  0.25461870E-05  0.20867269E-05 -0.13117669E-05  0.11738586E+01  0.12480738E+01
  0.60000000E+01  0.12079693E-05  0.10853863E-05  0.10650572E-05 -0.72948723E-06  0.89852148E+00  0.98745245E+00
  0.70000000E+01  0.65955317E-06  0.69758073E-06  0.65157150E-06 -0.37944429E-06  0.10576565E+01  0.11564974E+01
  0.80000000E+01  0.40044426E-06  0.44682574E-06  0.39788691E-06 -0.17682824E-06  0.11158251E+01  0.12025292E+01
  0.90000000E+01  0.26220593E-06  0.31149662E-06  0.29196303E-06 -0.11863776E-06  0.11879847E+01  0.12879300E+01
  0.10000000E+02  0.15113024E-06  0.14493131E-06  0.14004381E-06 -0.87589392E-07  0.95898283E+00  0.11012288E+01
  0.11000000E+02  0.88694151E-07  0.82512081E-07  0.82299465E-07 -0.39868098E-07  0.93029898E+00  0.10516555E+01
  0.12000000E+02  0.63422668E-07  0.54291487E-07  0.56459477E-07 -0.22658512E-07  0.85602653E+00  0.96124893E+00
  0.13000000E+02  0.38962561E-07  0.33003349E-07  0.35799836E-07 -0.19409276E-07  0.84705287E+00  0.10059973E+01
  0.14000000E+02  0.25179647E-07  0.22315106E-07  0.22718742E-07 -0.11212291E-07  0.88623589E+00  0.10392433E+01
  0.15000000E+02  0.15661266E-07  0.13722673E-07  0.13642238E-07 -0.64477486E-08  0.87621731E+00  0.10277871E+01
  0.16000000E+02  0.11559794E-07  0.10817215E-07  0.10986380E-07 -0.38579180E-08  0.93576187E+00  0.10668197E+01
  0.17000000E+02  0.73767175E-08  0.66938317E-08  0.64267653E-08 -0.32022680E-08  0.90742689E+00  0.10885540E+01
  0.18000000E+02  0.51982698E-08  0.43314108E-08  0.44617998E-08 -0.20132906E-08  0.83324087E+00  0.10043448E+01
  0.19000000E+02  0.31962897E-08  0.27425564E-08  0.28948361E-08 -0.14661676E-08  0.85804373E+00  0.10719538E+01
  0.20000000E+02  0.22758573E-08  0.19790622E-08  0.20715929E-08 -0.72363227E-09  0.86958981E+00  0.10256681E+01
  0.21000000E+02  0.15914284E-08  0.14019991E-08  0.14608376E-08 -0.61560385E-09  0.88096899E+00  0.10803453E+01
  0.22000000E+02  0.10429664E-08  0.88569341E-09  0.94122310E-09 -0.43292700E-09  0.84920609E+00  0.10733397E+01
  0.23000000E+02  0.72040829E-09  0.60816663E-09  0.67450079E-09 -0.25709676E-09  0.84419715E+00  0.10456557E+01
  0.24000000E+02  0.50282023E-09  0.41732662E-09  0.45226206E-09 -0.17564616E-09  0.82997179E+00  0.10357394E+01
  0.25000000E+02  0.35542019E-09  0.30110792E-09  0.33363917E-09 -0.13444136E-09  0.84718853E+00  0.10792862E+01
  0.26000000E+02  0.23081557E-09  0.20014077E-09  0.21810009E-09 -0.99137192E-10  0.86710250E+00  0.11411872E+01
  0.27000000E+02  0.15766728E-09  0.13584212E-09  0.15292252E-09 -0.56667990E-10  0.86157453E+00  0.10997516E+01
  0.28000000E+02  0.11044322E-09  0.94587192E-10  0.10288653E-09 -0.41792961E-10  0.85643280E+00  0.11164860E+01
  0.29000000E+02  0.72457186E-10  0.60836926E-10  0.69793456E-10 -0.29580709E-10  0.83962584E+00  0.11302054E+01
  0.30000000E+02  0.50650369E-10  0.42890590E-10  0.47916168E-10 -0.18092099E-10  0.84679717E+00  0.11098043E+01
  0.31000000E+02  0.34292996E-10  0.29293089E-10  0.33463086E-10 -0.14216431E-10  0.85420036E+00  0.11696186E+01
  0.32000000E+02  0.22234889E-10  0.19490272E-10  0.21915633E-10 -0.90353549E-11  0.87656260E+00  0.11957165E+01
  0.33000000E+02  0.15730523E-10  0.13667992E-10  0.15283113E-10 -0.54745709E-11  0.86888355E+00  0.11507612E+01
  0.34000000E+02  0.10574848E-10  0.90477044E-11  0.10360615E-10 -0.45425673E-11  0.85558718E+00  0.12140515E+01
  0.35000000E+02  0.67075230E-11  0.57819687E-11  0.67090665E-11 -0.29375571E-11  0.86201251E+00  0.12382240E+01
  0.36000000E+02  0.45616965E-11  0.40590287E-11  0.45714929E-11 -0.18349510E-11  0.88980681E+00  0.12452257E+01
  0.37000000E+02  0.28759954E-11  0.25394925E-11  0.29092388E-11 -0.12859383E-11  0.88299602E+00  0.12890404E+01
  0.38000000E+02  0.19420392E-11  0.17251548E-11  0.19391426E-11 -0.81300917E-12  0.88832134E+00  0.12787673E+01
  0.39000000E+02  0.11815232E-11  0.10623341E-11  0.11937992E-11 -0.58831846E-12  0.89912254E+00  0.13757453E+01
  0.40000000E+02  0.76202814E-12  0.70382431E-12  0.77391262E-12 -0.32029574E-12  0.92361987E+00  0.13362681E+01
  0.41000000E+02  0.49572824E-12  0.45309183E-12  0.48817217E-12 -0.22602432E-12  0.91399235E+00  0.13728049E+01
  0.42000000E+02  0.29922869E-12  0.27456203E-12  0.29334502E-12 -0.14908668E-12  0.91756588E+00  0.14311657E+01
  0.43000000E+02  0.19141940E-12  0.17772977E-12  0.18069631E-12 -0.86857903E-13  0.92848355E+00  0.14073691E+01
  0.44000000E+02  0.11659768E-12  0.11003295E-12  0.10977166E-12 -0.55248290E-13  0.94369763E+00  0.14554049E+01
  0.45000000E+02  0.76974993E-13  0.72325751E-13  0.69766783E-13 -0.33159954E-13  0.93960065E+00  0.14153920E+01
  0.46000000E+02  0.46652874E-13  0.43686568E-13  0.42148827E-13 -0.23381706E-13  0.93641752E+00  0.15022600E+01
  0.47000000E+02  0.29780435E-13  0.27837748E-13  0.26404016E-13 -0.12639554E-13  0.93476635E+00  0.14243630E+01
  0.48000000E+02  0.19621671E-13  0.17802713E-13  0.16941077E-13 -0.83407012E-14  0.90729856E+00  0.14080794E+01
  0.49000000E+02  0.12400024E-13  0.11106797E-13  0.10734469E-13 -0.58714596E-14  0.89570761E+00  0.14651628E+01
  0.50000000E+02  0.76980099E-14  0.68258015E-14  0.66468564E-14 -0.36534708E-14  0.88669688E+00  0.14691180E+01
  0.51000000E+02  0.48486665E-14  0.41519675E-14  0.41228393E-14 -0.22192926E-14  0.85631120E+00  0.14292423E+01
  0.52000000E+02  0.30524547E-14  0.25785555E-14  0.26171317E-14 -0.14429375E-14  0.84474814E+00  0.14480596E+01
  0.53000000E+02  0.18670942E-14  0.15361282E-14  0.15905461E-14 -0.91743716E-15  0.82273740E+00  0.14619215E+01
  0.54000000E+02  0.11606816E-14  0.93461997E-15  0.99007924E-15 -0.54520774E-15  0.80523372E+00  0.14277956E+01
  0.55000000E+02  0.72372692E-15  0.56258298E-15  0.61069519E-15 -0.34319544E-15  0.00000000E+00  0.00000000E+00
  0.56000000E+02  0.44800954E-15  0.34411764E-15  0.37639407E-15 -0.21064492E-15  0.00000000E+00  0.00000000E+00
  0.57000000E+02  0.28406293E-15  0.21532144E-15  0.23723336E-15 -0.13367446E-15  0.00000000E+00  0.00000000E+00
  0.58000000E+02  0.17110877E-15  0.12921173E-15  0.14424201E-15 -0.82982885E-16  0.00000000E+00  0.00000000E+00
  0.59000000E+02  0.11261430E-15  0.83518613E-16  0.92655783E-16 -0.46314223E-16  0.00000000E+00  0.00000000E+00
  0.60000000E+02  0.72215098E-16  0.54791574E-16  0.59217278E-16 -0.31328827E-16  0.00000000E+00  0.00000000E+00
  0.61000000E+02  0.48684241E-16  0.37874933E-16  0.40160185E-16 -0.17285924E-16  0.00000000E+00  0.00000000E+00
  0.62000000E+02  0.35614202E-16  0.28560313E-16  0.29874918E-16 -0.10169458E-16  0.00000000E+00  0.00000000E+00
  0.63000000E+02  0.27238232E-16  0.22733029E-16  0.23529948E-16 -0.64668385E-17  0.00000000E+00  0.00000000E+00
  0.64000000E+02  0.22680525E-16  0.19436928E-16  0.21030438E-16 -0.45577073E-17  0.00000000E+00  0.00000000E+00
