 # Isotropy Coefficients: Standard IC = E₂₂/E₁₁ (should be 4/3 for isotropy)
 # Derivative-based IC = [2E₂₂ - k dE₁₁/dk] / [2E₁₁] (alternative definition)
 # Columns: k, E11(k), E22(k), E33(k), dE11/dk, IC_standard, IC_derivative
  0.10000000E+01  0.37531865E-05  0.47313215E-05  0.86764803E-05  0.25378762E-04  0.12606145E+01  0.10946519E+01
  0.20000000E+01  0.29131948E-04  0.24553912E-04  0.19852439E-04  0.61518529E-06  0.84285170E+00  0.84181511E+00
  0.30000000E+01  0.49835571E-05  0.62483027E-05  0.54521042E-05 -0.16350235E-04  0.12537837E+01  0.14953552E+01
  0.40000000E+01  0.44257440E-05  0.43658820E-05  0.35987132E-05  0.56163373E-06  0.98647416E+00  0.97401565E+00
  0.50000000E+01  0.23063644E-05  0.24346566E-05  0.22295906E-05 -0.19359488E-05  0.10556253E+01  0.11586344E+01
  0.60000000E+01  0.97480131E-06  0.12203720E-05  0.10998375E-05 -0.79839265E-06  0.12519188E+01  0.13725311E+01
  0.70000000E+01  0.60740297E-06  0.74035091E-06  0.58711856E-06 -0.20504547E-06  0.12188793E+01  0.12768770E+01
  0.80000000E+01  0.41476414E-06  0.43523846E-06  0.39117853E-06 -0.14516732E-06  0.10493637E+01  0.11180860E+01
  0.90000000E+01  0.28661287E-06  0.30658572E-06  0.28310112E-06 -0.13338617E-06  0.10696858E+01  0.11724868E+01
  0.10000000E+02  0.15048840E-06  0.14740550E-06  0.14658636E-06 -0.98889480E-07  0.97951400E+00  0.11407964E+01
  0.11000000E+02  0.93830998E-07  0.91703441E-07  0.82691706E-07 -0.40438369E-07  0.97732568E+00  0.10936793E+01
  0.12000000E+02  0.59182923E-07  0.63144313E-07  0.55750228E-07 -0.24475559E-07  0.10669347E+01  0.11887375E+01
  0.13000000E+02  0.41429480E-07  0.40289272E-07  0.37096939E-07 -0.16228912E-07  0.97247833E+00  0.10974648E+01
  0.14000000E+02  0.24982972E-07  0.24983736E-07  0.23460533E-07 -0.13616712E-07  0.10000305E+01  0.11873126E+01
  0.15000000E+02  0.14978360E-07  0.16004929E-07  0.14322233E-07 -0.65028085E-08  0.10685368E+01  0.12283703E+01
  0.16000000E+02  0.10974504E-07  0.11345520E-07  0.10393253E-07 -0.33657326E-08  0.10338070E+01  0.11542426E+01
  0.17000000E+02  0.73954416E-08  0.69695574E-08  0.64692576E-08 -0.31680638E-08  0.94241261E+00  0.11211513E+01
  0.18000000E+02  0.47084159E-08  0.45823856E-08  0.41862833E-08 -0.22808966E-08  0.97323298E+00  0.11872474E+01
  0.19000000E+02  0.28664229E-08  0.27989504E-08  0.26707689E-08 -0.12374975E-08  0.97646111E+00  0.11777860E+01
  0.20000000E+02  0.21131117E-08  0.18887305E-08  0.18855018E-08 -0.60769723E-09  0.89381480E+00  0.10349823E+01
  0.21000000E+02  0.14829782E-08  0.13158509E-08  0.13162722E-08 -0.60312227E-09  0.88730294E+00  0.10969214E+01
  0.22000000E+02  0.93322550E-09  0.85503382E-09  0.82675272E-09 -0.40709316E-09  0.91621351E+00  0.11517563E+01
  0.23000000E+02  0.66480071E-09  0.54814642E-09  0.56558641E-09 -0.22367463E-09  0.82452744E+00  0.10144572E+01
  0.24000000E+02  0.45281023E-09  0.38346515E-09  0.39418543E-09 -0.16739593E-09  0.84685618E+00  0.10646170E+01
  0.25000000E+02  0.32375191E-09  0.27818192E-09  0.27428199E-09 -0.11606732E-09  0.85924411E+00  0.10792212E+01
  0.26000000E+02  0.21358633E-09  0.17954004E-09  0.17475094E-09 -0.90722346E-10  0.84059703E+00  0.11116500E+01
  0.27000000E+02  0.14381732E-09  0.12336449E-09  0.12165059E-09 -0.53018718E-10  0.85778600E+00  0.11020850E+01
  0.28000000E+02  0.10200168E-09  0.84532145E-10  0.82980407E-10 -0.37131118E-10  0.82873291E+00  0.10788991E+01
  0.29000000E+02  0.67299354E-10  0.56166915E-10  0.55787219E-10 -0.27421128E-10  0.83458328E+00  0.11245928E+01
  0.30000000E+02  0.47016009E-10  0.38615382E-10  0.37635940E-10 -0.16234436E-10  0.82132411E+00  0.10755693E+01
  0.31000000E+02  0.32985472E-10  0.26833770E-10  0.26393840E-10 -0.12171715E-10  0.81350267E+00  0.10942597E+01
  0.32000000E+02  0.22303843E-10  0.17970630E-10  0.17699122E-10 -0.85248692E-11  0.80571902E+00  0.11059102E+01
  0.33000000E+02  0.15662605E-10  0.12405171E-10  0.12401767E-10 -0.55489524E-11  0.79202473E+00  0.10789711E+01
  0.34000000E+02  0.10731497E-10  0.85874363E-11  0.85303179E-11 -0.43326519E-11  0.80020857E+00  0.11371174E+01
  0.35000000E+02  0.69941379E-11  0.55032649E-11  0.54905958E-11 -0.28207246E-11  0.78683966E+00  0.11332847E+01
  0.36000000E+02  0.49479292E-11  0.38207731E-11  0.38329040E-11 -0.17901688E-11  0.77219641E+00  0.10918745E+01
  0.37000000E+02  0.32427544E-11  0.24951174E-11  0.25230757E-11 -0.13656473E-11  0.76944387E+00  0.11518863E+01
  0.38000000E+02  0.22024546E-11  0.16585043E-11  0.16898050E-11 -0.88243708E-12  0.75302541E+00  0.11267059E+01
  0.39000000E+02  0.14181079E-11  0.10764330E-11  0.10943365E-11 -0.62314991E-12  0.75906283E+00  0.11796807E+01
  0.40000000E+02  0.94000252E-12  0.71055000E-12  0.72763936E-12 -0.38020628E-12  0.75590223E+00  0.11529933E+01
  0.41000000E+02  0.62093657E-12  0.46589121E-12  0.48760215E-12 -0.27112755E-12  0.75030404E+00  0.11896940E+01
  0.42000000E+02  0.38755885E-12  0.29181272E-12  0.30703351E-12 -0.18046278E-12  0.75295073E+00  0.12329484E+01
  0.43000000E+02  0.25208920E-12  0.19328213E-12  0.20334494E-12 -0.11216136E-12  0.76672119E+00  0.12362880E+01
  0.44000000E+02  0.15477681E-12  0.12328916E-12  0.12884054E-12 -0.71196582E-13  0.79656088E+00  0.12933201E+01
  0.45000000E+02  0.10461658E-12  0.82907388E-13  0.88522255E-13 -0.44161733E-13  0.79248804E+00  0.12587157E+01
  0.46000000E+02  0.62136778E-13  0.51608396E-13  0.54488935E-13 -0.31794405E-13  0.83056116E+00  0.14082576E+01
  0.47000000E+02  0.40909733E-13  0.34537297E-13  0.36315091E-13 -0.16369252E-13  0.84423178E+00  0.13058044E+01
  0.48000000E+02  0.26654887E-13  0.23331245E-13  0.24431271E-13 -0.11550733E-13  0.87530833E+00  0.13858297E+01
  0.49000000E+02  0.17192446E-13  0.15060898E-13  0.15938002E-13 -0.76054961E-14  0.87601835E+00  0.14080358E+01
  0.50000000E+02  0.11007286E-13  0.98111072E-14  0.10413764E-13 -0.49435549E-14  0.89132845E+00  0.14424773E+01
  0.51000000E+02  0.69948841E-14  0.63758338E-14  0.66998748E-14 -0.32125747E-14  0.91149956E+00  0.14863870E+01
  0.52000000E+02  0.43970497E-14  0.41100097E-14  0.43473149E-14 -0.19849495E-14  0.93471986E+00  0.15108644E+01
  0.53000000E+02  0.28614492E-14  0.26521639E-14  0.28572228E-14 -0.12678800E-14  0.92686039E+00  0.15032390E+01
  0.54000000E+02  0.17592021E-14  0.17051272E-14  0.18435407E-14 -0.86095409E-15  0.96926171E+00  0.16178931E+01
  0.55000000E+02  0.11066636E-14  0.10777785E-14  0.11692542E-14 -0.51065732E-15  0.97389895E+00  0.15967963E+01
  0.56000000E+02  0.69021337E-15  0.71835647E-15  0.77297125E-15 -0.32159173E-15  0.00000000E+00  0.00000000E+00
  0.57000000E+02  0.43742743E-15  0.45014640E-15  0.49827031E-15 -0.20579863E-15  0.00000000E+00  0.00000000E+00
  0.58000000E+02  0.26441378E-15  0.29246303E-15  0.31832377E-15 -0.12951471E-15  0.00000000E+00  0.00000000E+00
  0.59000000E+02  0.16985046E-15  0.18811231E-15  0.20622660E-15 -0.76430886E-16  0.00000000E+00  0.00000000E+00
  0.60000000E+02  0.10377412E-15  0.12507082E-15  0.13201567E-15 -0.48772141E-16  0.00000000E+00  0.00000000E+00
  0.61000000E+02  0.69480763E-16  0.83202928E-16  0.88880319E-16 -0.26779218E-16  0.00000000E+00  0.00000000E+00
  0.62000000E+02  0.46721868E-16  0.57427682E-16  0.60415095E-16 -0.16644408E-16  0.00000000E+00  0.00000000E+00
  0.63000000E+02  0.34783104E-16  0.42485948E-16  0.44265204E-16 -0.10398071E-16  0.00000000E+00  0.00000000E+00
  0.64000000E+02  0.25925725E-16  0.31908780E-16  0.33591345E-16 -0.88573789E-17  0.00000000E+00  0.00000000E+00
