# r flatness
    0.012272     4.944849
    0.024544     4.878759
    0.036816     4.781576
    0.049087     4.666871
    0.061359     4.546259
    0.073631     4.427722
    0.085903     4.315841
    0.098175     4.212782
    0.110447     4.119206
    0.122718     4.034924
    0.134990     3.959292
    0.147262     3.891467
    0.159534     3.830550
    0.171806     3.775673
    0.184078     3.726048
    0.196350     3.680991
    0.208621     3.639927
    0.220893     3.602376
    0.233165     3.567943
    0.245437     3.536292
    0.257709     3.507138
    0.269981     3.480227
    0.282252     3.455331
    0.294524     3.432240
    0.306796     3.410767
    0.319068     3.390741
    0.331340     3.372014
    0.343612     3.354453
    0.355884     3.337948
    0.368155     3.322402
    0.380427     3.307731
    0.392699     3.293859
    0.404971     3.280719
    0.417243     3.268249
    0.429515     3.256397
    0.441786     3.245111
    0.454058     3.234347
    0.466330     3.224062
    0.478602     3.214219
    0.490874     3.204784
    0.503146     3.195726
    0.515418     3.187022
    0.527689     3.178647
    0.539961     3.170583
    0.552233     3.162810
    0.564505     3.155311
    0.576777     3.148069
    0.589049     3.141067
    0.601321     3.134287
    0.613592     3.127714
    0.625864     3.121334
    0.638136     3.115136
    0.650408     3.109111
    0.662680     3.103250
    0.674952     3.097549
    0.687223     3.092002
    0.699495     3.086604
    0.711767     3.081354
    0.724039     3.076246
    0.736311     3.071280
    0.748583     3.066454
    0.760854     3.061769
    0.773126     3.057225
    0.785398     3.052828
    0.797670     3.048580
    0.809942     3.044486
    0.822214     3.040548
    0.834486     3.036768
    0.846757     3.033145
    0.859029     3.029680
    0.871301     3.026370
    0.883573     3.023214
    0.895845     3.020207
    0.908117     3.017347
    0.920389     3.014629
    0.932660     3.012048
    0.944932     3.009598
    0.957204     3.007275
    0.969476     3.005071
    0.981748     3.002981
    0.994020     3.000996
    1.006291     2.999109
    1.018563     2.997311
    1.030835     2.995591
    1.043107     2.993938
    1.055379     2.992343
    1.067651     2.990795
    1.079923     2.989285
    1.092194     2.987804
    1.104466     2.986346
    1.116738     2.984905
    1.129010     2.983478
    1.141282     2.982061
    1.153554     2.980654
    1.165825     2.979254
    1.178097     2.977861
    1.190369     2.976475
    1.202641     2.975098
    1.214913     2.973731
    1.227185     2.972379
    1.239457     2.971046
    1.251728     2.969736
    1.264000     2.968457
    1.276272     2.967211
    1.288544     2.966002
    1.300816     2.964832
    1.313088     2.963699
    1.325359     2.962603
    1.337631     2.961537
    1.349903     2.960496
    1.362175     2.959472
    1.374447     2.958457
    1.386719     2.957444
    1.398991     2.956425
    1.411262     2.955392
    1.423534     2.954340
    1.435806     2.953265
    1.448078     2.952164
    1.460350     2.951035
    1.472622     2.949876
    1.484893     2.948690
    1.497165     2.947478
    1.509437     2.946241
    1.521709     2.944986
    1.533981     2.943715
    1.546253     2.942437
    1.558524     2.941157
    1.570796     2.939883
    1.583068     2.938622
    1.595340     2.937382
    1.607612     2.936170
    1.619884     2.934994
    1.632156     2.933860
    1.644427     2.932775
    1.656699     2.931746
    1.668971     2.930779
    1.681243     2.929881
    1.693515     2.929055
    1.705787     2.928307
    1.718059     2.927637
    1.730330     2.927046
    1.742602     2.926531
    1.754874     2.926088
    1.767146     2.925712
    1.779418     2.925393
    1.791690     2.925125
    1.803962     2.924896
    1.816233     2.924699
    1.828505     2.924523
    1.840777     2.924359
    1.853049     2.924199
    1.865321     2.924035
    1.877593     2.923861
    1.889864     2.923669
    1.902136     2.923455
    1.914408     2.923215
    1.926680     2.922947
    1.938952     2.922649
    1.951224     2.922322
    1.963495     2.921968
    1.975767     2.921590
    1.988039     2.921191
    2.000311     2.920776
    2.012583     2.920352
    2.024855     2.919924
    2.037127     2.919501
    2.049398     2.919089
    2.061670     2.918695
    2.073942     2.918326
    2.086214     2.917988
    2.098486     2.917685
    2.110758     2.917422
    2.123029     2.917202
    2.135301     2.917028
    2.147573     2.916906
    2.159845     2.916837
    2.172117     2.916829
    2.184389     2.916886
    2.196661     2.917014
    2.208932     2.917221
    2.221204     2.917509
    2.233476     2.917882
    2.245748     2.918342
    2.258020     2.918886
    2.270292     2.919512
    2.282563     2.920213
    2.294835     2.920980
    2.307107     2.921805
    2.319379     2.922677
    2.331651     2.923583
    2.343923     2.924512
    2.356194     2.925452
    2.368466     2.926394
    2.380738     2.927327
    2.393010     2.928245
    2.405282     2.929139
    2.417554     2.930004
    2.429826     2.930836
    2.442097     2.931629
    2.454369     2.932381
    2.466641     2.933089
    2.478913     2.933751
    2.491185     2.934364
    2.503457     2.934930
    2.515728     2.935445
    2.528000     2.935909
    2.540272     2.936320
    2.552544     2.936678
    2.564816     2.936981
    2.577088     2.937228
    2.589360     2.937420
    2.601631     2.937557
    2.613903     2.937642
    2.626175     2.937673
    2.638447     2.937652
    2.650719     2.937579
    2.662991     2.937456
    2.675262     2.937279
    2.687534     2.937051
    2.699806     2.936770
    2.712078     2.936439
    2.724350     2.936057
    2.736622     2.935628
    2.748894     2.935155
    2.761165     2.934641
    2.773437     2.934092
    2.785709     2.933514
    2.797981     2.932913
    2.810253     2.932296
    2.822525     2.931670
    2.834797     2.931041
    2.847068     2.930413
    2.859340     2.929792
    2.871612     2.929178
    2.883884     2.928572
    2.896156     2.927977
    2.908428     2.927392
    2.920700     2.926819
    2.932971     2.926261
    2.945243     2.925721
    2.957515     2.925202
    2.969787     2.924707
    2.982059     2.924241
    2.994331     2.923807
    3.006603     2.923408
    3.018874     2.923043
    3.031146     2.922717
    3.043418     2.922429
    3.055690     2.922178
    3.067962     2.921964
    3.080234     2.921784
    3.092505     2.921639
    3.104777     2.921527
    3.117049     2.921448
    3.129321     2.921400
    3.141593     2.921384
