# r flatness
    0.012272     5.073858
    0.024544     4.995096
    0.036816     4.880532
    0.049087     4.747255
    0.061359     4.609376
    0.073631     4.476079
    0.085903     4.352200
    0.098175     4.239673
    0.110447     4.138765
    0.122718     4.048892
    0.134990     3.969092
    0.147262     3.898275
    0.159534     3.835367
    0.171806     3.779362
    0.184078     3.729351
    0.196350     3.684527
    0.208621     3.644183
    0.220893     3.607705
    0.233165     3.574564
    0.245437     3.544305
    0.257709     3.516545
    0.269981     3.490959
    0.282252     3.467278
    0.294524     3.445275
    0.306796     3.424763
    0.319068     3.405582
    0.331340     3.387599
    0.343612     3.370694
    0.355884     3.354766
    0.368155     3.339721
    0.380427     3.325478
    0.392699     3.311961
    0.404971     3.299105
    0.417243     3.286845
    0.429515     3.275127
    0.441786     3.263903
    0.454058     3.253131
    0.466330     3.242775
    0.478602     3.232812
    0.490874     3.223218
    0.503146     3.213976
    0.515418     3.205070
    0.527689     3.196486
    0.539961     3.188209
    0.552233     3.180224
    0.564505     3.172515
    0.576777     3.165070
    0.589049     3.157873
    0.601321     3.150913
    0.613592     3.144181
    0.625864     3.137667
    0.638136     3.131367
    0.650408     3.125274
    0.662680     3.119384
    0.674952     3.113694
    0.687223     3.108200
    0.699495     3.102898
    0.711767     3.097780
    0.724039     3.092839
    0.736311     3.088067
    0.748583     3.083451
    0.760854     3.078979
    0.773126     3.074639
    0.785398     3.070417
    0.797670     3.066301
    0.809942     3.062278
    0.822214     3.058339
    0.834486     3.054474
    0.846757     3.050677
    0.859029     3.046944
    0.871301     3.043279
    0.883573     3.039684
    0.895845     3.036169
    0.908117     3.032745
    0.920389     3.029421
    0.932660     3.026209
    0.944932     3.023117
    0.957204     3.020154
    0.969476     3.017325
    0.981748     3.014634
    0.994020     3.012086
    1.006291     3.009683
    1.018563     3.007427
    1.030835     3.005321
    1.043107     3.003364
    1.055379     3.001557
    1.067651     2.999897
    1.079923     2.998383
    1.092194     2.997010
    1.104466     2.995773
    1.116738     2.994664
    1.129010     2.993674
    1.141282     2.992792
    1.153554     2.992001
    1.165825     2.991288
    1.178097     2.990636
    1.190369     2.990027
    1.202641     2.989444
    1.214913     2.988870
    1.227185     2.988291
    1.239457     2.987692
    1.251728     2.987064
    1.264000     2.986396
    1.276272     2.985683
    1.288544     2.984918
    1.300816     2.984096
    1.313088     2.983213
    1.325359     2.982266
    1.337631     2.981252
    1.349903     2.980171
    1.362175     2.979026
    1.374447     2.977817
    1.386719     2.976547
    1.398991     2.975222
    1.411262     2.973843
    1.423534     2.972414
    1.435806     2.970937
    1.448078     2.969415
    1.460350     2.967850
    1.472622     2.966244
    1.484893     2.964600
    1.497165     2.962921
    1.509437     2.961211
    1.521709     2.959473
    1.533981     2.957710
    1.546253     2.955927
    1.558524     2.954125
    1.570796     2.952307
    1.583068     2.950476
    1.595340     2.948635
    1.607612     2.946786
    1.619884     2.944933
    1.632156     2.943083
    1.644427     2.941239
    1.656699     2.939409
    1.668971     2.937602
    1.681243     2.935824
    1.693515     2.934082
    1.705787     2.932382
    1.718059     2.930727
    1.730330     2.929120
    1.742602     2.927562
    1.754874     2.926052
    1.767146     2.924590
    1.779418     2.923173
    1.791690     2.921799
    1.803962     2.920463
    1.816233     2.919163
    1.828505     2.917895
    1.840777     2.916655
    1.853049     2.915441
    1.865321     2.914248
    1.877593     2.913073
    1.889864     2.911911
    1.902136     2.910760
    1.914408     2.909616
    1.926680     2.908476
    1.938952     2.907335
    1.951224     2.906193
    1.963495     2.905048
    1.975767     2.903896
    1.988039     2.902737
    2.000311     2.901571
    2.012583     2.900398
    2.024855     2.899221
    2.037127     2.898040
    2.049398     2.896860
    2.061670     2.895685
    2.073942     2.894518
    2.086214     2.893361
    2.098486     2.892216
    2.110758     2.891086
    2.123029     2.889971
    2.135301     2.888871
    2.147573     2.887790
    2.159845     2.886731
    2.172117     2.885694
    2.184389     2.884684
    2.196661     2.883701
    2.208932     2.882748
    2.221204     2.881824
    2.233476     2.880932
    2.245748     2.880071
    2.258020     2.879241
    2.270292     2.878443
    2.282563     2.877674
    2.294835     2.876934
    2.307107     2.876220
    2.319379     2.875527
    2.331651     2.874851
    2.343923     2.874187
    2.356194     2.873528
    2.368466     2.872870
    2.380738     2.872207
    2.393010     2.871536
    2.405282     2.870857
    2.417554     2.870167
    2.429826     2.869474
    2.442097     2.868779
    2.454369     2.868089
    2.466641     2.867411
    2.478913     2.866754
    2.491185     2.866122
    2.503457     2.865523
    2.515728     2.864960
    2.528000     2.864439
    2.540272     2.863961
    2.552544     2.863530
    2.564816     2.863149
    2.577088     2.862819
    2.589360     2.862543
    2.601631     2.862324
    2.613903     2.862164
    2.626175     2.862066
    2.638447     2.862030
    2.650719     2.862058
    2.662991     2.862151
    2.675262     2.862307
    2.687534     2.862527
    2.699806     2.862808
    2.712078     2.863151
    2.724350     2.863557
    2.736622     2.864022
    2.748894     2.864548
    2.761165     2.865133
    2.773437     2.865773
    2.785709     2.866466
    2.797981     2.867205
    2.810253     2.867984
    2.822525     2.868792
    2.834797     2.869623
    2.847068     2.870466
    2.859340     2.871312
    2.871612     2.872156
    2.883884     2.872990
    2.896156     2.873810
    2.908428     2.874611
    2.920700     2.875390
    2.932971     2.876144
    2.945243     2.876869
    2.957515     2.877564
    2.969787     2.878228
    2.982059     2.878859
    2.994331     2.879457
    3.006603     2.880021
    3.018874     2.880551
    3.031146     2.881046
    3.043418     2.881501
    3.055690     2.881915
    3.067962     2.882283
    3.080234     2.882601
    3.092505     2.882865
    3.104777     2.883074
    3.117049     2.883224
    3.129321     2.883315
    3.141593     2.883345
