# r flatness
    0.012272     5.176663
    0.024544     5.102840
    0.036816     4.994741
    0.049087     4.867792
    0.061359     4.734932
    0.073631     4.604766
    0.085903     4.481995
    0.098175     4.368655
    0.110447     4.265240
    0.122718     4.171453
    0.134990     4.086632
    0.147262     4.010005
    0.159534     3.940795
    0.171806     3.878270
    0.184078     3.821754
    0.196350     3.770623
    0.208621     3.724303
    0.220893     3.682271
    0.233165     3.644048
    0.245437     3.609197
    0.257709     3.577323
    0.269981     3.548066
    0.282252     3.521111
    0.294524     3.496177
    0.306796     3.473022
    0.319068     3.451438
    0.331340     3.431248
    0.343612     3.412303
    0.355884     3.394471
    0.368155     3.377641
    0.380427     3.361711
    0.392699     3.346593
    0.404971     3.332213
    0.417243     3.318503
    0.429515     3.305406
    0.441786     3.292868
    0.454058     3.280845
    0.466330     3.269295
    0.478602     3.258180
    0.490874     3.247466
    0.503146     3.237125
    0.515418     3.227127
    0.527689     3.217452
    0.539961     3.208080
    0.552233     3.198997
    0.564505     3.190195
    0.576777     3.181671
    0.589049     3.173425
    0.601321     3.165462
    0.613592     3.157789
    0.625864     3.150413
    0.638136     3.143337
    0.650408     3.136561
    0.662680     3.130082
    0.674952     3.123894
    0.687223     3.117983
    0.699495     3.112332
    0.711767     3.106921
    0.724039     3.101729
    0.736311     3.096732
    0.748583     3.091907
    0.760854     3.087229
    0.773126     3.082675
    0.785398     3.078224
    0.797670     3.073857
    0.809942     3.069553
    0.822214     3.065296
    0.834486     3.061070
    0.846757     3.056861
    0.859029     3.052658
    0.871301     3.048450
    0.883573     3.044230
    0.895845     3.039997
    0.908117     3.035754
    0.920389     3.031505
    0.932660     3.027262
    0.944932     3.023040
    0.957204     3.018857
    0.969476     3.014732
    0.981748     3.010681
    0.994020     3.006720
    1.006291     3.002863
    1.018563     2.999117
    1.030835     2.995489
    1.043107     2.991982
    1.055379     2.988594
    1.067651     2.985325
    1.079923     2.982170
    1.092194     2.979126
    1.104466     2.976186
    1.116738     2.973344
    1.129010     2.970596
    1.141282     2.967937
    1.153554     2.965363
    1.165825     2.962875
    1.178097     2.960473
    1.190369     2.958158
    1.202641     2.955935
    1.214913     2.953807
    1.227185     2.951782
    1.239457     2.949864
    1.251728     2.948060
    1.264000     2.946375
    1.276272     2.944812
    1.288544     2.943373
    1.300816     2.942057
    1.313088     2.940859
    1.325359     2.939774
    1.337631     2.938792
    1.349903     2.937902
    1.362175     2.937091
    1.374447     2.936345
    1.386719     2.935647
    1.398991     2.934984
    1.411262     2.934341
    1.423534     2.933705
    1.435806     2.933065
    1.448078     2.932410
    1.460350     2.931736
    1.472622     2.931035
    1.484893     2.930308
    1.497165     2.929554
    1.509437     2.928776
    1.521709     2.927977
    1.533981     2.927165
    1.546253     2.926347
    1.558524     2.925531
    1.570796     2.924728
    1.583068     2.923946
    1.595340     2.923197
    1.607612     2.922491
    1.619884     2.921839
    1.632156     2.921248
    1.644427     2.920728
    1.656699     2.920287
    1.668971     2.919927
    1.681243     2.919653
    1.693515     2.919463
    1.705787     2.919355
    1.718059     2.919324
    1.730330     2.919361
    1.742602     2.919458
    1.754874     2.919607
    1.767146     2.919800
    1.779418     2.920031
    1.791690     2.920296
    1.803962     2.920595
    1.816233     2.920928
    1.828505     2.921296
    1.840777     2.921699
    1.853049     2.922135
    1.865321     2.922604
    1.877593     2.923101
    1.889864     2.923623
    1.902136     2.924166
    1.914408     2.924725
    1.926680     2.925296
    1.938952     2.925879
    1.951224     2.926472
    1.963495     2.927075
    1.975767     2.927690
    1.988039     2.928317
    2.000311     2.928962
    2.012583     2.929625
    2.024855     2.930312
    2.037127     2.931024
    2.049398     2.931768
    2.061670     2.932544
    2.073942     2.933360
    2.086214     2.934218
    2.098486     2.935121
    2.110758     2.936073
    2.123029     2.937075
    2.135301     2.938128
    2.147573     2.939233
    2.159845     2.940388
    2.172117     2.941590
    2.184389     2.942835
    2.196661     2.944118
    2.208932     2.945431
    2.221204     2.946771
    2.233476     2.948129
    2.245748     2.949499
    2.258020     2.950876
    2.270292     2.952257
    2.282563     2.953635
    2.294835     2.955011
    2.307107     2.956383
    2.319379     2.957750
    2.331651     2.959110
    2.343923     2.960466
    2.356194     2.961816
    2.368466     2.963159
    2.380738     2.964494
    2.393010     2.965818
    2.405282     2.967129
    2.417554     2.968423
    2.429826     2.969697
    2.442097     2.970948
    2.454369     2.972171
    2.466641     2.973365
    2.478913     2.974528
    2.491185     2.975662
    2.503457     2.976765
    2.515728     2.977840
    2.528000     2.978891
    2.540272     2.979919
    2.552544     2.980928
    2.564816     2.981920
    2.577088     2.982900
    2.589360     2.983869
    2.601631     2.984831
    2.613903     2.985788
    2.626175     2.986743
    2.638447     2.987700
    2.650719     2.988660
    2.662991     2.989627
    2.675262     2.990602
    2.687534     2.991587
    2.699806     2.992580
    2.712078     2.993583
    2.724350     2.994593
    2.736622     2.995610
    2.748894     2.996630
    2.761165     2.997654
    2.773437     2.998678
    2.785709     2.999701
    2.797981     3.000720
    2.810253     3.001733
    2.822525     3.002736
    2.834797     3.003726
    2.847068     3.004700
    2.859340     3.005653
    2.871612     3.006583
    2.883884     3.007485
    2.896156     3.008357
    2.908428     3.009194
    2.920700     3.009995
    2.932971     3.010754
    2.945243     3.011469
    2.957515     3.012136
    2.969787     3.012751
    2.982059     3.013311
    2.994331     3.013814
    3.006603     3.014261
    3.018874     3.014650
    3.031146     3.014987
    3.043418     3.015274
    3.055690     3.015514
    3.067962     3.015712
    3.080234     3.015871
    3.092505     3.015995
    3.104777     3.016088
    3.117049     3.016151
    3.129321     3.016189
    3.141593     3.016201
