# r flatness
    0.012272     5.133141
    0.024544     5.059357
    0.036816     4.951492
    0.049087     4.825092
    0.061359     4.693110
    0.073631     4.564105
    0.085903     4.442751
    0.098175     4.331102
    0.110447     4.229695
    0.122718     4.138258
    0.134990     4.056124
    0.147262     3.982454
    0.159534     3.916382
    0.171806     3.857081
    0.184078     3.803799
    0.196350     3.755863
    0.208621     3.712683
    0.220893     3.673730
    0.233165     3.638537
    0.245437     3.606677
    0.257709     3.577765
    0.269981     3.551445
    0.282252     3.527396
    0.294524     3.505332
    0.306796     3.484998
    0.319068     3.466176
    0.331340     3.448683
    0.343612     3.432367
    0.355884     3.417103
    0.368155     3.402787
    0.380427     3.389336
    0.392699     3.376674
    0.404971     3.364738
    0.417243     3.353471
    0.429515     3.342819
    0.441786     3.332731
    0.454058     3.323154
    0.466330     3.314039
    0.478602     3.305336
    0.490874     3.297000
    0.503146     3.288988
    0.515418     3.281263
    0.527689     3.273792
    0.539961     3.266545
    0.552233     3.259498
    0.564505     3.252627
    0.576777     3.245913
    0.589049     3.239338
    0.601321     3.232882
    0.613592     3.226528
    0.625864     3.220261
    0.638136     3.214061
    0.650408     3.207917
    0.662680     3.201817
    0.674952     3.195754
    0.687223     3.189722
    0.699495     3.183717
    0.711767     3.177738
    0.724039     3.171786
    0.736311     3.165861
    0.748583     3.159966
    0.760854     3.154103
    0.773126     3.148278
    0.785398     3.142494
    0.797670     3.136759
    0.809942     3.131078
    0.822214     3.125460
    0.834486     3.119915
    0.846757     3.114454
    0.859029     3.109089
    0.871301     3.103832
    0.883573     3.098695
    0.895845     3.093689
    0.908117     3.088824
    0.920389     3.084110
    0.932660     3.079554
    0.944932     3.075166
    0.957204     3.070948
    0.969476     3.066909
    0.981748     3.063050
    0.994020     3.059376
    1.006291     3.055888
    1.018563     3.052585
    1.030835     3.049466
    1.043107     3.046529
    1.055379     3.043769
    1.067651     3.041181
    1.079923     3.038760
    1.092194     3.036502
    1.104466     3.034399
    1.116738     3.032446
    1.129010     3.030638
    1.141282     3.028970
    1.153554     3.027434
    1.165825     3.026024
    1.178097     3.024732
    1.190369     3.023547
    1.202641     3.022460
    1.214913     3.021460
    1.227185     3.020536
    1.239457     3.019682
    1.251728     3.018888
    1.264000     3.018149
    1.276272     3.017457
    1.288544     3.016808
    1.300816     3.016195
    1.313088     3.015612
    1.325359     3.015053
    1.337631     3.014506
    1.349903     3.013967
    1.362175     3.013426
    1.374447     3.012878
    1.386719     3.012319
    1.398991     3.011745
    1.411262     3.011156
    1.423534     3.010553
    1.435806     3.009938
    1.448078     3.009315
    1.460350     3.008687
    1.472622     3.008061
    1.484893     3.007440
    1.497165     3.006828
    1.509437     3.006225
    1.521709     3.005632
    1.533981     3.005046
    1.546253     3.004463
    1.558524     3.003878
    1.570796     3.003283
    1.583068     3.002672
    1.595340     3.002038
    1.607612     3.001376
    1.619884     3.000680
    1.632156     2.999947
    1.644427     2.999173
    1.656699     2.998358
    1.668971     2.997501
    1.681243     2.996602
    1.693515     2.995661
    1.705787     2.994680
    1.718059     2.993662
    1.730330     2.992607
    1.742602     2.991520
    1.754874     2.990404
    1.767146     2.989262
    1.779418     2.988096
    1.791690     2.986909
    1.803962     2.985702
    1.816233     2.984475
    1.828505     2.983232
    1.840777     2.981975
    1.853049     2.980708
    1.865321     2.979436
    1.877593     2.978166
    1.889864     2.976904
    1.902136     2.975657
    1.914408     2.974432
    1.926680     2.973233
    1.938952     2.972062
    1.951224     2.970918
    1.963495     2.969797
    1.975767     2.968696
    1.988039     2.967606
    2.000311     2.966520
    2.012583     2.965432
    2.024855     2.964333
    2.037127     2.963217
    2.049398     2.962078
    2.061670     2.960912
    2.073942     2.959713
    2.086214     2.958481
    2.098486     2.957214
    2.110758     2.955914
    2.123029     2.954583
    2.135301     2.953226
    2.147573     2.951849
    2.159845     2.950459
    2.172117     2.949064
    2.184389     2.947673
    2.196661     2.946294
    2.208932     2.944937
    2.221204     2.943609
    2.233476     2.942322
    2.245748     2.941082
    2.258020     2.939898
    2.270292     2.938779
    2.282563     2.937730
    2.294835     2.936758
    2.307107     2.935867
    2.319379     2.935061
    2.331651     2.934338
    2.343923     2.933699
    2.356194     2.933138
    2.368466     2.932647
    2.380738     2.932218
    2.393010     2.931841
    2.405282     2.931504
    2.417554     2.931199
    2.429826     2.930918
    2.442097     2.930658
    2.454369     2.930419
    2.466641     2.930203
    2.478913     2.930015
    2.491185     2.929863
    2.503457     2.929755
    2.515728     2.929702
    2.528000     2.929708
    2.540272     2.929782
    2.552544     2.929928
    2.564816     2.930147
    2.577088     2.930440
    2.589360     2.930801
    2.601631     2.931224
    2.613903     2.931700
    2.626175     2.932221
    2.638447     2.932774
    2.650719     2.933349
    2.662991     2.933934
    2.675262     2.934518
    2.687534     2.935090
    2.699806     2.935642
    2.712078     2.936165
    2.724350     2.936651
    2.736622     2.937093
    2.748894     2.937487
    2.761165     2.937829
    2.773437     2.938115
    2.785709     2.938344
    2.797981     2.938511
    2.810253     2.938616
    2.822525     2.938656
    2.834797     2.938630
    2.847068     2.938535
    2.859340     2.938370
    2.871612     2.938136
    2.883884     2.937835
    2.896156     2.937472
    2.908428     2.937054
    2.920700     2.936590
    2.932971     2.936090
    2.945243     2.935567
    2.957515     2.935031
    2.969787     2.934495
    2.982059     2.933971
    2.994331     2.933472
    3.006603     2.933008
    3.018874     2.932585
    3.031146     2.932209
    3.043418     2.931885
    3.055690     2.931611
    3.067962     2.931388
    3.080234     2.931212
    3.092505     2.931079
    3.104777     2.930983
    3.117049     2.930919
    3.129321     2.930882
    3.141593     2.930871
