# r flatness
    0.012272     5.183682
    0.024544     5.106487
    0.036816     4.993989
    0.049087     4.862813
    0.061359     4.726767
    0.073631     4.594854
    0.085903     4.471810
    0.098175     4.359509
    0.110447     4.258204
    0.122718     4.167336
    0.134990     4.085997
    0.147262     4.013184
    0.159534     3.947918
    0.171806     3.889303
    0.184078     3.836542
    0.196350     3.788929
    0.208621     3.745848
    0.220893     3.706758
    0.233165     3.671179
    0.245437     3.638686
    0.257709     3.608902
    0.269981     3.581490
    0.282252     3.556152
    0.294524     3.532623
    0.306796     3.510679
    0.319068     3.490124
    0.331340     3.470799
    0.343612     3.452573
    0.355884     3.435337
    0.368155     3.418999
    0.380427     3.403478
    0.392699     3.388701
    0.404971     3.374597
    0.417243     3.361099
    0.429515     3.348149
    0.441786     3.335691
    0.454058     3.323689
    0.466330     3.312113
    0.478602     3.300952
    0.490874     3.290204
    0.503146     3.279875
    0.515418     3.269974
    0.527689     3.260509
    0.539961     3.251489
    0.552233     3.242918
    0.564505     3.234792
    0.576777     3.227108
    0.589049     3.219855
    0.601321     3.213020
    0.613592     3.206585
    0.625864     3.200534
    0.638136     3.194845
    0.650408     3.189496
    0.662680     3.184465
    0.674952     3.179727
    0.687223     3.175259
    0.699495     3.171035
    0.711767     3.167033
    0.724039     3.163234
    0.736311     3.159616
    0.748583     3.156166
    0.760854     3.152870
    0.773126     3.149719
    0.785398     3.146702
    0.797670     3.143814
    0.809942     3.141052
    0.822214     3.138411
    0.834486     3.135891
    0.846757     3.133488
    0.859029     3.131200
    0.871301     3.129021
    0.883573     3.126944
    0.895845     3.124961
    0.908117     3.123062
    0.920389     3.121238
    0.932660     3.119481
    0.944932     3.117782
    0.957204     3.116136
    0.969476     3.114538
    0.981748     3.112984
    0.994020     3.111470
    1.006291     3.109993
    1.018563     3.108548
    1.030835     3.107129
    1.043107     3.105729
    1.055379     3.104337
    1.067651     3.102942
    1.079923     3.101530
    1.092194     3.100089
    1.104466     3.098605
    1.116738     3.097066
    1.129010     3.095465
    1.141282     3.093796
    1.153554     3.092056
    1.165825     3.090250
    1.178097     3.088384
    1.190369     3.086468
    1.202641     3.084513
    1.214913     3.082536
    1.227185     3.080552
    1.239457     3.078577
    1.251728     3.076627
    1.264000     3.074717
    1.276272     3.072863
    1.288544     3.071078
    1.300816     3.069376
    1.313088     3.067765
    1.325359     3.066255
    1.337631     3.064849
    1.349903     3.063549
    1.362175     3.062353
    1.374447     3.061253
    1.386719     3.060242
    1.398991     3.059308
    1.411262     3.058439
    1.423534     3.057621
    1.435806     3.056841
    1.448078     3.056084
    1.460350     3.055336
    1.472622     3.054585
    1.484893     3.053821
    1.497165     3.053033
    1.509437     3.052216
    1.521709     3.051363
    1.533981     3.050472
    1.546253     3.049542
    1.558524     3.048570
    1.570796     3.047554
    1.583068     3.046494
    1.595340     3.045385
    1.607612     3.044226
    1.619884     3.043011
    1.632156     3.041734
    1.644427     3.040390
    1.656699     3.038972
    1.668971     3.037474
    1.681243     3.035892
    1.693515     3.034222
    1.705787     3.032463
    1.718059     3.030615
    1.730330     3.028679
    1.742602     3.026659
    1.754874     3.024561
    1.767146     3.022391
    1.779418     3.020160
    1.791690     3.017876
    1.803962     3.015552
    1.816233     3.013200
    1.828505     3.010829
    1.840777     3.008449
    1.853049     3.006068
    1.865321     3.003693
    1.877593     3.001328
    1.889864     2.998978
    1.902136     2.996644
    1.914408     2.994329
    1.926680     2.992033
    1.938952     2.989758
    1.951224     2.987506
    1.963495     2.985280
    1.975767     2.983081
    1.988039     2.980917
    2.000311     2.978789
    2.012583     2.976701
    2.024855     2.974654
    2.037127     2.972648
    2.049398     2.970682
    2.061670     2.968754
    2.073942     2.966861
    2.086214     2.965001
    2.098486     2.963171
    2.110758     2.961372
    2.123029     2.959603
    2.135301     2.957867
    2.147573     2.956166
    2.159845     2.954503
    2.172117     2.952882
    2.184389     2.951306
    2.196661     2.949774
    2.208932     2.948288
    2.221204     2.946846
    2.233476     2.945446
    2.245748     2.944085
    2.258020     2.942755
    2.270292     2.941451
    2.282563     2.940166
    2.294835     2.938891
    2.307107     2.937620
    2.319379     2.936344
    2.331651     2.935057
    2.343923     2.933753
    2.356194     2.932428
    2.368466     2.931078
    2.380738     2.929703
    2.393010     2.928304
    2.405282     2.926887
    2.417554     2.925455
    2.429826     2.924021
    2.442097     2.922593
    2.454369     2.921186
    2.466641     2.919811
    2.478913     2.918482
    2.491185     2.917208
    2.503457     2.916000
    2.515728     2.914865
    2.528000     2.913811
    2.540272     2.912838
    2.552544     2.911949
    2.564816     2.911142
    2.577088     2.910414
    2.589360     2.909761
    2.601631     2.909174
    2.613903     2.908645
    2.626175     2.908166
    2.638447     2.907724
    2.650719     2.907313
    2.662991     2.906920
    2.675262     2.906536
    2.687534     2.906150
    2.699806     2.905753
    2.712078     2.905336
    2.724350     2.904892
    2.736622     2.904413
    2.748894     2.903893
    2.761165     2.903328
    2.773437     2.902714
    2.785709     2.902048
    2.797981     2.901330
    2.810253     2.900559
    2.822525     2.899738
    2.834797     2.898869
    2.847068     2.897956
    2.859340     2.897004
    2.871612     2.896016
    2.883884     2.895000
    2.896156     2.893962
    2.908428     2.892908
    2.920700     2.891847
    2.932971     2.890788
    2.945243     2.889742
    2.957515     2.888715
    2.969787     2.887719
    2.982059     2.886761
    2.994331     2.885850
    3.006603     2.884986
    3.018874     2.884178
    3.031146     2.883430
    3.043418     2.882745
    3.055690     2.882127
    3.067962     2.881580
    3.080234     2.881108
    3.092505     2.880715
    3.104777     2.880405
    3.117049     2.880182
    3.129321     2.880046
    3.141593     2.880001
