# r flatness
    0.012272     5.160322
    0.024544     5.078522
    0.036816     4.960182
    0.049087     4.823361
    0.061359     4.682627
    0.073631     4.547204
    0.085903     4.421817
    0.098175     4.308268
    0.110447     4.206713
    0.122718     4.116466
    0.134990     4.036457
    0.147262     3.965493
    0.159534     3.902405
    0.171806     3.846109
    0.184078     3.795647
    0.196350     3.750188
    0.208621     3.709029
    0.220893     3.671579
    0.233165     3.637347
    0.245437     3.605922
    0.257709     3.576963
    0.269981     3.550185
    0.282252     3.525349
    0.294524     3.502252
    0.306796     3.480723
    0.319068     3.460611
    0.331340     3.441787
    0.343612     3.424129
    0.355884     3.407527
    0.368155     3.391881
    0.380427     3.377099
    0.392699     3.363100
    0.404971     3.349815
    0.417243     3.337185
    0.429515     3.325164
    0.441786     3.313713
    0.454058     3.302801
    0.466330     3.292400
    0.478602     3.282486
    0.490874     3.273033
    0.503146     3.264017
    0.515418     3.255412
    0.527689     3.247196
    0.539961     3.239342
    0.552233     3.231831
    0.564505     3.224643
    0.576777     3.217763
    0.589049     3.211174
    0.601321     3.204866
    0.613592     3.198824
    0.625864     3.193038
    0.638136     3.187496
    0.650408     3.182183
    0.662680     3.177085
    0.674952     3.172185
    0.687223     3.167463
    0.699495     3.162899
    0.711767     3.158470
    0.724039     3.154154
    0.736311     3.149924
    0.748583     3.145755
    0.760854     3.141623
    0.773126     3.137504
    0.785398     3.133375
    0.797670     3.129217
    0.809942     3.125015
    0.822214     3.120757
    0.834486     3.116439
    0.846757     3.112056
    0.859029     3.107610
    0.871301     3.103102
    0.883573     3.098533
    0.895845     3.093907
    0.908117     3.089226
    0.920389     3.084494
    0.932660     3.079715
    0.944932     3.074896
    0.957204     3.070045
    0.969476     3.065176
    0.981748     3.060301
    0.994020     3.055441
    1.006291     3.050612
    1.018563     3.045839
    1.030835     3.041138
    1.043107     3.036532
    1.055379     3.032035
    1.067651     3.027660
    1.079923     3.023415
    1.092194     3.019306
    1.104466     3.015332
    1.116738     3.011492
    1.129010     3.007782
    1.141282     3.004196
    1.153554     3.000729
    1.165825     2.997373
    1.178097     2.994124
    1.190369     2.990978
    1.202641     2.987931
    1.214913     2.984985
    1.227185     2.982139
    1.239457     2.979396
    1.251728     2.976758
    1.264000     2.974227
    1.276272     2.971804
    1.288544     2.969489
    1.300816     2.967283
    1.313088     2.965186
    1.325359     2.963199
    1.337631     2.961323
    1.349903     2.959557
    1.362175     2.957905
    1.374447     2.956367
    1.386719     2.954942
    1.398991     2.953628
    1.411262     2.952420
    1.423534     2.951313
    1.435806     2.950297
    1.448078     2.949362
    1.460350     2.948498
    1.472622     2.947692
    1.484893     2.946933
    1.497165     2.946209
    1.509437     2.945508
    1.521709     2.944818
    1.533981     2.944131
    1.546253     2.943439
    1.558524     2.942737
    1.570796     2.942023
    1.583068     2.941299
    1.595340     2.940569
    1.607612     2.939837
    1.619884     2.939116
    1.632156     2.938411
    1.644427     2.937734
    1.656699     2.937095
    1.668971     2.936502
    1.681243     2.935961
    1.693515     2.935478
    1.705787     2.935057
    1.718059     2.934701
    1.730330     2.934411
    1.742602     2.934187
    1.754874     2.934026
    1.767146     2.933928
    1.779418     2.933885
    1.791690     2.933893
    1.803962     2.933945
    1.816233     2.934032
    1.828505     2.934148
    1.840777     2.934283
    1.853049     2.934434
    1.865321     2.934597
    1.877593     2.934770
    1.889864     2.934952
    1.902136     2.935146
    1.914408     2.935357
    1.926680     2.935588
    1.938952     2.935846
    1.951224     2.936134
    1.963495     2.936457
    1.975767     2.936816
    1.988039     2.937208
    2.000311     2.937632
    2.012583     2.938083
    2.024855     2.938555
    2.037127     2.939043
    2.049398     2.939543
    2.061670     2.940052
    2.073942     2.940570
    2.086214     2.941100
    2.098486     2.941647
    2.110758     2.942218
    2.123029     2.942820
    2.135301     2.943461
    2.147573     2.944147
    2.159845     2.944880
    2.172117     2.945662
    2.184389     2.946490
    2.196661     2.947358
    2.208932     2.948258
    2.221204     2.949178
    2.233476     2.950106
    2.245748     2.951027
    2.258020     2.951926
    2.270292     2.952790
    2.282563     2.953606
    2.294835     2.954362
    2.307107     2.955050
    2.319379     2.955665
    2.331651     2.956203
    2.343923     2.956661
    2.356194     2.957040
    2.368466     2.957338
    2.380738     2.957553
    2.393010     2.957686
    2.405282     2.957734
    2.417554     2.957694
    2.429826     2.957566
    2.442097     2.957346
    2.454369     2.957034
    2.466641     2.956630
    2.478913     2.956132
    2.491185     2.955543
    2.503457     2.954863
    2.515728     2.954095
    2.528000     2.953244
    2.540272     2.952312
    2.552544     2.951303
    2.564816     2.950224
    2.577088     2.949082
    2.589360     2.947886
    2.601631     2.946643
    2.613903     2.945368
    2.626175     2.944070
    2.638447     2.942761
    2.650719     2.941453
    2.662991     2.940156
    2.675262     2.938879
    2.687534     2.937629
    2.699806     2.936414
    2.712078     2.935232
    2.724350     2.934088
    2.736622     2.932980
    2.748894     2.931903
    2.761165     2.930854
    2.773437     2.929829
    2.785709     2.928825
    2.797981     2.927843
    2.810253     2.926884
    2.822525     2.925951
    2.834797     2.925049
    2.847068     2.924183
    2.859340     2.923357
    2.871612     2.922575
    2.883884     2.921838
    2.896156     2.921148
    2.908428     2.920505
    2.920700     2.919908
    2.932971     2.919357
    2.945243     2.918852
    2.957515     2.918391
    2.969787     2.917975
    2.982059     2.917603
    2.994331     2.917274
    3.006603     2.916985
    3.018874     2.916736
    3.031146     2.916524
    3.043418     2.916345
    3.055690     2.916198
    3.067962     2.916077
    3.080234     2.915981
    3.092505     2.915907
    3.104777     2.915850
    3.117049     2.915812
    3.129321     2.915789
    3.141593     2.915782
