# r flatness
    0.012272     4.914577
    0.024544     4.848778
    0.036816     4.752449
    0.049087     4.639440
    0.061359     4.521424
    0.073631     4.406187
    0.085903     4.297996
    0.098175     4.198708
    0.110447     4.108774
    0.122718     4.027894
    0.134990     3.955401
    0.147262     3.890482
    0.159534     3.832296
    0.171806     3.780035
    0.184078     3.732956
    0.196350     3.690385
    0.208621     3.651726
    0.220893     3.616461
    0.233165     3.584135
    0.245437     3.554364
    0.257709     3.526815
    0.269981     3.501214
    0.282252     3.477330
    0.294524     3.454976
    0.306796     3.433997
    0.319068     3.414264
    0.331340     3.395666
    0.343612     3.378104
    0.355884     3.361486
    0.368155     3.345727
    0.380427     3.330748
    0.392699     3.316477
    0.404971     3.302848
    0.417243     3.289804
    0.429515     3.277302
    0.441786     3.265302
    0.454058     3.253778
    0.466330     3.242708
    0.478602     3.232078
    0.490874     3.221873
    0.503146     3.212084
    0.515418     3.202702
    0.527689     3.193712
    0.539961     3.185105
    0.552233     3.176862
    0.564505     3.168966
    0.576777     3.161398
    0.589049     3.154139
    0.601321     3.147170
    0.613592     3.140471
    0.625864     3.134027
    0.638136     3.127823
    0.650408     3.121845
    0.662680     3.116083
    0.674952     3.110527
    0.687223     3.105166
    0.699495     3.099990
    0.711767     3.094990
    0.724039     3.090157
    0.736311     3.085481
    0.748583     3.080958
    0.760854     3.076583
    0.773126     3.072350
    0.785398     3.068258
    0.797670     3.064306
    0.809942     3.060496
    0.822214     3.056829
    0.834486     3.053308
    0.846757     3.049935
    0.859029     3.046709
    0.871301     3.043628
    0.883573     3.040686
    0.895845     3.037874
    0.908117     3.035181
    0.920389     3.032594
    0.932660     3.030102
    0.944932     3.027689
    0.957204     3.025344
    0.969476     3.023055
    0.981748     3.020811
    0.994020     3.018607
    1.006291     3.016434
    1.018563     3.014288
    1.030835     3.012168
    1.043107     3.010071
    1.055379     3.007999
    1.067651     3.005956
    1.079923     3.003942
    1.092194     3.001962
    1.104466     3.000018
    1.116738     2.998110
    1.129010     2.996238
    1.141282     2.994399
    1.153554     2.992593
    1.165825     2.990816
    1.178097     2.989068
    1.190369     2.987346
    1.202641     2.985648
    1.214913     2.983973
    1.227185     2.982316
    1.239457     2.980674
    1.251728     2.979042
    1.264000     2.977414
    1.276272     2.975787
    1.288544     2.974155
    1.300816     2.972517
    1.313088     2.970869
    1.325359     2.969212
    1.337631     2.967546
    1.349903     2.965871
    1.362175     2.964190
    1.374447     2.962506
    1.386719     2.960822
    1.398991     2.959144
    1.411262     2.957477
    1.423534     2.955825
    1.435806     2.954193
    1.448078     2.952589
    1.460350     2.951018
    1.472622     2.949486
    1.484893     2.948002
    1.497165     2.946572
    1.509437     2.945204
    1.521709     2.943906
    1.533981     2.942681
    1.546253     2.941533
    1.558524     2.940461
    1.570796     2.939463
    1.583068     2.938531
    1.595340     2.937658
    1.607612     2.936834
    1.619884     2.936050
    1.632156     2.935295
    1.644427     2.934561
    1.656699     2.933840
    1.668971     2.933125
    1.681243     2.932411
    1.693515     2.931696
    1.705787     2.930979
    1.718059     2.930259
    1.730330     2.929541
    1.742602     2.928826
    1.754874     2.928118
    1.767146     2.927420
    1.779418     2.926736
    1.791690     2.926067
    1.803962     2.925418
    1.816233     2.924787
    1.828505     2.924177
    1.840777     2.923589
    1.853049     2.923021
    1.865321     2.922475
    1.877593     2.921951
    1.889864     2.921449
    1.902136     2.920973
    1.914408     2.920524
    1.926680     2.920109
    1.938952     2.919731
    1.951224     2.919395
    1.963495     2.919106
    1.975767     2.918865
    1.988039     2.918673
    2.000311     2.918525
    2.012583     2.918420
    2.024855     2.918350
    2.037127     2.918309
    2.049398     2.918288
    2.061670     2.918276
    2.073942     2.918262
    2.086214     2.918236
    2.098486     2.918187
    2.110758     2.918104
    2.123029     2.917980
    2.135301     2.917809
    2.147573     2.917587
    2.159845     2.917312
    2.172117     2.916983
    2.184389     2.916604
    2.196661     2.916175
    2.208932     2.915701
    2.221204     2.915186
    2.233476     2.914634
    2.245748     2.914052
    2.258020     2.913442
    2.270292     2.912811
    2.282563     2.912162
    2.294835     2.911500
    2.307107     2.910830
    2.319379     2.910156
    2.331651     2.909485
    2.343923     2.908823
    2.356194     2.908176
    2.368466     2.907554
    2.380738     2.906962
    2.393010     2.906408
    2.405282     2.905897
    2.417554     2.905432
    2.429826     2.905011
    2.442097     2.904634
    2.454369     2.904298
    2.466641     2.903992
    2.478913     2.903713
    2.491185     2.903452
    2.503457     2.903201
    2.515728     2.902955
    2.528000     2.902705
    2.540272     2.902448
    2.552544     2.902180
    2.564816     2.901899
    2.577088     2.901604
    2.589360     2.901294
    2.601631     2.900971
    2.613903     2.900637
    2.626175     2.900294
    2.638447     2.899942
    2.650719     2.899586
    2.662991     2.899226
    2.675262     2.898867
    2.687534     2.898508
    2.699806     2.898154
    2.712078     2.897809
    2.724350     2.897475
    2.736622     2.897157
    2.748894     2.896857
    2.761165     2.896581
    2.773437     2.896328
    2.785709     2.896100
    2.797981     2.895896
    2.810253     2.895713
    2.822525     2.895547
    2.834797     2.895396
    2.847068     2.895254
    2.859340     2.895118
    2.871612     2.894982
    2.883884     2.894843
    2.896156     2.894698
    2.908428     2.894543
    2.920700     2.894379
    2.932971     2.894203
    2.945243     2.894017
    2.957515     2.893822
    2.969787     2.893621
    2.982059     2.893417
    2.994331     2.893214
    3.006603     2.893016
    3.018874     2.892823
    3.031146     2.892643
    3.043418     2.892475
    3.055690     2.892323
    3.067962     2.892186
    3.080234     2.892068
    3.092505     2.891969
    3.104777     2.891891
    3.117049     2.891833
    3.129321     2.891799
    3.141593     2.891787
