# r flatness
    0.012272     5.115104
    0.024544     5.040649
    0.036816     4.931625
    0.049087     4.803658
    0.061359     4.669924
    0.073631     4.539248
    0.085903     4.416502
    0.098175     4.303816
    0.110447     4.201703
    0.122718     4.109817
    0.134990     4.027401
    0.147262     3.953543
    0.159534     3.887297
    0.171806     3.827754
    0.184078     3.774076
    0.196350     3.725519
    0.208621     3.681432
    0.220893     3.641264
    0.233165     3.604553
    0.245437     3.570914
    0.257709     3.540023
    0.269981     3.511606
    0.282252     3.485426
    0.294524     3.461270
    0.306796     3.438954
    0.319068     3.418304
    0.331340     3.399169
    0.343612     3.381404
    0.355884     3.364884
    0.368155     3.349493
    0.380427     3.335132
    0.392699     3.321709
    0.404971     3.309141
    0.417243     3.297357
    0.429515     3.286289
    0.441786     3.275880
    0.454058     3.266071
    0.466330     3.256818
    0.478602     3.248069
    0.490874     3.239784
    0.503146     3.231921
    0.515418     3.224443
    0.527689     3.217315
    0.539961     3.210507
    0.552233     3.203992
    0.564505     3.197745
    0.576777     3.191745
    0.589049     3.185972
    0.601321     3.180411
    0.613592     3.175049
    0.625864     3.169875
    0.638136     3.164887
    0.650408     3.160083
    0.662680     3.155464
    0.674952     3.151037
    0.687223     3.146811
    0.699495     3.142796
    0.711767     3.139003
    0.724039     3.135445
    0.736311     3.132131
    0.748583     3.129068
    0.760854     3.126254
    0.773126     3.123686
    0.785398     3.121351
    0.797670     3.119232
    0.809942     3.117307
    0.822214     3.115549
    0.834486     3.113929
    0.846757     3.112413
    0.859029     3.110970
    0.871301     3.109567
    0.883573     3.108173
    0.895845     3.106758
    0.908117     3.105302
    0.920389     3.103785
    0.932660     3.102197
    0.944932     3.100534
    0.957204     3.098798
    0.969476     3.096997
    0.981748     3.095144
    0.994020     3.093251
    1.006291     3.091332
    1.018563     3.089403
    1.030835     3.087476
    1.043107     3.085563
    1.055379     3.083673
    1.067651     3.081814
    1.079923     3.079996
    1.092194     3.078224
    1.104466     3.076506
    1.116738     3.074844
    1.129010     3.073242
    1.141282     3.071701
    1.153554     3.070219
    1.165825     3.068792
    1.178097     3.067415
    1.190369     3.066080
    1.202641     3.064780
    1.214913     3.063508
    1.227185     3.062262
    1.239457     3.061038
    1.251728     3.059838
    1.264000     3.058664
    1.276272     3.057522
    1.288544     3.056417
    1.300816     3.055351
    1.313088     3.054331
    1.325359     3.053357
    1.337631     3.052432
    1.349903     3.051556
    1.362175     3.050731
    1.374447     3.049955
    1.386719     3.049230
    1.398991     3.048557
    1.411262     3.047936
    1.423534     3.047369
    1.435806     3.046855
    1.448078     3.046397
    1.460350     3.045992
    1.472622     3.045638
    1.484893     3.045333
    1.497165     3.045072
    1.509437     3.044848
    1.521709     3.044656
    1.533981     3.044488
    1.546253     3.044339
    1.558524     3.044204
    1.570796     3.044079
    1.583068     3.043962
    1.595340     3.043856
    1.607612     3.043763
    1.619884     3.043689
    1.632156     3.043638
    1.644427     3.043620
    1.656699     3.043642
    1.668971     3.043712
    1.681243     3.043838
    1.693515     3.044027
    1.705787     3.044283
    1.718059     3.044608
    1.730330     3.045005
    1.742602     3.045471
    1.754874     3.046006
    1.767146     3.046604
    1.779418     3.047262
    1.791690     3.047977
    1.803962     3.048743
    1.816233     3.049558
    1.828505     3.050420
    1.840777     3.051326
    1.853049     3.052274
    1.865321     3.053264
    1.877593     3.054290
    1.889864     3.055349
    1.902136     3.056432
    1.914408     3.057531
    1.926680     3.058637
    1.938952     3.059736
    1.951224     3.060815
    1.963495     3.061864
    1.975767     3.062872
    1.988039     3.063833
    2.000311     3.064740
    2.012583     3.065591
    2.024855     3.066385
    2.037127     3.067122
    2.049398     3.067806
    2.061670     3.068435
    2.073942     3.069015
    2.086214     3.069545
    2.098486     3.070030
    2.110758     3.070469
    2.123029     3.070866
    2.135301     3.071218
    2.147573     3.071526
    2.159845     3.071787
    2.172117     3.071997
    2.184389     3.072152
    2.196661     3.072251
    2.208932     3.072289
    2.221204     3.072270
    2.233476     3.072190
    2.245748     3.072053
    2.258020     3.071863
    2.270292     3.071621
    2.282563     3.071332
    2.294835     3.070997
    2.307107     3.070621
    2.319379     3.070207
    2.331651     3.069758
    2.343923     3.069277
    2.356194     3.068769
    2.368466     3.068240
    2.380738     3.067696
    2.393010     3.067145
    2.405282     3.066597
    2.417554     3.066058
    2.429826     3.065539
    2.442097     3.065047
    2.454369     3.064589
    2.466641     3.064169
    2.478913     3.063792
    2.491185     3.063459
    2.503457     3.063173
    2.515728     3.062930
    2.528000     3.062729
    2.540272     3.062563
    2.552544     3.062428
    2.564816     3.062320
    2.577088     3.062230
    2.589360     3.062156
    2.601631     3.062093
    2.613903     3.062038
    2.626175     3.061989
    2.638447     3.061942
    2.650719     3.061898
    2.662991     3.061852
    2.675262     3.061806
    2.687534     3.061759
    2.699806     3.061710
    2.712078     3.061661
    2.724350     3.061614
    2.736622     3.061572
    2.748894     3.061538
    2.761165     3.061514
    2.773437     3.061501
    2.785709     3.061501
    2.797981     3.061513
    2.810253     3.061537
    2.822525     3.061571
    2.834797     3.061613
    2.847068     3.061661
    2.859340     3.061713
    2.871612     3.061767
    2.883884     3.061825
    2.896156     3.061888
    2.908428     3.061962
    2.920700     3.062053
    2.932971     3.062165
    2.945243     3.062303
    2.957515     3.062470
    2.969787     3.062669
    2.982059     3.062896
    2.994331     3.063148
    3.006603     3.063422
    3.018874     3.063711
    3.031146     3.064008
    3.043418     3.064303
    3.055690     3.064590
    3.067962     3.064859
    3.080234     3.065103
    3.092505     3.065312
    3.104777     3.065481
    3.117049     3.065605
    3.129321     3.065681
    3.141593     3.065707
