# r flatness
    0.012272     4.943771
    0.024544     4.878883
    0.036816     4.783574
    0.049087     4.671265
    0.061359     4.553407
    0.073631     4.437815
    0.085903     4.328899
    0.098175     4.228651
    0.110447     4.137578
    0.122718     4.055375
    0.134990     3.981341
    0.147262     3.914640
    0.159534     3.854431
    0.171806     3.799939
    0.184078     3.750476
    0.196350     3.705446
    0.208621     3.664329
    0.220893     3.626674
    0.233165     3.592088
    0.245437     3.560226
    0.257709     3.530786
    0.269981     3.503502
    0.282252     3.478144
    0.294524     3.454511
    0.306796     3.432431
    0.319068     3.411756
    0.331340     3.392356
    0.343612     3.374121
    0.355884     3.356959
    0.368155     3.340789
    0.380427     3.325537
    0.392699     3.311142
    0.404971     3.297545
    0.417243     3.284693
    0.429515     3.272533
    0.441786     3.261014
    0.454058     3.250085
    0.466330     3.239696
    0.478602     3.229798
    0.490874     3.220344
    0.503146     3.211291
    0.515418     3.202604
    0.527689     3.194251
    0.539961     3.186213
    0.552233     3.178474
    0.564505     3.171025
    0.576777     3.163860
    0.589049     3.156974
    0.601321     3.150362
    0.613592     3.144016
    0.625864     3.137924
    0.638136     3.132074
    0.650408     3.126447
    0.662680     3.121022
    0.674952     3.115774
    0.687223     3.110680
    0.699495     3.105712
    0.711767     3.100845
    0.724039     3.096054
    0.736311     3.091316
    0.748583     3.086613
    0.760854     3.081927
    0.773126     3.077245
    0.785398     3.072560
    0.797670     3.067865
    0.809942     3.063160
    0.822214     3.058447
    0.834486     3.053734
    0.846757     3.049029
    0.859029     3.044347
    0.871301     3.039700
    0.883573     3.035105
    0.895845     3.030577
    0.908117     3.026130
    0.920389     3.021777
    0.932660     3.017527
    0.944932     3.013387
    0.957204     3.009359
    0.969476     3.005444
    0.981748     3.001638
    0.994020     2.997938
    1.006291     2.994336
    1.018563     2.990825
    1.030835     2.987397
    1.043107     2.984044
    1.055379     2.980755
    1.067651     2.977523
    1.079923     2.974340
    1.092194     2.971200
    1.104466     2.968101
    1.116738     2.965040
    1.129010     2.962016
    1.141282     2.959030
    1.153554     2.956085
    1.165825     2.953180
    1.178097     2.950317
    1.190369     2.947493
    1.202641     2.944709
    1.214913     2.941963
    1.227185     2.939254
    1.239457     2.936579
    1.251728     2.933942
    1.264000     2.931340
    1.276272     2.928776
    1.288544     2.926254
    1.300816     2.923777
    1.313088     2.921349
    1.325359     2.918975
    1.337631     2.916662
    1.349903     2.914413
    1.362175     2.912234
    1.374447     2.910128
    1.386719     2.908096
    1.398991     2.906139
    1.411262     2.904255
    1.423534     2.902440
    1.435806     2.900690
    1.448078     2.899000
    1.460350     2.897366
    1.472622     2.895783
    1.484893     2.894246
    1.497165     2.892753
    1.509437     2.891299
    1.521709     2.889883
    1.533981     2.888499
    1.546253     2.887147
    1.558524     2.885827
    1.570796     2.884537
    1.583068     2.883277
    1.595340     2.882049
    1.607612     2.880854
    1.619884     2.879694
    1.632156     2.878570
    1.644427     2.877485
    1.656699     2.876439
    1.668971     2.875438
    1.681243     2.874484
    1.693515     2.873579
    1.705787     2.872728
    1.718059     2.871932
    1.730330     2.871192
    1.742602     2.870505
    1.754874     2.869871
    1.767146     2.869282
    1.779418     2.868733
    1.791690     2.868217
    1.803962     2.867724
    1.816233     2.867246
    1.828505     2.866776
    1.840777     2.866306
    1.853049     2.865830
    1.865321     2.865343
    1.877593     2.864842
    1.889864     2.864323
    1.902136     2.863786
    1.914408     2.863230
    1.926680     2.862656
    1.938952     2.862065
    1.951224     2.861460
    1.963495     2.860844
    1.975767     2.860221
    1.988039     2.859594
    2.000311     2.858973
    2.012583     2.858360
    2.024855     2.857766
    2.037127     2.857196
    2.049398     2.856659
    2.061670     2.856162
    2.073942     2.855715
    2.086214     2.855322
    2.098486     2.854992
    2.110758     2.854729
    2.123029     2.854537
    2.135301     2.854418
    2.147573     2.854373
    2.159845     2.854403
    2.172117     2.854504
    2.184389     2.854676
    2.196661     2.854914
    2.208932     2.855215
    2.221204     2.855577
    2.233476     2.855996
    2.245748     2.856469
    2.258020     2.856992
    2.270292     2.857562
    2.282563     2.858180
    2.294835     2.858843
    2.307107     2.859552
    2.319379     2.860309
    2.331651     2.861117
    2.343923     2.861980
    2.356194     2.862902
    2.368466     2.863887
    2.380738     2.864938
    2.393010     2.866057
    2.405282     2.867247
    2.417554     2.868509
    2.429826     2.869841
    2.442097     2.871238
    2.454369     2.872696
    2.466641     2.874206
    2.478913     2.875760
    2.491185     2.877346
    2.503457     2.878953
    2.515728     2.880569
    2.528000     2.882179
    2.540272     2.883774
    2.552544     2.885338
    2.564816     2.886861
    2.577088     2.888330
    2.589360     2.889732
    2.601631     2.891057
    2.613903     2.892290
    2.626175     2.893424
    2.638447     2.894446
    2.650719     2.895349
    2.662991     2.896125
    2.675262     2.896774
    2.687534     2.897292
    2.699806     2.897682
    2.712078     2.897949
    2.724350     2.898100
    2.736622     2.898146
    2.748894     2.898099
    2.761165     2.897972
    2.773437     2.897783
    2.785709     2.897547
    2.797981     2.897282
    2.810253     2.897001
    2.822525     2.896721
    2.834797     2.896454
    2.847068     2.896211
    2.859340     2.896003
    2.871612     2.895835
    2.883884     2.895715
    2.896156     2.895648
    2.908428     2.895638
    2.920700     2.895684
    2.932971     2.895787
    2.945243     2.895943
    2.957515     2.896147
    2.969787     2.896392
    2.982059     2.896669
    2.994331     2.896970
    3.006603     2.897284
    3.018874     2.897604
    3.031146     2.897920
    3.043418     2.898224
    3.055690     2.898507
    3.067962     2.898763
    3.080234     2.898987
    3.092505     2.899173
    3.104777     2.899319
    3.117049     2.899423
    3.129321     2.899485
    3.141593     2.899507
