# r flatness
    0.012272     5.090559
    0.024544     5.020178
    0.036816     4.917247
    0.049087     4.796707
    0.061359     4.671131
    0.073631     4.548837
    0.085903     4.434300
    0.098175     4.329380
    0.110447     4.234433
    0.122718     4.149030
    0.134990     4.072367
    0.147262     4.003501
    0.159534     3.941495
    0.171806     3.885480
    0.184078     3.834687
    0.196350     3.788456
    0.208621     3.746218
    0.220893     3.707491
    0.233165     3.671860
    0.245437     3.638968
    0.257709     3.608506
    0.269981     3.580209
    0.282252     3.553846
    0.294524     3.529216
    0.306796     3.506144
    0.319068     3.484481
    0.331340     3.464093
    0.343612     3.444864
    0.355884     3.426695
    0.368155     3.409496
    0.380427     3.393186
    0.392699     3.377694
    0.404971     3.362951
    0.417243     3.348890
    0.429515     3.335451
    0.441786     3.322580
    0.454058     3.310228
    0.466330     3.298355
    0.478602     3.286931
    0.490874     3.275929
    0.503146     3.265331
    0.515418     3.255128
    0.527689     3.245311
    0.539961     3.235877
    0.552233     3.226823
    0.564505     3.218148
    0.576777     3.209851
    0.589049     3.201929
    0.601321     3.194376
    0.613592     3.187184
    0.625864     3.180343
    0.638136     3.173843
    0.650408     3.167671
    0.662680     3.161817
    0.674952     3.156270
    0.687223     3.151022
    0.699495     3.146061
    0.711767     3.141380
    0.724039     3.136967
    0.736311     3.132811
    0.748583     3.128903
    0.760854     3.125230
    0.773126     3.121783
    0.785398     3.118551
    0.797670     3.115524
    0.809942     3.112691
    0.822214     3.110043
    0.834486     3.107567
    0.846757     3.105253
    0.859029     3.103090
    0.871301     3.101065
    0.883573     3.099169
    0.895845     3.097391
    0.908117     3.095721
    0.920389     3.094151
    0.932660     3.092672
    0.944932     3.091278
    0.957204     3.089964
    0.969476     3.088724
    0.981748     3.087554
    0.994020     3.086448
    1.006291     3.085400
    1.018563     3.084400
    1.030835     3.083439
    1.043107     3.082503
    1.055379     3.081577
    1.067651     3.080647
    1.079923     3.079699
    1.092194     3.078724
    1.104466     3.077709
    1.116738     3.076651
    1.129010     3.075545
    1.141282     3.074389
    1.153554     3.073184
    1.165825     3.071933
    1.178097     3.070639
    1.190369     3.069311
    1.202641     3.067954
    1.214913     3.066578
    1.227185     3.065188
    1.239457     3.063792
    1.251728     3.062397
    1.264000     3.061007
    1.276272     3.059626
    1.288544     3.058256
    1.300816     3.056902
    1.313088     3.055565
    1.325359     3.054250
    1.337631     3.052959
    1.349903     3.051698
    1.362175     3.050468
    1.374447     3.049273
    1.386719     3.048115
    1.398991     3.046994
    1.411262     3.045907
    1.423534     3.044852
    1.435806     3.043823
    1.448078     3.042816
    1.460350     3.041824
    1.472622     3.040840
    1.484893     3.039861
    1.497165     3.038883
    1.509437     3.037903
    1.521709     3.036918
    1.533981     3.035930
    1.546253     3.034939
    1.558524     3.033943
    1.570796     3.032945
    1.583068     3.031943
    1.595340     3.030936
    1.607612     3.029926
    1.619884     3.028909
    1.632156     3.027886
    1.644427     3.026858
    1.656699     3.025822
    1.668971     3.024784
    1.681243     3.023747
    1.693515     3.022719
    1.705787     3.021709
    1.718059     3.020730
    1.730330     3.019791
    1.742602     3.018905
    1.754874     3.018082
    1.767146     3.017328
    1.779418     3.016647
    1.791690     3.016044
    1.803962     3.015515
    1.816233     3.015058
    1.828505     3.014666
    1.840777     3.014332
    1.853049     3.014047
    1.865321     3.013803
    1.877593     3.013592
    1.889864     3.013406
    1.902136     3.013237
    1.914408     3.013081
    1.926680     3.012932
    1.938952     3.012788
    1.951224     3.012646
    1.963495     3.012505
    1.975767     3.012366
    1.988039     3.012225
    2.000311     3.012085
    2.012583     3.011944
    2.024855     3.011803
    2.037127     3.011660
    2.049398     3.011517
    2.061670     3.011372
    2.073942     3.011225
    2.086214     3.011078
    2.098486     3.010930
    2.110758     3.010782
    2.123029     3.010636
    2.135301     3.010492
    2.147573     3.010350
    2.159845     3.010207
    2.172117     3.010065
    2.184389     3.009921
    2.196661     3.009773
    2.208932     3.009621
    2.221204     3.009461
    2.233476     3.009290
    2.245748     3.009103
    2.258020     3.008893
    2.270292     3.008656
    2.282563     3.008384
    2.294835     3.008070
    2.307107     3.007709
    2.319379     3.007296
    2.331651     3.006826
    2.343923     3.006297
    2.356194     3.005709
    2.368466     3.005059
    2.380738     3.004349
    2.393010     3.003581
    2.405282     3.002757
    2.417554     3.001883
    2.429826     3.000960
    2.442097     2.999996
    2.454369     2.998997
    2.466641     2.997972
    2.478913     2.996928
    2.491185     2.995879
    2.503457     2.994837
    2.515728     2.993813
    2.528000     2.992820
    2.540272     2.991870
    2.552544     2.990973
    2.564816     2.990137
    2.577088     2.989371
    2.589360     2.988678
    2.601631     2.988063
    2.613903     2.987526
    2.626175     2.987069
    2.638447     2.986688
    2.650719     2.986380
    2.662991     2.986142
    2.675262     2.985968
    2.687534     2.985850
    2.699806     2.985782
    2.712078     2.985758
    2.724350     2.985770
    2.736622     2.985815
    2.748894     2.985888
    2.761165     2.985988
    2.773437     2.986115
    2.785709     2.986272
    2.797981     2.986460
    2.810253     2.986685
    2.822525     2.986947
    2.834797     2.987253
    2.847068     2.987603
    2.859340     2.988000
    2.871612     2.988441
    2.883884     2.988926
    2.896156     2.989452
    2.908428     2.990011
    2.920700     2.990599
    2.932971     2.991206
    2.945243     2.991825
    2.957515     2.992446
    2.969787     2.993060
    2.982059     2.993658
    2.994331     2.994231
    3.006603     2.994772
    3.018874     2.995275
    3.031146     2.995734
    3.043418     2.996147
    3.055690     2.996511
    3.067962     2.996826
    3.080234     2.997092
    3.092505     2.997308
    3.104777     2.997476
    3.117049     2.997596
    3.129321     2.997669
    3.141593     2.997693
