# r flatness
    0.012272     5.156671
    0.024544     5.075825
    0.036816     4.958046
    0.049087     4.820655
    0.061359     4.677968
    0.073631     4.539355
    0.085903     4.409851
    0.098175     4.291595
    0.110447     4.185051
    0.122718     4.089809
    0.134990     4.005030
    0.147262     3.929704
    0.159534     3.862784
    0.171806     3.803261
    0.184078     3.750197
    0.196350     3.702743
    0.208621     3.660141
    0.220893     3.621723
    0.233165     3.586908
    0.245437     3.555194
    0.257709     3.526158
    0.269981     3.499443
    0.282252     3.474750
    0.294524     3.451825
    0.306796     3.430456
    0.319068     3.410458
    0.331340     3.391677
    0.343612     3.373981
    0.355884     3.357261
    0.368155     3.341424
    0.380427     3.326393
    0.392699     3.312112
    0.404971     3.298532
    0.417243     3.285617
    0.429515     3.273339
    0.441786     3.261675
    0.454058     3.250600
    0.466330     3.240096
    0.478602     3.230138
    0.490874     3.220706
    0.503146     3.211775
    0.515418     3.203320
    0.527689     3.195315
    0.539961     3.187732
    0.552233     3.180545
    0.564505     3.173727
    0.576777     3.167249
    0.589049     3.161087
    0.601321     3.155217
    0.613592     3.149618
    0.625864     3.144267
    0.638136     3.139145
    0.650408     3.134230
    0.662680     3.129503
    0.674952     3.124943
    0.687223     3.120530
    0.699495     3.116243
    0.711767     3.112063
    0.724039     3.107972
    0.736311     3.103955
    0.748583     3.099994
    0.760854     3.096078
    0.773126     3.092196
    0.785398     3.088336
    0.797670     3.084493
    0.809942     3.080662
    0.822214     3.076838
    0.834486     3.073019
    0.846757     3.069201
    0.859029     3.065381
    0.871301     3.061557
    0.883573     3.057726
    0.895845     3.053884
    0.908117     3.050028
    0.920389     3.046158
    0.932660     3.042273
    0.944932     3.038378
    0.957204     3.034475
    0.969476     3.030577
    0.981748     3.026692
    0.994020     3.022835
    1.006291     3.019016
    1.018563     3.015248
    1.030835     3.011538
    1.043107     3.007892
    1.055379     3.004315
    1.067651     3.000809
    1.079923     2.997374
    1.092194     2.994009
    1.104466     2.990714
    1.116738     2.987489
    1.129010     2.984332
    1.141282     2.981247
    1.153554     2.978234
    1.165825     2.975296
    1.178097     2.972435
    1.190369     2.969652
    1.202641     2.966949
    1.214913     2.964329
    1.227185     2.961789
    1.239457     2.959330
    1.251728     2.956952
    1.264000     2.954654
    1.276272     2.952433
    1.288544     2.950287
    1.300816     2.948213
    1.313088     2.946209
    1.325359     2.944272
    1.337631     2.942398
    1.349903     2.940585
    1.362175     2.938828
    1.374447     2.937124
    1.386719     2.935474
    1.398991     2.933874
    1.411262     2.932324
    1.423534     2.930825
    1.435806     2.929377
    1.448078     2.927980
    1.460350     2.926634
    1.472622     2.925339
    1.484893     2.924097
    1.497165     2.922906
    1.509437     2.921765
    1.521709     2.920672
    1.533981     2.919622
    1.546253     2.918612
    1.558524     2.917632
    1.570796     2.916678
    1.583068     2.915741
    1.595340     2.914814
    1.607612     2.913891
    1.619884     2.912966
    1.632156     2.912038
    1.644427     2.911105
    1.656699     2.910169
    1.668971     2.909231
    1.681243     2.908299
    1.693515     2.907373
    1.705787     2.906462
    1.718059     2.905566
    1.730330     2.904688
    1.742602     2.903831
    1.754874     2.902991
    1.767146     2.902168
    1.779418     2.901358
    1.791690     2.900553
    1.803962     2.899750
    1.816233     2.898937
    1.828505     2.898109
    1.840777     2.897256
    1.853049     2.896372
    1.865321     2.895448
    1.877593     2.894482
    1.889864     2.893468
    1.902136     2.892403
    1.914408     2.891286
    1.926680     2.890113
    1.938952     2.888885
    1.951224     2.887603
    1.963495     2.886268
    1.975767     2.884883
    1.988039     2.883451
    2.000311     2.881980
    2.012583     2.880473
    2.024855     2.878939
    2.037127     2.877383
    2.049398     2.875812
    2.061670     2.874231
    2.073942     2.872648
    2.086214     2.871067
    2.098486     2.869493
    2.110758     2.867932
    2.123029     2.866385
    2.135301     2.864860
    2.147573     2.863360
    2.159845     2.861888
    2.172117     2.860447
    2.184389     2.859042
    2.196661     2.857676
    2.208932     2.856351
    2.221204     2.855068
    2.233476     2.853831
    2.245748     2.852641
    2.258020     2.851501
    2.270292     2.850413
    2.282563     2.849378
    2.294835     2.848397
    2.307107     2.847472
    2.319379     2.846602
    2.331651     2.845785
    2.343923     2.845018
    2.356194     2.844298
    2.368466     2.843622
    2.380738     2.842986
    2.393010     2.842386
    2.405282     2.841822
    2.417554     2.841292
    2.429826     2.840797
    2.442097     2.840340
    2.454369     2.839923
    2.466641     2.839551
    2.478913     2.839226
    2.491185     2.838951
    2.503457     2.838727
    2.515728     2.838555
    2.528000     2.838430
    2.540272     2.838350
    2.552544     2.838304
    2.564816     2.838285
    2.577088     2.838281
    2.589360     2.838281
    2.601631     2.838273
    2.613903     2.838246
    2.626175     2.838188
    2.638447     2.838091
    2.650719     2.837946
    2.662991     2.837746
    2.675262     2.837487
    2.687534     2.837163
    2.699806     2.836772
    2.712078     2.836311
    2.724350     2.835781
    2.736622     2.835183
    2.748894     2.834517
    2.761165     2.833788
    2.773437     2.833000
    2.785709     2.832156
    2.797981     2.831264
    2.810253     2.830325
    2.822525     2.829346
    2.834797     2.828330
    2.847068     2.827281
    2.859340     2.826202
    2.871612     2.825098
    2.883884     2.823976
    2.896156     2.822840
    2.908428     2.821699
    2.920700     2.820562
    2.932971     2.819437
    2.945243     2.818333
    2.957515     2.817257
    2.969787     2.816215
    2.982059     2.815214
    2.994331     2.814260
    3.006603     2.813356
    3.018874     2.812509
    3.031146     2.811723
    3.043418     2.811003
    3.055690     2.810354
    3.067962     2.809782
    3.080234     2.809291
    3.092505     2.808884
    3.104777     2.808563
    3.117049     2.808333
    3.129321     2.808195
    3.141593     2.808149
