# r flatness
    0.012272     5.260672
    0.024544     5.189618
    0.036816     5.085434
    0.049087     4.962813
    0.061359     4.834061
    0.073631     4.707386
    0.085903     4.587343
    0.098175     4.476014
    0.110447     4.374020
    0.122718     4.281201
    0.134990     4.197002
    0.147262     4.120694
    0.159534     4.051494
    0.171806     3.988631
    0.184078     3.931383
    0.196350     3.879096
    0.208621     3.831196
    0.220893     3.787188
    0.233165     3.746649
    0.245437     3.709220
    0.257709     3.674588
    0.269981     3.642482
    0.282252     3.612658
    0.294524     3.584897
    0.306796     3.559002
    0.319068     3.534791
    0.331340     3.512101
    0.343612     3.490783
    0.355884     3.470701
    0.368155     3.451730
    0.380427     3.433755
    0.392699     3.416670
    0.404971     3.400381
    0.417243     3.384805
    0.429515     3.369869
    0.441786     3.355515
    0.454058     3.341693
    0.466330     3.328369
    0.478602     3.315517
    0.490874     3.303115
    0.503146     3.291147
    0.515418     3.279604
    0.527689     3.268475
    0.539961     3.257752
    0.552233     3.247428
    0.564505     3.237493
    0.576777     3.227935
    0.589049     3.218740
    0.601321     3.209890
    0.613592     3.201362
    0.625864     3.193129
    0.638136     3.185162
    0.650408     3.177433
    0.662680     3.169915
    0.674952     3.162580
    0.687223     3.155404
    0.699495     3.148365
    0.711767     3.141444
    0.724039     3.134622
    0.736311     3.127884
    0.748583     3.121213
    0.760854     3.114599
    0.773126     3.108027
    0.785398     3.101493
    0.797670     3.094989
    0.809942     3.088515
    0.822214     3.082075
    0.834486     3.075678
    0.846757     3.069336
    0.859029     3.063067
    0.871301     3.056890
    0.883573     3.050825
    0.895845     3.044894
    0.908117     3.039119
    0.920389     3.033520
    0.932660     3.028113
    0.944932     3.022918
    0.957204     3.017949
    0.969476     3.013220
    0.981748     3.008740
    0.994020     3.004517
    1.006291     3.000556
    1.018563     2.996860
    1.030835     2.993425
    1.043107     2.990248
    1.055379     2.987318
    1.067651     2.984627
    1.079923     2.982161
    1.092194     2.979909
    1.104466     2.977855
    1.116738     2.975987
    1.129010     2.974292
    1.141282     2.972755
    1.153554     2.971366
    1.165825     2.970109
    1.178097     2.968975
    1.190369     2.967952
    1.202641     2.967030
    1.214913     2.966199
    1.227185     2.965452
    1.239457     2.964782
    1.251728     2.964182
    1.264000     2.963646
    1.276272     2.963168
    1.288544     2.962743
    1.300816     2.962361
    1.313088     2.962016
    1.325359     2.961698
    1.337631     2.961395
    1.349903     2.961099
    1.362175     2.960799
    1.374447     2.960487
    1.386719     2.960155
    1.398991     2.959798
    1.411262     2.959410
    1.423534     2.958988
    1.435806     2.958529
    1.448078     2.958032
    1.460350     2.957496
    1.472622     2.956922
    1.484893     2.956311
    1.497165     2.955667
    1.509437     2.954993
    1.521709     2.954292
    1.533981     2.953568
    1.546253     2.952822
    1.558524     2.952058
    1.570796     2.951276
    1.583068     2.950476
    1.595340     2.949660
    1.607612     2.948828
    1.619884     2.947977
    1.632156     2.947109
    1.644427     2.946223
    1.656699     2.945318
    1.668971     2.944395
    1.681243     2.943455
    1.693515     2.942500
    1.705787     2.941536
    1.718059     2.940568
    1.730330     2.939605
    1.742602     2.938655
    1.754874     2.937732
    1.767146     2.936846
    1.779418     2.936009
    1.791690     2.935235
    1.803962     2.934531
    1.816233     2.933910
    1.828505     2.933378
    1.840777     2.932940
    1.853049     2.932603
    1.865321     2.932365
    1.877593     2.932227
    1.889864     2.932188
    1.902136     2.932241
    1.914408     2.932382
    1.926680     2.932603
    1.938952     2.932901
    1.951224     2.933270
    1.963495     2.933707
    1.975767     2.934210
    1.988039     2.934780
    2.000311     2.935418
    2.012583     2.936127
    2.024855     2.936911
    2.037127     2.937773
    2.049398     2.938714
    2.061670     2.939736
    2.073942     2.940838
    2.086214     2.942017
    2.098486     2.943266
    2.110758     2.944579
    2.123029     2.945945
    2.135301     2.947351
    2.147573     2.948788
    2.159845     2.950242
    2.172117     2.951700
    2.184389     2.953154
    2.196661     2.954590
    2.208932     2.956002
    2.221204     2.957383
    2.233476     2.958727
    2.245748     2.960030
    2.258020     2.961288
    2.270292     2.962503
    2.282563     2.963675
    2.294835     2.964803
    2.307107     2.965893
    2.319379     2.966948
    2.331651     2.967974
    2.343923     2.968975
    2.356194     2.969961
    2.368466     2.970938
    2.380738     2.971916
    2.393010     2.972903
    2.405282     2.973910
    2.417554     2.974944
    2.429826     2.976015
    2.442097     2.977132
    2.454369     2.978300
    2.466641     2.979527
    2.478913     2.980816
    2.491185     2.982168
    2.503457     2.983580
    2.515728     2.985048
    2.528000     2.986563
    2.540272     2.988114
    2.552544     2.989690
    2.564816     2.991277
    2.577088     2.992861
    2.589360     2.994431
    2.601631     2.995973
    2.613903     2.997476
    2.626175     2.998930
    2.638447     3.000324
    2.650719     3.001653
    2.662991     3.002910
    2.675262     3.004092
    2.687534     3.005198
    2.699806     3.006227
    2.712078     3.007181
    2.724350     3.008064
    2.736622     3.008878
    2.748894     3.009628
    2.761165     3.010318
    2.773437     3.010951
    2.785709     3.011533
    2.797981     3.012066
    2.810253     3.012556
    2.822525     3.013007
    2.834797     3.013424
    2.847068     3.013810
    2.859340     3.014170
    2.871612     3.014504
    2.883884     3.014816
    2.896156     3.015105
    2.908428     3.015370
    2.920700     3.015612
    2.932971     3.015829
    2.945243     3.016024
    2.957515     3.016196
    2.969787     3.016348
    2.982059     3.016483
    2.994331     3.016603
    3.006603     3.016712
    3.018874     3.016814
    3.031146     3.016907
    3.043418     3.016996
    3.055690     3.017078
    3.067962     3.017155
    3.080234     3.017223
    3.092505     3.017282
    3.104777     3.017329
    3.117049     3.017365
    3.129321     3.017386
    3.141593     3.017393
