# r flatness
    0.012272     5.071563
    0.024544     5.000783
    0.036816     4.897095
    0.049087     4.775368
    0.061359     4.648173
    0.073631     4.523940
    0.085903     4.407289
    0.098175     4.300215
    0.110447     4.203158
    0.122718     4.115751
    0.134990     4.037252
    0.147262     3.966795
    0.159534     3.903516
    0.171806     3.846618
    0.184078     3.795392
    0.196350     3.749216
    0.208621     3.707542
    0.220893     3.669884
    0.233165     3.635809
    0.245437     3.604926
    0.257709     3.576882
    0.269981     3.551361
    0.282252     3.528077
    0.294524     3.506778
    0.306796     3.487236
    0.319068     3.469252
    0.331340     3.452647
    0.343612     3.437264
    0.355884     3.422964
    0.368155     3.409624
    0.380427     3.397140
    0.392699     3.385419
    0.404971     3.374384
    0.417243     3.363972
    0.429515     3.354125
    0.441786     3.344791
    0.454058     3.335924
    0.466330     3.327477
    0.478602     3.319406
    0.490874     3.311665
    0.503146     3.304217
    0.515418     3.297021
    0.527689     3.290039
    0.539961     3.283239
    0.552233     3.276586
    0.564505     3.270049
    0.576777     3.263602
    0.589049     3.257216
    0.601321     3.250869
    0.613592     3.244537
    0.625864     3.238201
    0.638136     3.231845
    0.650408     3.225455
    0.662680     3.219023
    0.674952     3.212542
    0.687223     3.206010
    0.699495     3.199430
    0.711767     3.192811
    0.724039     3.186165
    0.736311     3.179513
    0.748583     3.172877
    0.760854     3.166288
    0.773126     3.159779
    0.785398     3.153381
    0.797670     3.147126
    0.809942     3.141045
    0.822214     3.135159
    0.834486     3.129487
    0.846757     3.124039
    0.859029     3.118819
    0.871301     3.113823
    0.883573     3.109044
    0.895845     3.104469
    0.908117     3.100084
    0.920389     3.095868
    0.932660     3.091803
    0.944932     3.087868
    0.957204     3.084044
    0.969476     3.080312
    0.981748     3.076655
    0.994020     3.073057
    1.006291     3.069504
    1.018563     3.065983
    1.030835     3.062480
    1.043107     3.058987
    1.055379     3.055491
    1.067651     3.051986
    1.079923     3.048463
    1.092194     3.044918
    1.104466     3.041346
    1.116738     3.037746
    1.129010     3.034116
    1.141282     3.030461
    1.153554     3.026784
    1.165825     3.023092
    1.178097     3.019395
    1.190369     3.015701
    1.202641     3.012021
    1.214913     3.008367
    1.227185     3.004747
    1.239457     3.001170
    1.251728     2.997644
    1.264000     2.994176
    1.276272     2.990772
    1.288544     2.987440
    1.300816     2.984185
    1.313088     2.981014
    1.325359     2.977933
    1.337631     2.974946
    1.349903     2.972055
    1.362175     2.969265
    1.374447     2.966573
    1.386719     2.963979
    1.398991     2.961474
    1.411262     2.959054
    1.423534     2.956708
    1.435806     2.954426
    1.448078     2.952195
    1.460350     2.950007
    1.472622     2.947852
    1.484893     2.945725
    1.497165     2.943623
    1.509437     2.941543
    1.521709     2.939486
    1.533981     2.937455
    1.546253     2.935450
    1.558524     2.933473
    1.570796     2.931526
    1.583068     2.929609
    1.595340     2.927724
    1.607612     2.925872
    1.619884     2.924055
    1.632156     2.922276
    1.644427     2.920537
    1.656699     2.918841
    1.668971     2.917192
    1.681243     2.915592
    1.693515     2.914043
    1.705787     2.912547
    1.718059     2.911104
    1.730330     2.909714
    1.742602     2.908375
    1.754874     2.907084
    1.767146     2.905836
    1.779418     2.904627
    1.791690     2.903450
    1.803962     2.902298
    1.816233     2.901163
    1.828505     2.900035
    1.840777     2.898904
    1.853049     2.897760
    1.865321     2.896594
    1.877593     2.895397
    1.889864     2.894164
    1.902136     2.892890
    1.914408     2.891577
    1.926680     2.890224
    1.938952     2.888842
    1.951224     2.887435
    1.963495     2.886017
    1.975767     2.884598
    1.988039     2.883192
    2.000311     2.881809
    2.012583     2.880459
    2.024855     2.879153
    2.037127     2.877897
    2.049398     2.876696
    2.061670     2.875554
    2.073942     2.874472
    2.086214     2.873451
    2.098486     2.872492
    2.110758     2.871592
    2.123029     2.870752
    2.135301     2.869969
    2.147573     2.869245
    2.159845     2.868575
    2.172117     2.867960
    2.184389     2.867397
    2.196661     2.866887
    2.208932     2.866429
    2.221204     2.866022
    2.233476     2.865669
    2.245748     2.865371
    2.258020     2.865131
    2.270292     2.864949
    2.282563     2.864830
    2.294835     2.864773
    2.307107     2.864780
    2.319379     2.864853
    2.331651     2.864991
    2.343923     2.865194
    2.356194     2.865458
    2.368466     2.865777
    2.380738     2.866145
    2.393010     2.866555
    2.405282     2.866997
    2.417554     2.867461
    2.429826     2.867940
    2.442097     2.868424
    2.454369     2.868906
    2.466641     2.869380
    2.478913     2.869839
    2.491185     2.870279
    2.503457     2.870697
    2.515728     2.871088
    2.528000     2.871453
    2.540272     2.871789
    2.552544     2.872099
    2.564816     2.872383
    2.577088     2.872648
    2.589360     2.872900
    2.601631     2.873147
    2.613903     2.873402
    2.626175     2.873676
    2.638447     2.873982
    2.650719     2.874332
    2.662991     2.874734
    2.675262     2.875196
    2.687534     2.875722
    2.699806     2.876311
    2.712078     2.876959
    2.724350     2.877657
    2.736622     2.878395
    2.748894     2.879159
    2.761165     2.879936
    2.773437     2.880710
    2.785709     2.881467
    2.797981     2.882194
    2.810253     2.882877
    2.822525     2.883510
    2.834797     2.884082
    2.847068     2.884590
    2.859340     2.885032
    2.871612     2.885412
    2.883884     2.885735
    2.896156     2.886007
    2.908428     2.886242
    2.920700     2.886447
    2.932971     2.886632
    2.945243     2.886805
    2.957515     2.886972
    2.969787     2.887137
    2.982059     2.887303
    2.994331     2.887469
    3.006603     2.887635
    3.018874     2.887800
    3.031146     2.887960
    3.043418     2.888115
    3.055690     2.888260
    3.067962     2.888392
    3.080234     2.888510
    3.092505     2.888611
    3.104777     2.888690
    3.117049     2.888749
    3.129321     2.888784
    3.141593     2.888797
