# r flatness
    0.012272     5.122055
    0.024544     5.047233
    0.036816     4.937851
    0.049087     4.809692
    0.061359     4.675959
    0.073631     4.545449
    0.085903     4.423006
    0.098175     4.310770
    0.110447     4.209269
    0.122718     4.118162
    0.134990     4.036674
    0.147262     3.963865
    0.159534     3.898763
    0.171806     3.840440
    0.184078     3.788053
    0.196350     3.740853
    0.208621     3.698188
    0.220893     3.659492
    0.233165     3.624275
    0.245437     3.592106
    0.257709     3.562601
    0.269981     3.535418
    0.282252     3.510253
    0.294524     3.486844
    0.306796     3.464968
    0.319068     3.444440
    0.331340     3.425112
    0.343612     3.406858
    0.355884     3.389577
    0.368155     3.373179
    0.380427     3.357589
    0.392699     3.342740
    0.404971     3.328575
    0.417243     3.315049
    0.429515     3.302120
    0.441786     3.289753
    0.454058     3.277913
    0.466330     3.266570
    0.478602     3.255695
    0.490874     3.245258
    0.503146     3.235233
    0.515418     3.225597
    0.527689     3.216332
    0.539961     3.207420
    0.552233     3.198851
    0.564505     3.190616
    0.576777     3.182709
    0.589049     3.175125
    0.601321     3.167860
    0.613592     3.160907
    0.625864     3.154255
    0.638136     3.147893
    0.650408     3.141806
    0.662680     3.135975
    0.674952     3.130382
    0.687223     3.125006
    0.699495     3.119827
    0.711767     3.114830
    0.724039     3.110002
    0.736311     3.105332
    0.748583     3.100816
    0.760854     3.096452
    0.773126     3.092236
    0.785398     3.088169
    0.797670     3.084250
    0.809942     3.080481
    0.822214     3.076860
    0.834486     3.073389
    0.846757     3.070066
    0.859029     3.066890
    0.871301     3.063855
    0.883573     3.060956
    0.895845     3.058185
    0.908117     3.055531
    0.920389     3.052984
    0.932660     3.050536
    0.944932     3.048175
    0.957204     3.045892
    0.969476     3.043681
    0.981748     3.041537
    0.994020     3.039453
    1.006291     3.037423
    1.018563     3.035440
    1.030835     3.033496
    1.043107     3.031580
    1.055379     3.029681
    1.067651     3.027788
    1.079923     3.025888
    1.092194     3.023972
    1.104466     3.022030
    1.116738     3.020055
    1.129010     3.018044
    1.141282     3.015994
    1.153554     3.013909
    1.165825     3.011790
    1.178097     3.009644
    1.190369     3.007474
    1.202641     3.005288
    1.214913     3.003089
    1.227185     3.000879
    1.239457     2.998660
    1.251728     2.996431
    1.264000     2.994190
    1.276272     2.991933
    1.288544     2.989658
    1.300816     2.987365
    1.313088     2.985052
    1.325359     2.982721
    1.337631     2.980377
    1.349903     2.978021
    1.362175     2.975659
    1.374447     2.973294
    1.386719     2.970932
    1.398991     2.968578
    1.411262     2.966241
    1.423534     2.963924
    1.435806     2.961635
    1.448078     2.959378
    1.460350     2.957156
    1.472622     2.954965
    1.484893     2.952803
    1.497165     2.950662
    1.509437     2.948534
    1.521709     2.946410
    1.533981     2.944284
    1.546253     2.942147
    1.558524     2.939996
    1.570796     2.937829
    1.583068     2.935646
    1.595340     2.933449
    1.607612     2.931240
    1.619884     2.929024
    1.632156     2.926806
    1.644427     2.924587
    1.656699     2.922370
    1.668971     2.920155
    1.681243     2.917943
    1.693515     2.915734
    1.705787     2.913529
    1.718059     2.911329
    1.730330     2.909135
    1.742602     2.906951
    1.754874     2.904781
    1.767146     2.902631
    1.779418     2.900504
    1.791690     2.898410
    1.803962     2.896353
    1.816233     2.894341
    1.828505     2.892376
    1.840777     2.890469
    1.853049     2.888619
    1.865321     2.886836
    1.877593     2.885121
    1.889864     2.883483
    1.902136     2.881924
    1.914408     2.880451
    1.926680     2.879071
    1.938952     2.877787
    1.951224     2.876604
    1.963495     2.875530
    1.975767     2.874566
    1.988039     2.873719
    2.000311     2.872990
    2.012583     2.872384
    2.024855     2.871903
    2.037127     2.871547
    2.049398     2.871310
    2.061670     2.871190
    2.073942     2.871176
    2.086214     2.871257
    2.098486     2.871419
    2.110758     2.871649
    2.123029     2.871929
    2.135301     2.872246
    2.147573     2.872585
    2.159845     2.872932
    2.172117     2.873275
    2.184389     2.873604
    2.196661     2.873908
    2.208932     2.874183
    2.221204     2.874422
    2.233476     2.874622
    2.245748     2.874781
    2.258020     2.874892
    2.270292     2.874956
    2.282563     2.874965
    2.294835     2.874917
    2.307107     2.874807
    2.319379     2.874631
    2.331651     2.874388
    2.343923     2.874072
    2.356194     2.873686
    2.368466     2.873230
    2.380738     2.872708
    2.393010     2.872126
    2.405282     2.871490
    2.417554     2.870811
    2.429826     2.870097
    2.442097     2.869360
    2.454369     2.868612
    2.466641     2.867866
    2.478913     2.867134
    2.491185     2.866428
    2.503457     2.865759
    2.515728     2.865134
    2.528000     2.864557
    2.540272     2.864031
    2.552544     2.863552
    2.564816     2.863118
    2.577088     2.862722
    2.589360     2.862359
    2.601631     2.862020
    2.613903     2.861701
    2.626175     2.861398
    2.638447     2.861109
    2.650719     2.860831
    2.662991     2.860567
    2.675262     2.860318
    2.687534     2.860088
    2.699806     2.859880
    2.712078     2.859697
    2.724350     2.859544
    2.736622     2.859423
    2.748894     2.859338
    2.761165     2.859289
    2.773437     2.859279
    2.785709     2.859309
    2.797981     2.859378
    2.810253     2.859484
    2.822525     2.859625
    2.834797     2.859795
    2.847068     2.859989
    2.859340     2.860200
    2.871612     2.860420
    2.883884     2.860640
    2.896156     2.860852
    2.908428     2.861047
    2.920700     2.861218
    2.932971     2.861358
    2.945243     2.861463
    2.957515     2.861531
    2.969787     2.861562
    2.982059     2.861557
    2.994331     2.861520
    3.006603     2.861456
    3.018874     2.861369
    3.031146     2.861268
    3.043418     2.861155
    3.055690     2.861038
    3.067962     2.860922
    3.080234     2.860812
    3.092505     2.860713
    3.104777     2.860630
    3.117049     2.860567
    3.129321     2.860527
    3.141593     2.860514
