# r flatness
    0.012272     5.112185
    0.024544     5.045268
    0.036816     4.946514
    0.049087     4.829417
    0.061359     4.705624
    0.073631     4.583164
    0.085903     4.466633
    0.098175     4.358184
    0.110447     4.258492
    0.122718     4.167435
    0.134990     4.084505
    0.147262     4.009041
    0.159534     3.940350
    0.171806     3.877762
    0.184078     3.820648
    0.196350     3.768433
    0.208621     3.720597
    0.220893     3.676670
    0.233165     3.636237
    0.245437     3.598932
    0.257709     3.564436
    0.269981     3.532472
    0.282252     3.502801
    0.294524     3.475216
    0.306796     3.449542
    0.319068     3.425628
    0.331340     3.403341
    0.343612     3.382562
    0.355884     3.363182
    0.368155     3.345097
    0.380427     3.328208
    0.392699     3.312419
    0.404971     3.297636
    0.417243     3.283772
    0.429515     3.270749
    0.441786     3.258490
    0.454058     3.246932
    0.466330     3.236015
    0.478602     3.225688
    0.490874     3.215903
    0.503146     3.206618
    0.515418     3.197794
    0.527689     3.189392
    0.539961     3.181376
    0.552233     3.173708
    0.564505     3.166354
    0.576777     3.159278
    0.589049     3.152448
    0.601321     3.145834
    0.613592     3.139415
    0.625864     3.133167
    0.638136     3.127077
    0.650408     3.121134
    0.662680     3.115328
    0.674952     3.109651
    0.687223     3.104100
    0.699495     3.098671
    0.711767     3.093361
    0.724039     3.088170
    0.736311     3.083098
    0.748583     3.078148
    0.760854     3.073322
    0.773126     3.068624
    0.785398     3.064063
    0.797670     3.059647
    0.809942     3.055383
    0.822214     3.051284
    0.834486     3.047356
    0.846757     3.043609
    0.859029     3.040049
    0.871301     3.036680
    0.883573     3.033505
    0.895845     3.030523
    0.908117     3.027729
    0.920389     3.025115
    0.932660     3.022671
    0.944932     3.020383
    0.957204     3.018235
    0.969476     3.016214
    0.981748     3.014304
    0.994020     3.012491
    1.006291     3.010761
    1.018563     3.009103
    1.030835     3.007508
    1.043107     3.005967
    1.055379     3.004475
    1.067651     3.003025
    1.079923     3.001612
    1.092194     3.000235
    1.104466     2.998891
    1.116738     2.997579
    1.129010     2.996300
    1.141282     2.995055
    1.153554     2.993849
    1.165825     2.992683
    1.178097     2.991567
    1.190369     2.990505
    1.202641     2.989507
    1.214913     2.988583
    1.227185     2.987743
    1.239457     2.986999
    1.251728     2.986359
    1.264000     2.985835
    1.276272     2.985434
    1.288544     2.985161
    1.300816     2.985017
    1.313088     2.985004
    1.325359     2.985114
    1.337631     2.985340
    1.349903     2.985672
    1.362175     2.986097
    1.374447     2.986602
    1.386719     2.987172
    1.398991     2.987793
    1.411262     2.988452
    1.423534     2.989133
    1.435806     2.989824
    1.448078     2.990510
    1.460350     2.991180
    1.472622     2.991821
    1.484893     2.992424
    1.497165     2.992978
    1.509437     2.993476
    1.521709     2.993912
    1.533981     2.994280
    1.546253     2.994578
    1.558524     2.994804
    1.570796     2.994958
    1.583068     2.995042
    1.595340     2.995058
    1.607612     2.995009
    1.619884     2.994898
    1.632156     2.994727
    1.644427     2.994498
    1.656699     2.994214
    1.668971     2.993876
    1.681243     2.993486
    1.693515     2.993046
    1.705787     2.992557
    1.718059     2.992020
    1.730330     2.991435
    1.742602     2.990803
    1.754874     2.990123
    1.767146     2.989394
    1.779418     2.988617
    1.791690     2.987790
    1.803962     2.986913
    1.816233     2.985987
    1.828505     2.985013
    1.840777     2.983993
    1.853049     2.982928
    1.865321     2.981823
    1.877593     2.980682
    1.889864     2.979512
    1.902136     2.978319
    1.914408     2.977113
    1.926680     2.975903
    1.938952     2.974699
    1.951224     2.973511
    1.963495     2.972348
    1.975767     2.971219
    1.988039     2.970128
    2.000311     2.969080
    2.012583     2.968077
    2.024855     2.967120
    2.037127     2.966211
    2.049398     2.965347
    2.061670     2.964526
    2.073942     2.963746
    2.086214     2.963002
    2.098486     2.962290
    2.110758     2.961606
    2.123029     2.960943
    2.135301     2.960296
    2.147573     2.959659
    2.159845     2.959026
    2.172117     2.958393
    2.184389     2.957755
    2.196661     2.957111
    2.208932     2.956459
    2.221204     2.955801
    2.233476     2.955137
    2.245748     2.954471
    2.258020     2.953804
    2.270292     2.953136
    2.282563     2.952467
    2.294835     2.951796
    2.307107     2.951120
    2.319379     2.950436
    2.331651     2.949743
    2.343923     2.949038
    2.356194     2.948321
    2.368466     2.947591
    2.380738     2.946848
    2.393010     2.946092
    2.405282     2.945324
    2.417554     2.944541
    2.429826     2.943745
    2.442097     2.942933
    2.454369     2.942102
    2.466641     2.941250
    2.478913     2.940372
    2.491185     2.939464
    2.503457     2.938520
    2.515728     2.937534
    2.528000     2.936499
    2.540272     2.935406
    2.552544     2.934251
    2.564816     2.933025
    2.577088     2.931724
    2.589360     2.930343
    2.601631     2.928878
    2.613903     2.927327
    2.626175     2.925693
    2.638447     2.923975
    2.650719     2.922180
    2.662991     2.920316
    2.675262     2.918392
    2.687534     2.916424
    2.699806     2.914425
    2.712078     2.912416
    2.724350     2.910416
    2.736622     2.908448
    2.748894     2.906533
    2.761165     2.904694
    2.773437     2.902949
    2.785709     2.901312
    2.797981     2.899797
    2.810253     2.898411
    2.822525     2.897156
    2.834797     2.896034
    2.847068     2.895039
    2.859340     2.894164
    2.871612     2.893398
    2.883884     2.892729
    2.896156     2.892141
    2.908428     2.891621
    2.920700     2.891153
    2.932971     2.890723
    2.945243     2.890321
    2.957515     2.889934
    2.969787     2.889559
    2.982059     2.889191
    2.994331     2.888828
    3.006603     2.888473
    3.018874     2.888129
    3.031146     2.887805
    3.043418     2.887502
    3.055690     2.887228
    3.067962     2.886986
    3.080234     2.886781
    3.092505     2.886612
    3.104777     2.886481
    3.117049     2.886389
    3.129321     2.886334
    3.141593     2.886316
