# r flatness
    0.012272     5.141921
    0.024544     5.062703
    0.036816     4.947002
    0.049087     4.811687
    0.061359     4.670908
    0.073631     4.534109
    0.085903     4.406460
    0.098175     4.290196
    0.110447     4.185799
    0.122718     4.092817
    0.134990     4.010354
    0.147262     3.937352
    0.159534     3.872757
    0.171806     3.815583
    0.184078     3.764946
    0.196350     3.720062
    0.208621     3.680236
    0.220893     3.644843
    0.233165     3.613324
    0.245437     3.585175
    0.257709     3.559947
    0.269981     3.537244
    0.282252     3.516717
    0.294524     3.498070
    0.306796     3.481043
    0.319068     3.465413
    0.331340     3.450990
    0.343612     3.437618
    0.355884     3.425167
    0.368155     3.413534
    0.380427     3.402642
    0.392699     3.392433
    0.404971     3.382865
    0.417243     3.373907
    0.429515     3.365534
    0.441786     3.357723
    0.454058     3.350454
    0.466330     3.343699
    0.478602     3.337430
    0.490874     3.331613
    0.503146     3.326209
    0.515418     3.321175
    0.527689     3.316466
    0.539961     3.312034
    0.552233     3.307835
    0.564505     3.303826
    0.576777     3.299970
    0.589049     3.296238
    0.601321     3.292606
    0.613592     3.289058
    0.625864     3.285582
    0.638136     3.282168
    0.650408     3.278813
    0.662680     3.275514
    0.674952     3.272270
    0.687223     3.269079
    0.699495     3.265942
    0.711767     3.262857
    0.724039     3.259825
    0.736311     3.256847
    0.748583     3.253926
    0.760854     3.251063
    0.773126     3.248260
    0.785398     3.245515
    0.797670     3.242823
    0.809942     3.240173
    0.822214     3.237551
    0.834486     3.234940
    0.846757     3.232318
    0.859029     3.229666
    0.871301     3.226965
    0.883573     3.224200
    0.895845     3.221360
    0.908117     3.218440
    0.920389     3.215438
    0.932660     3.212356
    0.944932     3.209201
    0.957204     3.205979
    0.969476     3.202702
    0.981748     3.199377
    0.994020     3.196014
    1.006291     3.192622
    1.018563     3.189208
    1.030835     3.185776
    1.043107     3.182330
    1.055379     3.178871
    1.067651     3.175405
    1.079923     3.171931
    1.092194     3.168458
    1.104466     3.164990
    1.116738     3.161536
    1.129010     3.158104
    1.141282     3.154704
    1.153554     3.151345
    1.165825     3.148040
    1.178097     3.144797
    1.190369     3.141629
    1.202641     3.138545
    1.214913     3.135558
    1.227185     3.132676
    1.239457     3.129906
    1.251728     3.127255
    1.264000     3.124724
    1.276272     3.122318
    1.288544     3.120036
    1.300816     3.117875
    1.313088     3.115834
    1.325359     3.113908
    1.337631     3.112092
    1.349903     3.110380
    1.362175     3.108767
    1.374447     3.107249
    1.386719     3.105821
    1.398991     3.104479
    1.411262     3.103217
    1.423534     3.102029
    1.435806     3.100909
    1.448078     3.099849
    1.460350     3.098840
    1.472622     3.097875
    1.484893     3.096945
    1.497165     3.096043
    1.509437     3.095162
    1.521709     3.094299
    1.533981     3.093448
    1.546253     3.092607
    1.558524     3.091776
    1.570796     3.090953
    1.583068     3.090138
    1.595340     3.089331
    1.607612     3.088529
    1.619884     3.087731
    1.632156     3.086936
    1.644427     3.086142
    1.656699     3.085348
    1.668971     3.084556
    1.681243     3.083768
    1.693515     3.082986
    1.705787     3.082214
    1.718059     3.081461
    1.730330     3.080733
    1.742602     3.080038
    1.754874     3.079386
    1.767146     3.078788
    1.779418     3.078250
    1.791690     3.077780
    1.803962     3.077384
    1.816233     3.077065
    1.828505     3.076822
    1.840777     3.076655
    1.853049     3.076559
    1.865321     3.076530
    1.877593     3.076558
    1.889864     3.076633
    1.902136     3.076743
    1.914408     3.076875
    1.926680     3.077015
    1.938952     3.077149
    1.951224     3.077265
    1.963495     3.077350
    1.975767     3.077395
    1.988039     3.077392
    2.000311     3.077335
    2.012583     3.077220
    2.024855     3.077045
    2.037127     3.076812
    2.049398     3.076520
    2.061670     3.076173
    2.073942     3.075776
    2.086214     3.075335
    2.098486     3.074855
    2.110758     3.074343
    2.123029     3.073804
    2.135301     3.073241
    2.147573     3.072658
    2.159845     3.072055
    2.172117     3.071434
    2.184389     3.070794
    2.196661     3.070140
    2.208932     3.069472
    2.221204     3.068796
    2.233476     3.068118
    2.245748     3.067449
    2.258020     3.066793
    2.270292     3.066161
    2.282563     3.065565
    2.294835     3.065010
    2.307107     3.064504
    2.319379     3.064055
    2.331651     3.063667
    2.343923     3.063343
    2.356194     3.063085
    2.368466     3.062891
    2.380738     3.062760
    2.393010     3.062687
    2.405282     3.062666
    2.417554     3.062690
    2.429826     3.062753
    2.442097     3.062844
    2.454369     3.062954
    2.466641     3.063073
    2.478913     3.063192
    2.491185     3.063300
    2.503457     3.063389
    2.515728     3.063449
    2.528000     3.063469
    2.540272     3.063444
    2.552544     3.063364
    2.564816     3.063222
    2.577088     3.063012
    2.589360     3.062728
    2.601631     3.062364
    2.613903     3.061915
    2.626175     3.061379
    2.638447     3.060752
    2.650719     3.060033
    2.662991     3.059222
    2.675262     3.058323
    2.687534     3.057336
    2.699806     3.056269
    2.712078     3.055128
    2.724350     3.053921
    2.736622     3.052657
    2.748894     3.051344
    2.761165     3.049992
    2.773437     3.048611
    2.785709     3.047210
    2.797981     3.045796
    2.810253     3.044380
    2.822525     3.042967
    2.834797     3.041562
    2.847068     3.040170
    2.859340     3.038794
    2.871612     3.037434
    2.883884     3.036092
    2.896156     3.034770
    2.908428     3.033468
    2.920700     3.032189
    2.932971     3.030938
    2.945243     3.029719
    2.957515     3.028539
    2.969787     3.027407
    2.982059     3.026328
    2.994331     3.025311
    3.006603     3.024360
    3.018874     3.023480
    3.031146     3.022676
    3.043418     3.021949
    3.055690     3.021302
    3.067962     3.020736
    3.080234     3.020254
    3.092505     3.019859
    3.104777     3.019548
    3.117049     3.019326
    3.129321     3.019193
    3.141593     3.019148
