# r flatness
    0.012272     5.124299
    0.024544     5.048010
    0.036816     4.936728
    0.049087     4.806808
    0.061359     4.671900
    0.073631     4.540991
    0.085903     4.418867
    0.098175     4.307446
    0.110447     4.206975
    0.122718     4.116849
    0.134990     4.036087
    0.147262     3.963612
    0.159534     3.898391
    0.171806     3.839486
    0.184078     3.786074
    0.196350     3.737442
    0.208621     3.692979
    0.220893     3.652164
    0.233165     3.614552
    0.245437     3.579773
    0.257709     3.547518
    0.269981     3.517536
    0.282252     3.489620
    0.294524     3.463605
    0.306796     3.439352
    0.319068     3.416747
    0.331340     3.395689
    0.343612     3.376085
    0.355884     3.357848
    0.368155     3.340893
    0.380427     3.325130
    0.392699     3.310475
    0.404971     3.296842
    0.417243     3.284146
    0.429515     3.272306
    0.441786     3.261245
    0.454058     3.250890
    0.466330     3.241174
    0.478602     3.232029
    0.490874     3.223401
    0.503146     3.215234
    0.515418     3.207476
    0.527689     3.200085
    0.539961     3.193019
    0.552233     3.186244
    0.564505     3.179729
    0.576777     3.173449
    0.589049     3.167385
    0.601321     3.161522
    0.613592     3.155850
    0.625864     3.150366
    0.638136     3.145070
    0.650408     3.139972
    0.662680     3.135079
    0.674952     3.130404
    0.687223     3.125957
    0.699495     3.121747
    0.711767     3.117780
    0.724039     3.114059
    0.736311     3.110582
    0.748583     3.107344
    0.760854     3.104334
    0.773126     3.101542
    0.785398     3.098952
    0.797670     3.096550
    0.809942     3.094321
    0.822214     3.092253
    0.834486     3.090333
    0.846757     3.088548
    0.859029     3.086890
    0.871301     3.085349
    0.883573     3.083915
    0.895845     3.082577
    0.908117     3.081324
    0.920389     3.080144
    0.932660     3.079024
    0.944932     3.077950
    0.957204     3.076910
    0.969476     3.075891
    0.981748     3.074886
    0.994020     3.073887
    1.006291     3.072889
    1.018563     3.071890
    1.030835     3.070885
    1.043107     3.069873
    1.055379     3.068852
    1.067651     3.067816
    1.079923     3.066764
    1.092194     3.065690
    1.104466     3.064588
    1.116738     3.063451
    1.129010     3.062271
    1.141282     3.061041
    1.153554     3.059750
    1.165825     3.058390
    1.178097     3.056956
    1.190369     3.055444
    1.202641     3.053850
    1.214913     3.052177
    1.227185     3.050424
    1.239457     3.048593
    1.251728     3.046684
    1.264000     3.044699
    1.276272     3.042639
    1.288544     3.040505
    1.300816     3.038298
    1.313088     3.036021
    1.325359     3.033678
    1.337631     3.031275
    1.349903     3.028818
    1.362175     3.026317
    1.374447     3.023782
    1.386719     3.021225
    1.398991     3.018657
    1.411262     3.016092
    1.423534     3.013543
    1.435806     3.011022
    1.448078     3.008541
    1.460350     3.006114
    1.472622     3.003752
    1.484893     3.001468
    1.497165     2.999272
    1.509437     2.997175
    1.521709     2.995186
    1.533981     2.993316
    1.546253     2.991572
    1.558524     2.989960
    1.570796     2.988486
    1.583068     2.987151
    1.595340     2.985955
    1.607612     2.984897
    1.619884     2.983970
    1.632156     2.983168
    1.644427     2.982480
    1.656699     2.981899
    1.668971     2.981415
    1.681243     2.981016
    1.693515     2.980694
    1.705787     2.980438
    1.718059     2.980237
    1.730330     2.980078
    1.742602     2.979950
    1.754874     2.979840
    1.767146     2.979738
    1.779418     2.979631
    1.791690     2.979513
    1.803962     2.979375
    1.816233     2.979211
    1.828505     2.979017
    1.840777     2.978791
    1.853049     2.978530
    1.865321     2.978235
    1.877593     2.977907
    1.889864     2.977548
    1.902136     2.977159
    1.914408     2.976743
    1.926680     2.976303
    1.938952     2.975840
    1.951224     2.975353
    1.963495     2.974842
    1.975767     2.974308
    1.988039     2.973748
    2.000311     2.973161
    2.012583     2.972546
    2.024855     2.971900
    2.037127     2.971223
    2.049398     2.970514
    2.061670     2.969770
    2.073942     2.968995
    2.086214     2.968187
    2.098486     2.967349
    2.110758     2.966481
    2.123029     2.965587
    2.135301     2.964670
    2.147573     2.963733
    2.159845     2.962780
    2.172117     2.961816
    2.184389     2.960846
    2.196661     2.959875
    2.208932     2.958910
    2.221204     2.957956
    2.233476     2.957017
    2.245748     2.956098
    2.258020     2.955200
    2.270292     2.954327
    2.282563     2.953479
    2.294835     2.952657
    2.307107     2.951863
    2.319379     2.951098
    2.331651     2.950366
    2.343923     2.949668
    2.356194     2.949008
    2.368466     2.948386
    2.380738     2.947806
    2.393010     2.947268
    2.405282     2.946773
    2.417554     2.946321
    2.429826     2.945911
    2.442097     2.945542
    2.454369     2.945216
    2.466641     2.944933
    2.478913     2.944694
    2.491185     2.944500
    2.503457     2.944354
    2.515728     2.944258
    2.528000     2.944215
    2.540272     2.944224
    2.552544     2.944288
    2.564816     2.944408
    2.577088     2.944582
    2.589360     2.944809
    2.601631     2.945089
    2.613903     2.945418
    2.626175     2.945793
    2.638447     2.946207
    2.650719     2.946654
    2.662991     2.947124
    2.675262     2.947605
    2.687534     2.948088
    2.699806     2.948557
    2.712078     2.949001
    2.724350     2.949405
    2.736622     2.949758
    2.748894     2.950049
    2.761165     2.950270
    2.773437     2.950417
    2.785709     2.950485
    2.797981     2.950475
    2.810253     2.950392
    2.822525     2.950238
    2.834797     2.950024
    2.847068     2.949756
    2.859340     2.949445
    2.871612     2.949102
    2.883884     2.948741
    2.896156     2.948375
    2.908428     2.948014
    2.920700     2.947673
    2.932971     2.947359
    2.945243     2.947081
    2.957515     2.946845
    2.969787     2.946651
    2.982059     2.946501
    2.994331     2.946390
    3.006603     2.946315
    3.018874     2.946271
    3.031146     2.946252
    3.043418     2.946252
    3.055690     2.946264
    3.067962     2.946286
    3.080234     2.946311
    3.092505     2.946336
    3.104777     2.946357
    3.117049     2.946375
    3.129321     2.946386
    3.141593     2.946389
