# r flatness
    0.012272     5.068216
    0.024544     4.994173
    0.036816     4.886683
    0.049087     4.761927
    0.061359     4.633158
    0.073631     4.508890
    0.085903     4.393520
    0.098175     4.288721
    0.110447     4.194622
    0.122718     4.110573
    0.134990     4.035587
    0.147262     3.968598
    0.159534     3.908590
    0.171806     3.854654
    0.184078     3.805999
    0.196350     3.761951
    0.208621     3.721942
    0.220893     3.685501
    0.233165     3.652238
    0.245437     3.621825
    0.257709     3.593978
    0.269981     3.568446
    0.282252     3.544998
    0.294524     3.523421
    0.306796     3.503512
    0.319068     3.485085
    0.331340     3.467965
    0.343612     3.451997
    0.355884     3.437039
    0.368155     3.422969
    0.380427     3.409675
    0.392699     3.397065
    0.404971     3.385059
    0.417243     3.373590
    0.429515     3.362600
    0.441786     3.352049
    0.454058     3.341897
    0.466330     3.332121
    0.478602     3.322701
    0.490874     3.313630
    0.503146     3.304904
    0.515418     3.296527
    0.527689     3.288505
    0.539961     3.280846
    0.552233     3.273558
    0.564505     3.266645
    0.576777     3.260107
    0.589049     3.253937
    0.601321     3.248121
    0.613592     3.242635
    0.625864     3.237450
    0.638136     3.232529
    0.650408     3.227835
    0.662680     3.223332
    0.674952     3.218984
    0.687223     3.214758
    0.699495     3.210630
    0.711767     3.206579
    0.724039     3.202592
    0.736311     3.198662
    0.748583     3.194788
    0.760854     3.190973
    0.773126     3.187227
    0.785398     3.183557
    0.797670     3.179976
    0.809942     3.176497
    0.822214     3.173131
    0.834486     3.169884
    0.846757     3.166764
    0.859029     3.163772
    0.871301     3.160905
    0.883573     3.158156
    0.895845     3.155516
    0.908117     3.152972
    0.920389     3.150509
    0.932660     3.148112
    0.944932     3.145771
    0.957204     3.143473
    0.969476     3.141209
    0.981748     3.138972
    0.994020     3.136756
    1.006291     3.134557
    1.018563     3.132370
    1.030835     3.130190
    1.043107     3.128014
    1.055379     3.125836
    1.067651     3.123651
    1.079923     3.121453
    1.092194     3.119235
    1.104466     3.116990
    1.116738     3.114713
    1.129010     3.112397
    1.141282     3.110041
    1.153554     3.107643
    1.165825     3.105210
    1.178097     3.102749
    1.190369     3.100275
    1.202641     3.097802
    1.214913     3.095348
    1.227185     3.092929
    1.239457     3.090555
    1.251728     3.088238
    1.264000     3.085982
    1.276272     3.083790
    1.288544     3.081661
    1.300816     3.079595
    1.313088     3.077587
    1.325359     3.075634
    1.337631     3.073734
    1.349903     3.071882
    1.362175     3.070075
    1.374447     3.068309
    1.386719     3.066582
    1.398991     3.064889
    1.411262     3.063224
    1.423534     3.061583
    1.435806     3.059960
    1.448078     3.058351
    1.460350     3.056753
    1.472622     3.055164
    1.484893     3.053581
    1.497165     3.052005
    1.509437     3.050432
    1.521709     3.048864
    1.533981     3.047298
    1.546253     3.045734
    1.558524     3.044169
    1.570796     3.042602
    1.583068     3.041029
    1.595340     3.039447
    1.607612     3.037853
    1.619884     3.036243
    1.632156     3.034616
    1.644427     3.032973
    1.656699     3.031314
    1.668971     3.029643
    1.681243     3.027968
    1.693515     3.026296
    1.705787     3.024636
    1.718059     3.023000
    1.730330     3.021401
    1.742602     3.019850
    1.754874     3.018358
    1.767146     3.016936
    1.779418     3.015594
    1.791690     3.014337
    1.803962     3.013170
    1.816233     3.012094
    1.828505     3.011111
    1.840777     3.010220
    1.853049     3.009418
    1.865321     3.008702
    1.877593     3.008069
    1.889864     3.007513
    1.902136     3.007030
    1.914408     3.006613
    1.926680     3.006254
    1.938952     3.005944
    1.951224     3.005676
    1.963495     3.005437
    1.975767     3.005223
    1.988039     3.005022
    2.000311     3.004832
    2.012583     3.004647
    2.024855     3.004467
    2.037127     3.004292
    2.049398     3.004127
    2.061670     3.003978
    2.073942     3.003853
    2.086214     3.003763
    2.098486     3.003719
    2.110758     3.003731
    2.123029     3.003805
    2.135301     3.003948
    2.147573     3.004163
    2.159845     3.004447
    2.172117     3.004798
    2.184389     3.005210
    2.196661     3.005675
    2.208932     3.006186
    2.221204     3.006732
    2.233476     3.007308
    2.245748     3.007904
    2.258020     3.008515
    2.270292     3.009136
    2.282563     3.009760
    2.294835     3.010384
    2.307107     3.011003
    2.319379     3.011612
    2.331651     3.012206
    2.343923     3.012783
    2.356194     3.013340
    2.368466     3.013873
    2.380738     3.014380
    2.393010     3.014856
    2.405282     3.015300
    2.417554     3.015706
    2.429826     3.016071
    2.442097     3.016396
    2.454369     3.016676
    2.466641     3.016916
    2.478913     3.017118
    2.491185     3.017288
    2.503457     3.017433
    2.515728     3.017561
    2.528000     3.017684
    2.540272     3.017813
    2.552544     3.017961
    2.564816     3.018139
    2.577088     3.018359
    2.589360     3.018634
    2.601631     3.018970
    2.613903     3.019375
    2.626175     3.019853
    2.638447     3.020406
    2.650719     3.021035
    2.662991     3.021741
    2.675262     3.022521
    2.687534     3.023376
    2.699806     3.024304
    2.712078     3.025306
    2.724350     3.026382
    2.736622     3.027529
    2.748894     3.028745
    2.761165     3.030024
    2.773437     3.031358
    2.785709     3.032737
    2.797981     3.034150
    2.810253     3.035585
    2.822525     3.037027
    2.834797     3.038462
    2.847068     3.039875
    2.859340     3.041254
    2.871612     3.042588
    2.883884     3.043870
    2.896156     3.045094
    2.908428     3.046258
    2.920700     3.047364
    2.932971     3.048414
    2.945243     3.049411
    2.957515     3.050359
    2.969787     3.051258
    2.982059     3.052111
    2.994331     3.052917
    3.006603     3.053675
    3.018874     3.054385
    3.031146     3.055046
    3.043418     3.055655
    3.055690     3.056211
    3.067962     3.056710
    3.080234     3.057148
    3.092505     3.057517
    3.104777     3.057813
    3.117049     3.058031
    3.129321     3.058163
    3.141593     3.058207
