# r flatness
    0.012272     5.065610
    0.024544     4.994452
    0.036816     4.890402
    0.049087     4.768432
    0.061359     4.641007
    0.073631     4.516335
    0.085903     4.398866
    0.098175     4.290565
    0.110447     4.191990
    0.122718     4.102951
    0.134990     4.022874
    0.147262     3.950997
    0.159534     3.886492
    0.171806     3.828529
    0.184078     3.776322
    0.196350     3.729151
    0.208621     3.686378
    0.220893     3.647446
    0.233165     3.611881
    0.245437     3.579282
    0.257709     3.549306
    0.269981     3.521662
    0.282252     3.496099
    0.294524     3.472403
    0.306796     3.450382
    0.319068     3.429874
    0.331340     3.410735
    0.343612     3.392840
    0.355884     3.376076
    0.368155     3.360346
    0.380427     3.345563
    0.392699     3.331653
    0.404971     3.318549
    0.417243     3.306193
    0.429515     3.294534
    0.441786     3.283525
    0.454058     3.273128
    0.466330     3.263307
    0.478602     3.254030
    0.490874     3.245269
    0.503146     3.236995
    0.515418     3.229185
    0.527689     3.221811
    0.539961     3.214846
    0.552233     3.208261
    0.564505     3.202028
    0.576777     3.196118
    0.589049     3.190496
    0.601321     3.185134
    0.613592     3.179997
    0.625864     3.175056
    0.638136     3.170279
    0.650408     3.165639
    0.662680     3.161109
    0.674952     3.156668
    0.687223     3.152296
    0.699495     3.147980
    0.711767     3.143708
    0.724039     3.139476
    0.736311     3.135279
    0.748583     3.131119
    0.760854     3.126998
    0.773126     3.122920
    0.785398     3.118889
    0.797670     3.114913
    0.809942     3.110996
    0.822214     3.107144
    0.834486     3.103364
    0.846757     3.099659
    0.859029     3.096037
    0.871301     3.092501
    0.883573     3.089061
    0.895845     3.085721
    0.908117     3.082487
    0.920389     3.079364
    0.932660     3.076356
    0.944932     3.073464
    0.957204     3.070688
    0.969476     3.068027
    0.981748     3.065478
    0.994020     3.063036
    1.006291     3.060695
    1.018563     3.058449
    1.030835     3.056288
    1.043107     3.054201
    1.055379     3.052177
    1.067651     3.050201
    1.079923     3.048259
    1.092194     3.046338
    1.104466     3.044425
    1.116738     3.042510
    1.129010     3.040583
    1.141282     3.038641
    1.153554     3.036680
    1.165825     3.034701
    1.178097     3.032704
    1.190369     3.030692
    1.202641     3.028668
    1.214913     3.026637
    1.227185     3.024608
    1.239457     3.022588
    1.251728     3.020586
    1.264000     3.018615
    1.276272     3.016687
    1.288544     3.014812
    1.300816     3.013000
    1.313088     3.011259
    1.325359     3.009593
    1.337631     3.008005
    1.349903     3.006493
    1.362175     3.005055
    1.374447     3.003686
    1.386719     3.002380
    1.398991     3.001128
    1.411262     2.999925
    1.423534     2.998760
    1.435806     2.997624
    1.448078     2.996506
    1.460350     2.995396
    1.472622     2.994285
    1.484893     2.993162
    1.497165     2.992018
    1.509437     2.990845
    1.521709     2.989634
    1.533981     2.988377
    1.546253     2.987065
    1.558524     2.985693
    1.570796     2.984255
    1.583068     2.982747
    1.595340     2.981169
    1.607612     2.979521
    1.619884     2.977807
    1.632156     2.976035
    1.644427     2.974212
    1.656699     2.972351
    1.668971     2.970463
    1.681243     2.968564
    1.693515     2.966667
    1.705787     2.964790
    1.718059     2.962947
    1.730330     2.961152
    1.742602     2.959418
    1.754874     2.957755
    1.767146     2.956171
    1.779418     2.954673
    1.791690     2.953265
    1.803962     2.951950
    1.816233     2.950728
    1.828505     2.949600
    1.840777     2.948565
    1.853049     2.947618
    1.865321     2.946755
    1.877593     2.945970
    1.889864     2.945253
    1.902136     2.944596
    1.914408     2.943984
    1.926680     2.943407
    1.938952     2.942850
    1.951224     2.942303
    1.963495     2.941757
    1.975767     2.941203
    1.988039     2.940640
    2.000311     2.940065
    2.012583     2.939481
    2.024855     2.938890
    2.037127     2.938298
    2.049398     2.937711
    2.061670     2.937134
    2.073942     2.936572
    2.086214     2.936032
    2.098486     2.935516
    2.110758     2.935027
    2.123029     2.934565
    2.135301     2.934130
    2.147573     2.933723
    2.159845     2.933339
    2.172117     2.932980
    2.184389     2.932642
    2.196661     2.932325
    2.208932     2.932031
    2.221204     2.931759
    2.233476     2.931508
    2.245748     2.931276
    2.258020     2.931062
    2.270292     2.930861
    2.282563     2.930667
    2.294835     2.930476
    2.307107     2.930285
    2.319379     2.930084
    2.331651     2.929871
    2.343923     2.929636
    2.356194     2.929373
    2.368466     2.929074
    2.380738     2.928733
    2.393010     2.928341
    2.405282     2.927892
    2.417554     2.927382
    2.429826     2.926806
    2.442097     2.926160
    2.454369     2.925440
    2.466641     2.924646
    2.478913     2.923775
    2.491185     2.922827
    2.503457     2.921804
    2.515728     2.920707
    2.528000     2.919538
    2.540272     2.918303
    2.552544     2.917003
    2.564816     2.915647
    2.577088     2.914238
    2.589360     2.912784
    2.601631     2.911292
    2.613903     2.909767
    2.626175     2.908216
    2.638447     2.906646
    2.650719     2.905062
    2.662991     2.903473
    2.675262     2.901887
    2.687534     2.900317
    2.699806     2.898774
    2.712078     2.897272
    2.724350     2.895824
    2.736622     2.894443
    2.748894     2.893142
    2.761165     2.891929
    2.773437     2.890812
    2.785709     2.889797
    2.797981     2.888886
    2.810253     2.888082
    2.822525     2.887383
    2.834797     2.886789
    2.847068     2.886295
    2.859340     2.885897
    2.871612     2.885591
    2.883884     2.885370
    2.896156     2.885228
    2.908428     2.885160
    2.920700     2.885161
    2.932971     2.885225
    2.945243     2.885347
    2.957515     2.885522
    2.969787     2.885742
    2.982059     2.886001
    2.994331     2.886289
    3.006603     2.886600
    3.018874     2.886922
    3.031146     2.887246
    3.043418     2.887564
    3.055690     2.887865
    3.067962     2.888140
    3.080234     2.888385
    3.092505     2.888591
    3.104777     2.888756
    3.117049     2.888875
    3.129321     2.888947
    3.141593     2.888971
