# r flatness
    0.012272     4.936043
    0.024544     4.869809
    0.036816     4.772511
    0.049087     4.657957
    0.061359     4.538032
    0.073631     4.420877
    0.085903     4.311061
    0.098175     4.210590
    0.110447     4.119921
    0.122718     4.038672
    0.134990     3.966068
    0.147262     3.901203
    0.159534     3.843175
    0.171806     3.791146
    0.184078     3.744371
    0.196350     3.702200
    0.208621     3.664066
    0.220893     3.629479
    0.233165     3.598017
    0.245437     3.569307
    0.257709     3.543030
    0.269981     3.518907
    0.282252     3.496699
    0.294524     3.476202
    0.306796     3.457237
    0.319068     3.439650
    0.331340     3.423302
    0.343612     3.408067
    0.355884     3.393831
    0.368155     3.380496
    0.380427     3.367975
    0.392699     3.356195
    0.404971     3.345095
    0.417243     3.334623
    0.429515     3.324734
    0.441786     3.315388
    0.454058     3.306550
    0.466330     3.298186
    0.478602     3.290263
    0.490874     3.282749
    0.503146     3.275607
    0.515418     3.268803
    0.527689     3.262296
    0.539961     3.256046
    0.552233     3.250011
    0.564505     3.244149
    0.576777     3.238419
    0.589049     3.232781
    0.601321     3.227202
    0.613592     3.221652
    0.625864     3.216107
    0.638136     3.210550
    0.650408     3.204969
    0.662680     3.199356
    0.674952     3.193708
    0.687223     3.188022
    0.699495     3.182295
    0.711767     3.176530
    0.724039     3.170727
    0.736311     3.164892
    0.748583     3.159033
    0.760854     3.153160
    0.773126     3.147286
    0.785398     3.141423
    0.797670     3.135587
    0.809942     3.129789
    0.822214     3.124046
    0.834486     3.118369
    0.846757     3.112770
    0.859029     3.107259
    0.871301     3.101843
    0.883573     3.096526
    0.895845     3.091313
    0.908117     3.086205
    0.920389     3.081204
    0.932660     3.076312
    0.944932     3.071529
    0.957204     3.066859
    0.969476     3.062305
    0.981748     3.057869
    0.994020     3.053555
    1.006291     3.049370
    1.018563     3.045318
    1.030835     3.041404
    1.043107     3.037633
    1.055379     3.034009
    1.067651     3.030534
    1.079923     3.027205
    1.092194     3.024018
    1.104466     3.020966
    1.116738     3.018040
    1.129010     3.015229
    1.141282     3.012523
    1.153554     3.009910
    1.165825     3.007382
    1.178097     3.004928
    1.190369     3.002539
    1.202641     3.000208
    1.214913     2.997925
    1.227185     2.995682
    1.239457     2.993475
    1.251728     2.991297
    1.264000     2.989144
    1.276272     2.987014
    1.288544     2.984907
    1.300816     2.982823
    1.313088     2.980766
    1.325359     2.978737
    1.337631     2.976742
    1.349903     2.974786
    1.362175     2.972875
    1.374447     2.971017
    1.386719     2.969218
    1.398991     2.967490
    1.411262     2.965842
    1.423534     2.964282
    1.435806     2.962822
    1.448078     2.961472
    1.460350     2.960239
    1.472622     2.959132
    1.484893     2.958158
    1.497165     2.957320
    1.509437     2.956622
    1.521709     2.956063
    1.533981     2.955639
    1.546253     2.955343
    1.558524     2.955168
    1.570796     2.955103
    1.583068     2.955136
    1.595340     2.955255
    1.607612     2.955447
    1.619884     2.955701
    1.632156     2.956004
    1.644427     2.956345
    1.656699     2.956714
    1.668971     2.957103
    1.681243     2.957505
    1.693515     2.957915
    1.705787     2.958330
    1.718059     2.958749
    1.730330     2.959170
    1.742602     2.959592
    1.754874     2.960012
    1.767146     2.960429
    1.779418     2.960839
    1.791690     2.961236
    1.803962     2.961618
    1.816233     2.961980
    1.828505     2.962318
    1.840777     2.962631
    1.853049     2.962920
    1.865321     2.963184
    1.877593     2.963425
    1.889864     2.963645
    1.902136     2.963846
    1.914408     2.964031
    1.926680     2.964204
    1.938952     2.964367
    1.951224     2.964524
    1.963495     2.964679
    1.975767     2.964834
    1.988039     2.964995
    2.000311     2.965164
    2.012583     2.965347
    2.024855     2.965551
    2.037127     2.965781
    2.049398     2.966050
    2.061670     2.966367
    2.073942     2.966742
    2.086214     2.967185
    2.098486     2.967709
    2.110758     2.968319
    2.123029     2.969025
    2.135301     2.969831
    2.147573     2.970742
    2.159845     2.971762
    2.172117     2.972891
    2.184389     2.974128
    2.196661     2.975473
    2.208932     2.976920
    2.221204     2.978465
    2.233476     2.980099
    2.245748     2.981813
    2.258020     2.983596
    2.270292     2.985438
    2.282563     2.987327
    2.294835     2.989254
    2.307107     2.991207
    2.319379     2.993179
    2.331651     2.995159
    2.343923     2.997141
    2.356194     2.999115
    2.368466     3.001073
    2.380738     3.003005
    2.393010     3.004903
    2.405282     3.006757
    2.417554     3.008557
    2.429826     3.010295
    2.442097     3.011962
    2.454369     3.013549
    2.466641     3.015050
    2.478913     3.016458
    2.491185     3.017769
    2.503457     3.018978
    2.515728     3.020082
    2.528000     3.021080
    2.540272     3.021971
    2.552544     3.022751
    2.564816     3.023422
    2.577088     3.023985
    2.589360     3.024441
    2.601631     3.024792
    2.613903     3.025041
    2.626175     3.025191
    2.638447     3.025246
    2.650719     3.025211
    2.662991     3.025093
    2.675262     3.024900
    2.687534     3.024642
    2.699806     3.024329
    2.712078     3.023971
    2.724350     3.023579
    2.736622     3.023162
    2.748894     3.022730
    2.761165     3.022291
    2.773437     3.021854
    2.785709     3.021424
    2.797981     3.021007
    2.810253     3.020608
    2.822525     3.020227
    2.834797     3.019865
    2.847068     3.019521
    2.859340     3.019195
    2.871612     3.018883
    2.883884     3.018585
    2.896156     3.018299
    2.908428     3.018023
    2.920700     3.017756
    2.932971     3.017500
    2.945243     3.017256
    2.957515     3.017024
    2.969787     3.016808
    2.982059     3.016610
    2.994331     3.016434
    3.006603     3.016279
    3.018874     3.016148
    3.031146     3.016041
    3.043418     3.015954
    3.055690     3.015889
    3.067962     3.015841
    3.080234     3.015809
    3.092505     3.015789
    3.104777     3.015778
    3.117049     3.015772
    3.129321     3.015770
    3.141593     3.015769
