# r flatness
    0.012272     5.073990
    0.024544     4.999819
    0.036816     4.891650
    0.049087     4.765321
    0.061359     4.633929
    0.073631     4.506002
    0.085903     4.386085
    0.098175     4.276095
    0.110447     4.176458
    0.122718     4.086831
    0.134990     4.006508
    0.147262     3.934641
    0.159534     3.870360
    0.171806     3.812829
    0.184078     3.761260
    0.196350     3.714933
    0.208621     3.673197
    0.220893     3.635468
    0.233165     3.601239
    0.245437     3.570066
    0.257709     3.541569
    0.269981     3.515426
    0.282252     3.491359
    0.294524     3.469129
    0.306796     3.448530
    0.319068     3.429384
    0.331340     3.411537
    0.343612     3.394857
    0.355884     3.379231
    0.368155     3.364560
    0.380427     3.350760
    0.392699     3.337754
    0.404971     3.325473
    0.417243     3.313855
    0.429515     3.302844
    0.441786     3.292386
    0.454058     3.282434
    0.466330     3.272944
    0.478602     3.263874
    0.490874     3.255186
    0.503146     3.246844
    0.515418     3.238815
    0.527689     3.231068
    0.539961     3.223575
    0.552233     3.216314
    0.564505     3.209264
    0.576777     3.202412
    0.589049     3.195751
    0.601321     3.189277
    0.613592     3.182989
    0.625864     3.176890
    0.638136     3.170983
    0.650408     3.165272
    0.662680     3.159754
    0.674952     3.154426
    0.687223     3.149281
    0.699495     3.144307
    0.711767     3.139492
    0.724039     3.134822
    0.736311     3.130281
    0.748583     3.125861
    0.760854     3.121550
    0.773126     3.117340
    0.785398     3.113225
    0.797670     3.109200
    0.809942     3.105261
    0.822214     3.101405
    0.834486     3.097630
    0.846757     3.093931
    0.859029     3.090307
    0.871301     3.086751
    0.883573     3.083255
    0.895845     3.079812
    0.908117     3.076410
    0.920389     3.073039
    0.932660     3.069688
    0.944932     3.066347
    0.957204     3.063007
    0.969476     3.059661
    0.981748     3.056304
    0.994020     3.052931
    1.006291     3.049541
    1.018563     3.046133
    1.030835     3.042706
    1.043107     3.039260
    1.055379     3.035799
    1.067651     3.032328
    1.079923     3.028853
    1.092194     3.025385
    1.104466     3.021935
    1.116738     3.018517
    1.129010     3.015143
    1.141282     3.011825
    1.153554     3.008574
    1.165825     3.005400
    1.178097     3.002312
    1.190369     2.999317
    1.202641     2.996423
    1.214913     2.993636
    1.227185     2.990962
    1.239457     2.988406
    1.251728     2.985974
    1.264000     2.983668
    1.276272     2.981491
    1.288544     2.979444
    1.300816     2.977529
    1.313088     2.975748
    1.325359     2.974103
    1.337631     2.972594
    1.349903     2.971225
    1.362175     2.969994
    1.374447     2.968898
    1.386719     2.967935
    1.398991     2.967096
    1.411262     2.966373
    1.423534     2.965754
    1.435806     2.965225
    1.448078     2.964776
    1.460350     2.964394
    1.472622     2.964065
    1.484893     2.963783
    1.497165     2.963538
    1.509437     2.963324
    1.521709     2.963135
    1.533981     2.962969
    1.546253     2.962821
    1.558524     2.962689
    1.570796     2.962569
    1.583068     2.962459
    1.595340     2.962353
    1.607612     2.962247
    1.619884     2.962134
    1.632156     2.962008
    1.644427     2.961860
    1.656699     2.961684
    1.668971     2.961473
    1.681243     2.961219
    1.693515     2.960917
    1.705787     2.960565
    1.718059     2.960157
    1.730330     2.959691
    1.742602     2.959163
    1.754874     2.958573
    1.767146     2.957920
    1.779418     2.957206
    1.791690     2.956433
    1.803962     2.955606
    1.816233     2.954728
    1.828505     2.953805
    1.840777     2.952841
    1.853049     2.951840
    1.865321     2.950807
    1.877593     2.949745
    1.889864     2.948658
    1.902136     2.947547
    1.914408     2.946414
    1.926680     2.945258
    1.938952     2.944081
    1.951224     2.942881
    1.963495     2.941658
    1.975767     2.940411
    1.988039     2.939140
    2.000311     2.937846
    2.012583     2.936530
    2.024855     2.935197
    2.037127     2.933851
    2.049398     2.932499
    2.061670     2.931148
    2.073942     2.929809
    2.086214     2.928491
    2.098486     2.927204
    2.110758     2.925959
    2.123029     2.924762
    2.135301     2.923625
    2.147573     2.922550
    2.159845     2.921546
    2.172117     2.920612
    2.184389     2.919751
    2.196661     2.918964
    2.208932     2.918251
    2.221204     2.917612
    2.233476     2.917044
    2.245748     2.916547
    2.258020     2.916119
    2.270292     2.915757
    2.282563     2.915461
    2.294835     2.915229
    2.307107     2.915064
    2.319379     2.914968
    2.331651     2.914948
    2.343923     2.915009
    2.356194     2.915160
    2.368466     2.915410
    2.380738     2.915767
    2.393010     2.916238
    2.405282     2.916828
    2.417554     2.917540
    2.429826     2.918373
    2.442097     2.919325
    2.454369     2.920387
    2.466641     2.921550
    2.478913     2.922801
    2.491185     2.924123
    2.503457     2.925500
    2.515728     2.926914
    2.528000     2.928349
    2.540272     2.929785
    2.552544     2.931205
    2.564816     2.932596
    2.577088     2.933942
    2.589360     2.935230
    2.601631     2.936452
    2.613903     2.937600
    2.626175     2.938668
    2.638447     2.939656
    2.650719     2.940563
    2.662991     2.941394
    2.675262     2.942153
    2.687534     2.942844
    2.699806     2.943477
    2.712078     2.944057
    2.724350     2.944592
    2.736622     2.945091
    2.748894     2.945561
    2.761165     2.946010
    2.773437     2.946446
    2.785709     2.946875
    2.797981     2.947304
    2.810253     2.947738
    2.822525     2.948184
    2.834797     2.948645
    2.847068     2.949126
    2.859340     2.949628
    2.871612     2.950151
    2.883884     2.950695
    2.896156     2.951257
    2.908428     2.951831
    2.920700     2.952411
    2.932971     2.952988
    2.945243     2.953552
    2.957515     2.954093
    2.969787     2.954599
    2.982059     2.955062
    2.994331     2.955472
    3.006603     2.955825
    3.018874     2.956117
    3.031146     2.956346
    3.043418     2.956516
    3.055690     2.956631
    3.067962     2.956699
    3.080234     2.956730
    3.092505     2.956734
    3.104777     2.956723
    3.117049     2.956707
    3.129321     2.956694
    3.141593     2.956689
