# r flatness
    0.012272     5.205363
    0.024544     5.127132
    0.036816     5.013318
    0.049087     4.880730
    0.061359     4.743166
    0.073631     4.609589
    0.085903     4.484751
    0.098175     4.370587
    0.110447     4.267420
    0.122718     4.174754
    0.134990     4.091732
    0.147262     4.017380
    0.159534     3.950724
    0.171806     3.890840
    0.184078     3.836881
    0.196350     3.788088
    0.208621     3.743788
    0.220893     3.703400
    0.233165     3.666416
    0.245437     3.632406
    0.257709     3.600999
    0.269981     3.571877
    0.282252     3.544773
    0.294524     3.519460
    0.306796     3.495747
    0.319068     3.473473
    0.331340     3.452499
    0.343612     3.432706
    0.355884     3.413988
    0.368155     3.396256
    0.380427     3.379432
    0.392699     3.363449
    0.404971     3.348251
    0.417243     3.333789
    0.429515     3.320021
    0.441786     3.306910
    0.454058     3.294421
    0.466330     3.282523
    0.478602     3.271179
    0.490874     3.260358
    0.503146     3.250027
    0.515418     3.240160
    0.527689     3.230731
    0.539961     3.221719
    0.552233     3.213106
    0.564505     3.204877
    0.576777     3.197016
    0.589049     3.189512
    0.601321     3.182347
    0.613592     3.175504
    0.625864     3.168964
    0.638136     3.162705
    0.650408     3.156703
    0.662680     3.150937
    0.674952     3.145384
    0.687223     3.140030
    0.699495     3.134861
    0.711767     3.129866
    0.724039     3.125039
    0.736311     3.120373
    0.748583     3.115864
    0.760854     3.111506
    0.773126     3.107297
    0.785398     3.103232
    0.797670     3.099309
    0.809942     3.095527
    0.822214     3.091883
    0.834486     3.088379
    0.846757     3.085012
    0.859029     3.081784
    0.871301     3.078694
    0.883573     3.075742
    0.895845     3.072925
    0.908117     3.070240
    0.920389     3.067684
    0.932660     3.065252
    0.944932     3.062939
    0.957204     3.060739
    0.969476     3.058646
    0.981748     3.056655
    0.994020     3.054761
    1.006291     3.052962
    1.018563     3.051255
    1.030835     3.049640
    1.043107     3.048116
    1.055379     3.046682
    1.067651     3.045333
    1.079923     3.044068
    1.092194     3.042880
    1.104466     3.041762
    1.116738     3.040709
    1.129010     3.039711
    1.141282     3.038761
    1.153554     3.037853
    1.165825     3.036978
    1.178097     3.036128
    1.190369     3.035297
    1.202641     3.034475
    1.214913     3.033656
    1.227185     3.032835
    1.239457     3.032006
    1.251728     3.031167
    1.264000     3.030317
    1.276272     3.029454
    1.288544     3.028579
    1.300816     3.027693
    1.313088     3.026793
    1.325359     3.025880
    1.337631     3.024953
    1.349903     3.024012
    1.362175     3.023052
    1.374447     3.022072
    1.386719     3.021066
    1.398991     3.020030
    1.411262     3.018955
    1.423534     3.017835
    1.435806     3.016664
    1.448078     3.015437
    1.460350     3.014152
    1.472622     3.012808
    1.484893     3.011409
    1.497165     3.009959
    1.509437     3.008463
    1.521709     3.006929
    1.533981     3.005363
    1.546253     3.003773
    1.558524     3.002167
    1.570796     3.000556
    1.583068     2.998950
    1.595340     2.997360
    1.607612     2.995801
    1.619884     2.994281
    1.632156     2.992814
    1.644427     2.991410
    1.656699     2.990076
    1.668971     2.988819
    1.681243     2.987643
    1.693515     2.986549
    1.705787     2.985542
    1.718059     2.984620
    1.730330     2.983785
    1.742602     2.983036
    1.754874     2.982372
    1.767146     2.981792
    1.779418     2.981292
    1.791690     2.980866
    1.803962     2.980512
    1.816233     2.980222
    1.828505     2.979992
    1.840777     2.979815
    1.853049     2.979685
    1.865321     2.979596
    1.877593     2.979544
    1.889864     2.979522
    1.902136     2.979524
    1.914408     2.979544
    1.926680     2.979576
    1.938952     2.979614
    1.951224     2.979656
    1.963495     2.979697
    1.975767     2.979734
    1.988039     2.979770
    2.000311     2.979806
    2.012583     2.979843
    2.024855     2.979887
    2.037127     2.979942
    2.049398     2.980016
    2.061670     2.980112
    2.073942     2.980240
    2.086214     2.980400
    2.098486     2.980601
    2.110758     2.980844
    2.123029     2.981131
    2.135301     2.981463
    2.147573     2.981838
    2.159845     2.982254
    2.172117     2.982704
    2.184389     2.983185
    2.196661     2.983689
    2.208932     2.984209
    2.221204     2.984739
    2.233476     2.985271
    2.245748     2.985797
    2.258020     2.986312
    2.270292     2.986808
    2.282563     2.987280
    2.294835     2.987722
    2.307107     2.988134
    2.319379     2.988513
    2.331651     2.988863
    2.343923     2.989189
    2.356194     2.989497
    2.368466     2.989798
    2.380738     2.990101
    2.393010     2.990416
    2.405282     2.990752
    2.417554     2.991118
    2.429826     2.991523
    2.442097     2.991970
    2.454369     2.992467
    2.466641     2.993016
    2.478913     2.993619
    2.491185     2.994278
    2.503457     2.994990
    2.515728     2.995754
    2.528000     2.996565
    2.540272     2.997420
    2.552544     2.998312
    2.564816     2.999235
    2.577088     3.000180
    2.589360     3.001139
    2.601631     3.002100
    2.613903     3.003050
    2.626175     3.003977
    2.638447     3.004867
    2.650719     3.005709
    2.662991     3.006491
    2.675262     3.007204
    2.687534     3.007837
    2.699806     3.008384
    2.712078     3.008837
    2.724350     3.009192
    2.736622     3.009442
    2.748894     3.009586
    2.761165     3.009619
    2.773437     3.009539
    2.785709     3.009345
    2.797981     3.009039
    2.810253     3.008621
    2.822525     3.008096
    2.834797     3.007469
    2.847068     3.006747
    2.859340     3.005938
    2.871612     3.005051
    2.883884     3.004094
    2.896156     3.003079
    2.908428     3.002012
    2.920700     3.000905
    2.932971     2.999765
    2.945243     2.998603
    2.957515     2.997427
    2.969787     2.996250
    2.982059     2.995085
    2.994331     2.993946
    3.006603     2.992847
    3.018874     2.991803
    3.031146     2.990826
    3.043418     2.989927
    3.055690     2.989116
    3.067962     2.988400
    3.080234     2.987787
    3.092505     2.987279
    3.104777     2.986881
    3.117049     2.986595
    3.129321     2.986423
    3.141593     2.986366
