# r flatness
    0.012272     5.081295
    0.024544     5.011219
    0.036816     4.909165
    0.049087     4.790089
    0.061359     4.666260
    0.073631     4.545643
    0.085903     4.432484
    0.098175     4.328552
    0.110447     4.234210
    0.122718     4.149082
    0.134990     4.072460
    0.147262     4.003508
    0.159534     3.941380
    0.171806     3.885281
    0.184078     3.834486
    0.196350     3.788350
    0.208621     3.746307
    0.220893     3.707855
    0.233165     3.672552
    0.245437     3.640012
    0.257709     3.609889
    0.269981     3.581891
    0.282252     3.555764
    0.294524     3.531291
    0.306796     3.508288
    0.319068     3.486603
    0.331340     3.466108
    0.343612     3.446704
    0.355884     3.428315
    0.368155     3.410886
    0.380427     3.394377
    0.392699     3.378759
    0.404971     3.364012
    0.417243     3.350113
    0.429515     3.337043
    0.441786     3.324773
    0.454058     3.313274
    0.466330     3.302509
    0.478602     3.292437
    0.490874     3.283013
    0.503146     3.274188
    0.515418     3.265914
    0.527689     3.258141
    0.539961     3.250823
    0.552233     3.243912
    0.564505     3.237364
    0.576777     3.231137
    0.589049     3.225190
    0.601321     3.219487
    0.613592     3.213997
    0.625864     3.208692
    0.638136     3.203555
    0.650408     3.198573
    0.662680     3.193741
    0.674952     3.189054
    0.687223     3.184517
    0.699495     3.180127
    0.711767     3.175889
    0.724039     3.171800
    0.736311     3.167862
    0.748583     3.164069
    0.760854     3.160421
    0.773126     3.156910
    0.785398     3.153531
    0.797670     3.150276
    0.809942     3.147141
    0.822214     3.144120
    0.834486     3.141210
    0.846757     3.138410
    0.859029     3.135719
    0.871301     3.133138
    0.883573     3.130669
    0.895845     3.128309
    0.908117     3.126058
    0.920389     3.123911
    0.932660     3.121863
    0.944932     3.119907
    0.957204     3.118034
    0.969476     3.116235
    0.981748     3.114500
    0.994020     3.112822
    1.006291     3.111189
    1.018563     3.109596
    1.030835     3.108034
    1.043107     3.106497
    1.055379     3.104978
    1.067651     3.103472
    1.079923     3.101973
    1.092194     3.100474
    1.104466     3.098971
    1.116738     3.097458
    1.129010     3.095929
    1.141282     3.094382
    1.153554     3.092813
    1.165825     3.091223
    1.178097     3.089612
    1.190369     3.087983
    1.202641     3.086340
    1.214913     3.084688
    1.227185     3.083032
    1.239457     3.081376
    1.251728     3.079724
    1.264000     3.078075
    1.276272     3.076432
    1.288544     3.074793
    1.300816     3.073156
    1.313088     3.071521
    1.325359     3.069886
    1.337631     3.068251
    1.349903     3.066615
    1.362175     3.064978
    1.374447     3.063340
    1.386719     3.061700
    1.398991     3.060056
    1.411262     3.058406
    1.423534     3.056746
    1.435806     3.055071
    1.448078     3.053378
    1.460350     3.051661
    1.472622     3.049916
    1.484893     3.048140
    1.497165     3.046331
    1.509437     3.044490
    1.521709     3.042618
    1.533981     3.040717
    1.546253     3.038796
    1.558524     3.036861
    1.570796     3.034923
    1.583068     3.032990
    1.595340     3.031075
    1.607612     3.029186
    1.619884     3.027334
    1.632156     3.025529
    1.644427     3.023778
    1.656699     3.022088
    1.668971     3.020466
    1.681243     3.018916
    1.693515     3.017443
    1.705787     3.016051
    1.718059     3.014744
    1.730330     3.013523
    1.742602     3.012393
    1.754874     3.011356
    1.767146     3.010413
    1.779418     3.009565
    1.791690     3.008812
    1.803962     3.008151
    1.816233     3.007578
    1.828505     3.007088
    1.840777     3.006670
    1.853049     3.006317
    1.865321     3.006016
    1.877593     3.005754
    1.889864     3.005521
    1.902136     3.005307
    1.914408     3.005104
    1.926680     3.004907
    1.938952     3.004715
    1.951224     3.004526
    1.963495     3.004344
    1.975767     3.004169
    1.988039     3.004007
    2.000311     3.003862
    2.012583     3.003735
    2.024855     3.003629
    2.037127     3.003544
    2.049398     3.003481
    2.061670     3.003438
    2.073942     3.003413
    2.086214     3.003406
    2.098486     3.003412
    2.110758     3.003433
    2.123029     3.003463
    2.135301     3.003503
    2.147573     3.003547
    2.159845     3.003593
    2.172117     3.003635
    2.184389     3.003666
    2.196661     3.003680
    2.208932     3.003668
    2.221204     3.003620
    2.233476     3.003528
    2.245748     3.003384
    2.258020     3.003181
    2.270292     3.002913
    2.282563     3.002579
    2.294835     3.002178
    2.307107     3.001715
    2.319379     3.001193
    2.331651     3.000619
    2.343923     3.000001
    2.356194     2.999345
    2.368466     2.998662
    2.380738     2.997958
    2.393010     2.997244
    2.405282     2.996526
    2.417554     2.995814
    2.429826     2.995115
    2.442097     2.994435
    2.454369     2.993780
    2.466641     2.993154
    2.478913     2.992559
    2.491185     2.991996
    2.503457     2.991466
    2.515728     2.990968
    2.528000     2.990502
    2.540272     2.990070
    2.552544     2.989674
    2.564816     2.989315
    2.577088     2.988998
    2.589360     2.988726
    2.601631     2.988501
    2.613903     2.988328
    2.626175     2.988204
    2.638447     2.988130
    2.650719     2.988105
    2.662991     2.988125
    2.675262     2.988185
    2.687534     2.988285
    2.699806     2.988423
    2.712078     2.988597
    2.724350     2.988810
    2.736622     2.989063
    2.748894     2.989359
    2.761165     2.989699
    2.773437     2.990084
    2.785709     2.990512
    2.797981     2.990978
    2.810253     2.991475
    2.822525     2.991996
    2.834797     2.992528
    2.847068     2.993060
    2.859340     2.993582
    2.871612     2.994078
    2.883884     2.994539
    2.896156     2.994952
    2.908428     2.995311
    2.920700     2.995608
    2.932971     2.995840
    2.945243     2.996007
    2.957515     2.996111
    2.969787     2.996157
    2.982059     2.996153
    2.994331     2.996107
    3.006603     2.996028
    3.018874     2.995927
    3.031146     2.995811
    3.043418     2.995687
    3.055690     2.995563
    3.067962     2.995443
    3.080234     2.995332
    3.092505     2.995235
    3.104777     2.995153
    3.117049     2.995093
    3.129321     2.995055
    3.141593     2.995044
