# r flatness
    0.012272     4.976285
    0.024544     4.912218
    0.036816     4.818359
    0.049087     4.707966
    0.061359     4.592209
    0.073631     4.478667
    0.085903     4.371605
    0.098175     4.272947
    0.110447     4.183205
    0.122718     4.102142
    0.134990     4.029168
    0.147262     3.963550
    0.159534     3.904533
    0.171806     3.851386
    0.184078     3.803431
    0.196350     3.760047
    0.208621     3.720680
    0.220893     3.684844
    0.233165     3.652108
    0.245437     3.622097
    0.257709     3.594479
    0.269981     3.568959
    0.282252     3.545282
    0.294524     3.523227
    0.306796     3.502606
    0.319068     3.483259
    0.331340     3.465056
    0.343612     3.447884
    0.355884     3.431650
    0.368155     3.416278
    0.380427     3.401698
    0.392699     3.387855
    0.404971     3.374696
    0.417243     3.362176
    0.429515     3.350252
    0.441786     3.338885
    0.454058     3.328036
    0.466330     3.317668
    0.478602     3.307749
    0.490874     3.298248
    0.503146     3.289140
    0.515418     3.280401
    0.527689     3.272011
    0.539961     3.263952
    0.552233     3.256207
    0.564505     3.248761
    0.576777     3.241602
    0.589049     3.234715
    0.601321     3.228090
    0.613592     3.221713
    0.625864     3.215568
    0.638136     3.209640
    0.650408     3.203912
    0.662680     3.198367
    0.674952     3.192991
    0.687223     3.187769
    0.699495     3.182689
    0.711767     3.177744
    0.724039     3.172923
    0.736311     3.168219
    0.748583     3.163623
    0.760854     3.159128
    0.773126     3.154726
    0.785398     3.150408
    0.797670     3.146165
    0.809942     3.141989
    0.822214     3.137870
    0.834486     3.133800
    0.846757     3.129773
    0.859029     3.125783
    0.871301     3.121826
    0.883573     3.117900
    0.895845     3.114001
    0.908117     3.110129
    0.920389     3.106278
    0.932660     3.102447
    0.944932     3.098632
    0.957204     3.094828
    0.969476     3.091035
    0.981748     3.087251
    0.994020     3.083478
    1.006291     3.079719
    1.018563     3.075979
    1.030835     3.072264
    1.043107     3.068585
    1.055379     3.064952
    1.067651     3.061374
    1.079923     3.057864
    1.092194     3.054433
    1.104466     3.051092
    1.116738     3.047852
    1.129010     3.044722
    1.141282     3.041710
    1.153554     3.038819
    1.165825     3.036052
    1.178097     3.033406
    1.190369     3.030879
    1.202641     3.028465
    1.214913     3.026161
    1.227185     3.023958
    1.239457     3.021854
    1.251728     3.019840
    1.264000     3.017912
    1.276272     3.016065
    1.288544     3.014292
    1.300816     3.012590
    1.313088     3.010956
    1.325359     3.009384
    1.337631     3.007875
    1.349903     3.006426
    1.362175     3.005037
    1.374447     3.003709
    1.386719     3.002440
    1.398991     3.001232
    1.411262     3.000083
    1.423534     2.998991
    1.435806     2.997951
    1.448078     2.996956
    1.460350     2.996000
    1.472622     2.995075
    1.484893     2.994172
    1.497165     2.993281
    1.509437     2.992396
    1.521709     2.991512
    1.533981     2.990626
    1.546253     2.989739
    1.558524     2.988853
    1.570796     2.987972
    1.583068     2.987098
    1.595340     2.986240
    1.607612     2.985399
    1.619884     2.984580
    1.632156     2.983783
    1.644427     2.983013
    1.656699     2.982270
    1.668971     2.981555
    1.681243     2.980868
    1.693515     2.980209
    1.705787     2.979576
    1.718059     2.978966
    1.730330     2.978375
    1.742602     2.977798
    1.754874     2.977228
    1.767146     2.976662
    1.779418     2.976091
    1.791690     2.975510
    1.803962     2.974916
    1.816233     2.974304
    1.828505     2.973670
    1.840777     2.973013
    1.853049     2.972330
    1.865321     2.971622
    1.877593     2.970888
    1.889864     2.970127
    1.902136     2.969340
    1.914408     2.968526
    1.926680     2.967685
    1.938952     2.966817
    1.951224     2.965921
    1.963495     2.965000
    1.975767     2.964053
    1.988039     2.963084
    2.000311     2.962094
    2.012583     2.961091
    2.024855     2.960079
    2.037127     2.959064
    2.049398     2.958057
    2.061670     2.957063
    2.073942     2.956092
    2.086214     2.955152
    2.098486     2.954250
    2.110758     2.953395
    2.123029     2.952594
    2.135301     2.951853
    2.147573     2.951179
    2.159845     2.950576
    2.172117     2.950049
    2.184389     2.949603
    2.196661     2.949240
    2.208932     2.948961
    2.221204     2.948768
    2.233476     2.948660
    2.245748     2.948632
    2.258020     2.948686
    2.270292     2.948815
    2.282563     2.949013
    2.294835     2.949275
    2.307107     2.949594
    2.319379     2.949962
    2.331651     2.950372
    2.343923     2.950816
    2.356194     2.951289
    2.368466     2.951784
    2.380738     2.952296
    2.393010     2.952821
    2.405282     2.953357
    2.417554     2.953899
    2.429826     2.954447
    2.442097     2.955000
    2.454369     2.955555
    2.466641     2.956112
    2.478913     2.956668
    2.491185     2.957221
    2.503457     2.957765
    2.515728     2.958296
    2.528000     2.958807
    2.540272     2.959292
    2.552544     2.959742
    2.564816     2.960150
    2.577088     2.960511
    2.589360     2.960817
    2.601631     2.961066
    2.613903     2.961256
    2.626175     2.961385
    2.638447     2.961452
    2.650719     2.961458
    2.662991     2.961404
    2.675262     2.961288
    2.687534     2.961112
    2.699806     2.960874
    2.712078     2.960574
    2.724350     2.960213
    2.736622     2.959792
    2.748894     2.959316
    2.761165     2.958787
    2.773437     2.958214
    2.785709     2.957603
    2.797981     2.956966
    2.810253     2.956311
    2.822525     2.955649
    2.834797     2.954991
    2.847068     2.954343
    2.859340     2.953713
    2.871612     2.953104
    2.883884     2.952518
    2.896156     2.951955
    2.908428     2.951413
    2.920700     2.950891
    2.932971     2.950386
    2.945243     2.949899
    2.957515     2.949429
    2.969787     2.948974
    2.982059     2.948536
    2.994331     2.948116
    3.006603     2.947716
    3.018874     2.947337
    3.031146     2.946981
    3.043418     2.946653
    3.055690     2.946355
    3.067962     2.946090
    3.080234     2.945861
    3.092505     2.945671
    3.104777     2.945522
    3.117049     2.945415
    3.129321     2.945351
    3.141593     2.945329
