# r flatness
    0.012272     5.078398
    0.024544     5.008465
    0.036816     4.906483
    0.049087     4.787254
    0.061359     4.662969
    0.073631     4.541636
    0.085903     4.427622
    0.098175     4.322848
    0.110447     4.227778
    0.122718     4.142099
    0.134990     4.065117
    0.147262     3.996000
    0.159534     3.933909
    0.171806     3.878048
    0.184078     3.827688
    0.196350     3.782165
    0.208621     3.740882
    0.220893     3.703301
    0.233165     3.668953
    0.245437     3.637424
    0.257709     3.608359
    0.269981     3.581450
    0.282252     3.556434
    0.294524     3.533089
    0.306796     3.511226
    0.319068     3.490687
    0.331340     3.471336
    0.343612     3.453054
    0.355884     3.435736
    0.368155     3.419290
    0.380427     3.403632
    0.392699     3.388691
    0.404971     3.374401
    0.417243     3.360707
    0.429515     3.347560
    0.441786     3.334912
    0.454058     3.322719
    0.466330     3.310937
    0.478602     3.299525
    0.490874     3.288444
    0.503146     3.277663
    0.515418     3.267154
    0.527689     3.256901
    0.539961     3.246897
    0.552233     3.237140
    0.564505     3.227633
    0.576777     3.218381
    0.589049     3.209390
    0.601321     3.200669
    0.613592     3.192219
    0.625864     3.184041
    0.638136     3.176132
    0.650408     3.168484
    0.662680     3.161086
    0.674952     3.153924
    0.687223     3.146980
    0.699495     3.140239
    0.711767     3.133684
    0.724039     3.127301
    0.736311     3.121074
    0.748583     3.114993
    0.760854     3.109049
    0.773126     3.103233
    0.785398     3.097541
    0.797670     3.091969
    0.809942     3.086516
    0.822214     3.081179
    0.834486     3.075962
    0.846757     3.070863
    0.859029     3.065881
    0.871301     3.061014
    0.883573     3.056259
    0.895845     3.051609
    0.908117     3.047058
    0.920389     3.042597
    0.932660     3.038219
    0.944932     3.033915
    0.957204     3.029677
    0.969476     3.025498
    0.981748     3.021372
    0.994020     3.017294
    1.006291     3.013260
    1.018563     3.009267
    1.030835     3.005315
    1.043107     3.001402
    1.055379     2.997528
    1.067651     2.993693
    1.079923     2.989897
    1.092194     2.986144
    1.104466     2.982433
    1.116738     2.978768
    1.129010     2.975150
    1.141282     2.971584
    1.153554     2.968073
    1.165825     2.964621
    1.178097     2.961234
    1.190369     2.957917
    1.202641     2.954675
    1.214913     2.951509
    1.227185     2.948424
    1.239457     2.945417
    1.251728     2.942490
    1.264000     2.939639
    1.276272     2.936864
    1.288544     2.934163
    1.300816     2.931538
    1.313088     2.928987
    1.325359     2.926511
    1.337631     2.924110
    1.349903     2.921786
    1.362175     2.919538
    1.374447     2.917365
    1.386719     2.915264
    1.398991     2.913233
    1.411262     2.911268
    1.423534     2.909367
    1.435806     2.907528
    1.448078     2.905750
    1.460350     2.904034
    1.472622     2.902382
    1.484893     2.900796
    1.497165     2.899284
    1.509437     2.897850
    1.521709     2.896501
    1.533981     2.895245
    1.546253     2.894085
    1.558524     2.893030
    1.570796     2.892085
    1.583068     2.891253
    1.595340     2.890539
    1.607612     2.889944
    1.619884     2.889470
    1.632156     2.889116
    1.644427     2.888879
    1.656699     2.888757
    1.668971     2.888745
    1.681243     2.888840
    1.693515     2.889037
    1.705787     2.889333
    1.718059     2.889724
    1.730330     2.890207
    1.742602     2.890779
    1.754874     2.891435
    1.767146     2.892171
    1.779418     2.892982
    1.791690     2.893862
    1.803962     2.894800
    1.816233     2.895788
    1.828505     2.896813
    1.840777     2.897863
    1.853049     2.898923
    1.865321     2.899979
    1.877593     2.901018
    1.889864     2.902028
    1.902136     2.903000
    1.914408     2.903927
    1.926680     2.904803
    1.938952     2.905626
    1.951224     2.906397
    1.963495     2.907119
    1.975767     2.907795
    1.988039     2.908432
    2.000311     2.909034
    2.012583     2.909608
    2.024855     2.910158
    2.037127     2.910687
    2.049398     2.911197
    2.061670     2.911689
    2.073942     2.912163
    2.086214     2.912617
    2.098486     2.913048
    2.110758     2.913455
    2.123029     2.913836
    2.135301     2.914186
    2.147573     2.914505
    2.159845     2.914788
    2.172117     2.915033
    2.184389     2.915239
    2.196661     2.915402
    2.208932     2.915523
    2.221204     2.915601
    2.233476     2.915639
    2.245748     2.915640
    2.258020     2.915606
    2.270292     2.915542
    2.282563     2.915453
    2.294835     2.915343
    2.307107     2.915217
    2.319379     2.915080
    2.331651     2.914937
    2.343923     2.914793
    2.356194     2.914654
    2.368466     2.914525
    2.380738     2.914411
    2.393010     2.914315
    2.405282     2.914243
    2.417554     2.914198
    2.429826     2.914185
    2.442097     2.914207
    2.454369     2.914267
    2.466641     2.914369
    2.478913     2.914515
    2.491185     2.914703
    2.503457     2.914931
    2.515728     2.915196
    2.528000     2.915490
    2.540272     2.915805
    2.552544     2.916129
    2.564816     2.916456
    2.577088     2.916775
    2.589360     2.917082
    2.601631     2.917371
    2.613903     2.917641
    2.626175     2.917891
    2.638447     2.918121
    2.650719     2.918335
    2.662991     2.918531
    2.675262     2.918715
    2.687534     2.918885
    2.699806     2.919044
    2.712078     2.919192
    2.724350     2.919332
    2.736622     2.919463
    2.748894     2.919587
    2.761165     2.919705
    2.773437     2.919818
    2.785709     2.919927
    2.797981     2.920032
    2.810253     2.920135
    2.822525     2.920238
    2.834797     2.920341
    2.847068     2.920444
    2.859340     2.920549
    2.871612     2.920656
    2.883884     2.920765
    2.896156     2.920877
    2.908428     2.920992
    2.920700     2.921110
    2.932971     2.921235
    2.945243     2.921366
    2.957515     2.921506
    2.969787     2.921656
    2.982059     2.921819
    2.994331     2.921993
    3.006603     2.922179
    3.018874     2.922376
    3.031146     2.922580
    3.043418     2.922788
    3.055690     2.922993
    3.067962     2.923190
    3.080234     2.923373
    3.092505     2.923534
    3.104777     2.923668
    3.117049     2.923767
    3.129321     2.923829
    3.141593     2.923850
