# r flatness
    0.012272     5.021618
    0.024544     4.949144
    0.036816     4.843492
    0.049087     4.720251
    0.061359     4.592387
    0.073631     4.468368
    0.085903     4.352639
    0.098175     4.246953
    0.110447     4.151546
    0.122718     4.065913
    0.134990     3.989233
    0.147262     3.920598
    0.159534     3.859109
    0.171806     3.803915
    0.184078     3.754232
    0.196350     3.709344
    0.208621     3.668614
    0.220893     3.631477
    0.233165     3.597440
    0.245437     3.566078
    0.257709     3.537027
    0.269981     3.509981
    0.282252     3.484687
    0.294524     3.460938
    0.306796     3.438573
    0.319068     3.417463
    0.331340     3.397511
    0.343612     3.378642
    0.355884     3.360794
    0.368155     3.343918
    0.380427     3.327967
    0.392699     3.312900
    0.404971     3.298676
    0.417243     3.285254
    0.429515     3.272594
    0.441786     3.260654
    0.454058     3.249393
    0.466330     3.238772
    0.478602     3.228750
    0.490874     3.219293
    0.503146     3.210368
    0.515418     3.201943
    0.527689     3.193990
    0.539961     3.186485
    0.552233     3.179399
    0.564505     3.172708
    0.576777     3.166388
    0.589049     3.160414
    0.601321     3.154762
    0.613592     3.149411
    0.625864     3.144344
    0.638136     3.139544
    0.650408     3.134993
    0.662680     3.130677
    0.674952     3.126580
    0.687223     3.122685
    0.699495     3.118974
    0.711767     3.115432
    0.724039     3.112042
    0.736311     3.108791
    0.748583     3.105668
    0.760854     3.102662
    0.773126     3.099767
    0.785398     3.096978
    0.797670     3.094291
    0.809942     3.091704
    0.822214     3.089215
    0.834486     3.086823
    0.846757     3.084526
    0.859029     3.082325
    0.871301     3.080222
    0.883573     3.078218
    0.895845     3.076316
    0.908117     3.074519
    0.920389     3.072829
    0.932660     3.071248
    0.944932     3.069772
    0.957204     3.068396
    0.969476     3.067111
    0.981748     3.065903
    0.994020     3.064757
    1.006291     3.063651
    1.018563     3.062566
    1.030835     3.061479
    1.043107     3.060368
    1.055379     3.059213
    1.067651     3.057996
    1.079923     3.056702
    1.092194     3.055319
    1.104466     3.053835
    1.116738     3.052243
    1.129010     3.050535
    1.141282     3.048705
    1.153554     3.046751
    1.165825     3.044668
    1.178097     3.042459
    1.190369     3.040129
    1.202641     3.037684
    1.214913     3.035138
    1.227185     3.032506
    1.239457     3.029805
    1.251728     3.027055
    1.264000     3.024274
    1.276272     3.021483
    1.288544     3.018700
    1.300816     3.015943
    1.313088     3.013225
    1.325359     3.010559
    1.337631     3.007956
    1.349903     3.005421
    1.362175     3.002956
    1.374447     3.000562
    1.386719     2.998236
    1.398991     2.995971
    1.411262     2.993761
    1.423534     2.991597
    1.435806     2.989468
    1.448078     2.987364
    1.460350     2.985275
    1.472622     2.983191
    1.484893     2.981104
    1.497165     2.979009
    1.509437     2.976903
    1.521709     2.974784
    1.533981     2.972656
    1.546253     2.970520
    1.558524     2.968382
    1.570796     2.966248
    1.583068     2.964124
    1.595340     2.962019
    1.607612     2.959939
    1.619884     2.957891
    1.632156     2.955885
    1.644427     2.953926
    1.656699     2.952022
    1.668971     2.950177
    1.681243     2.948397
    1.693515     2.946683
    1.705787     2.945036
    1.718059     2.943455
    1.730330     2.941936
    1.742602     2.940475
    1.754874     2.939067
    1.767146     2.937703
    1.779418     2.936380
    1.791690     2.935091
    1.803962     2.933832
    1.816233     2.932598
    1.828505     2.931386
    1.840777     2.930190
    1.853049     2.929007
    1.865321     2.927833
    1.877593     2.926665
    1.889864     2.925502
    1.902136     2.924342
    1.914408     2.923182
    1.926680     2.922024
    1.938952     2.920867
    1.951224     2.919711
    1.963495     2.918554
    1.975767     2.917396
    1.988039     2.916236
    2.000311     2.915074
    2.012583     2.913909
    2.024855     2.912743
    2.037127     2.911574
    2.049398     2.910408
    2.061670     2.909246
    2.073942     2.908094
    2.086214     2.906959
    2.098486     2.905849
    2.110758     2.904775
    2.123029     2.903744
    2.135301     2.902765
    2.147573     2.901845
    2.159845     2.900986
    2.172117     2.900190
    2.184389     2.899454
    2.196661     2.898775
    2.208932     2.898147
    2.221204     2.897562
    2.233476     2.897013
    2.245748     2.896491
    2.258020     2.895986
    2.270292     2.895489
    2.282563     2.894990
    2.294835     2.894482
    2.307107     2.893958
    2.319379     2.893412
    2.331651     2.892840
    2.343923     2.892241
    2.356194     2.891612
    2.368466     2.890956
    2.380738     2.890270
    2.393010     2.889560
    2.405282     2.888823
    2.417554     2.888061
    2.429826     2.887272
    2.442097     2.886454
    2.454369     2.885604
    2.466641     2.884719
    2.478913     2.883795
    2.491185     2.882830
    2.503457     2.881822
    2.515728     2.880771
    2.528000     2.879674
    2.540272     2.878532
    2.552544     2.877345
    2.564816     2.876113
    2.577088     2.874835
    2.589360     2.873514
    2.601631     2.872152
    2.613903     2.870748
    2.626175     2.869308
    2.638447     2.867836
    2.650719     2.866335
    2.662991     2.864814
    2.675262     2.863281
    2.687534     2.861745
    2.699806     2.860218
    2.712078     2.858711
    2.724350     2.857237
    2.736622     2.855808
    2.748894     2.854436
    2.761165     2.853133
    2.773437     2.851909
    2.785709     2.850775
    2.797981     2.849740
    2.810253     2.848811
    2.822525     2.847994
    2.834797     2.847292
    2.847068     2.846709
    2.859340     2.846245
    2.871612     2.845898
    2.883884     2.845665
    2.896156     2.845540
    2.908428     2.845515
    2.920700     2.845579
    2.932971     2.845721
    2.945243     2.845927
    2.957515     2.846186
    2.969787     2.846481
    2.982059     2.846803
    2.994331     2.847140
    3.006603     2.847481
    3.018874     2.847820
    3.031146     2.848146
    3.043418     2.848456
    3.055690     2.848745
    3.067962     2.849006
    3.080234     2.849236
    3.092505     2.849430
    3.104777     2.849586
    3.117049     2.849700
    3.129321     2.849770
    3.141593     2.849793
