# r flatness
    0.012272     4.988037
    0.024544     4.929521
    0.036816     4.842587
    0.049087     4.738691
    0.061359     4.628043
    0.073631     4.517988
    0.085903     4.412957
    0.098175     4.315176
    0.110447     4.225459
    0.122718     4.143793
    0.134990     4.069732
    0.147262     4.002625
    0.159534     3.941756
    0.171806     3.886425
    0.184078     3.835983
    0.196350     3.789851
    0.208621     3.747530
    0.220893     3.708587
    0.233165     3.672648
    0.245437     3.639389
    0.257709     3.608530
    0.269981     3.579826
    0.282252     3.553065
    0.294524     3.528064
    0.306796     3.504668
    0.319068     3.482739
    0.331340     3.462155
    0.343612     3.442804
    0.355884     3.424584
    0.368155     3.407398
    0.380427     3.391154
    0.392699     3.375765
    0.404971     3.361145
    0.417243     3.347216
    0.429515     3.333903
    0.441786     3.321141
    0.454058     3.308875
    0.466330     3.297057
    0.478602     3.285650
    0.490874     3.274623
    0.503146     3.263953
    0.515418     3.253624
    0.527689     3.243624
    0.539961     3.233946
    0.552233     3.224588
    0.564505     3.215551
    0.576777     3.206835
    0.589049     3.198445
    0.601321     3.190378
    0.613592     3.182633
    0.625864     3.175202
    0.638136     3.168077
    0.650408     3.161247
    0.662680     3.154701
    0.674952     3.148427
    0.687223     3.142414
    0.699495     3.136652
    0.711767     3.131129
    0.724039     3.125832
    0.736311     3.120750
    0.748583     3.115870
    0.760854     3.111179
    0.773126     3.106665
    0.785398     3.102315
    0.797670     3.098118
    0.809942     3.094065
    0.822214     3.090145
    0.834486     3.086351
    0.846757     3.082676
    0.859029     3.079112
    0.871301     3.075655
    0.883573     3.072300
    0.895845     3.069041
    0.908117     3.065877
    0.920389     3.062803
    0.932660     3.059816
    0.944932     3.056911
    0.957204     3.054086
    0.969476     3.051336
    0.981748     3.048656
    0.994020     3.046041
    1.006291     3.043484
    1.018563     3.040979
    1.030835     3.038520
    1.043107     3.036100
    1.055379     3.033713
    1.067651     3.031355
    1.079923     3.029021
    1.092194     3.026709
    1.104466     3.024413
    1.116738     3.022131
    1.129010     3.019861
    1.141282     3.017597
    1.153554     3.015338
    1.165825     3.013081
    1.178097     3.010823
    1.190369     3.008565
    1.202641     3.006305
    1.214913     3.004040
    1.227185     3.001767
    1.239457     2.999486
    1.251728     2.997190
    1.264000     2.994877
    1.276272     2.992543
    1.288544     2.990187
    1.300816     2.987808
    1.313088     2.985407
    1.325359     2.982987
    1.337631     2.980555
    1.349903     2.978117
    1.362175     2.975680
    1.374447     2.973251
    1.386719     2.970838
    1.398991     2.968448
    1.411262     2.966086
    1.423534     2.963760
    1.435806     2.961473
    1.448078     2.959229
    1.460350     2.957032
    1.472622     2.954884
    1.484893     2.952784
    1.497165     2.950734
    1.509437     2.948729
    1.521709     2.946766
    1.533981     2.944840
    1.546253     2.942942
    1.558524     2.941063
    1.570796     2.939194
    1.583068     2.937324
    1.595340     2.935443
    1.607612     2.933543
    1.619884     2.931617
    1.632156     2.929660
    1.644427     2.927668
    1.656699     2.925643
    1.668971     2.923582
    1.681243     2.921488
    1.693515     2.919360
    1.705787     2.917200
    1.718059     2.915011
    1.730330     2.912795
    1.742602     2.910557
    1.754874     2.908302
    1.767146     2.906038
    1.779418     2.903772
    1.791690     2.901512
    1.803962     2.899270
    1.816233     2.897056
    1.828505     2.894879
    1.840777     2.892751
    1.853049     2.890680
    1.865321     2.888678
    1.877593     2.886752
    1.889864     2.884910
    1.902136     2.883158
    1.914408     2.881503
    1.926680     2.879947
    1.938952     2.878494
    1.951224     2.877147
    1.963495     2.875906
    1.975767     2.874772
    1.988039     2.873744
    2.000311     2.872822
    2.012583     2.872002
    2.024855     2.871281
    2.037127     2.870655
    2.049398     2.870117
    2.061670     2.869663
    2.073942     2.869286
    2.086214     2.868979
    2.098486     2.868737
    2.110758     2.868554
    2.123029     2.868424
    2.135301     2.868347
    2.147573     2.868318
    2.159845     2.868335
    2.172117     2.868397
    2.184389     2.868503
    2.196661     2.868653
    2.208932     2.868848
    2.221204     2.869088
    2.233476     2.869372
    2.245748     2.869703
    2.258020     2.870077
    2.270292     2.870493
    2.282563     2.870949
    2.294835     2.871437
    2.307107     2.871954
    2.319379     2.872492
    2.331651     2.873047
    2.343923     2.873611
    2.356194     2.874179
    2.368466     2.874744
    2.380738     2.875302
    2.393010     2.875847
    2.405282     2.876374
    2.417554     2.876877
    2.429826     2.877353
    2.442097     2.877800
    2.454369     2.878217
    2.466641     2.878605
    2.478913     2.878970
    2.491185     2.879318
    2.503457     2.879657
    2.515728     2.879997
    2.528000     2.880350
    2.540272     2.880724
    2.552544     2.881129
    2.564816     2.881573
    2.577088     2.882065
    2.589360     2.882612
    2.601631     2.883218
    2.613903     2.883889
    2.626175     2.884630
    2.638447     2.885443
    2.650719     2.886330
    2.662991     2.887292
    2.675262     2.888327
    2.687534     2.889434
    2.699806     2.890609
    2.712078     2.891845
    2.724350     2.893137
    2.736622     2.894474
    2.748894     2.895849
    2.761165     2.897249
    2.773437     2.898666
    2.785709     2.900089
    2.797981     2.901508
    2.810253     2.902912
    2.822525     2.904294
    2.834797     2.905644
    2.847068     2.906954
    2.859340     2.908216
    2.871612     2.909422
    2.883884     2.910565
    2.896156     2.911638
    2.908428     2.912637
    2.920700     2.913555
    2.932971     2.914393
    2.945243     2.915147
    2.957515     2.915817
    2.969787     2.916406
    2.982059     2.916916
    2.994331     2.917350
    3.006603     2.917711
    3.018874     2.918006
    3.031146     2.918240
    3.043418     2.918421
    3.055690     2.918555
    3.067962     2.918649
    3.080234     2.918712
    3.092505     2.918751
    3.104777     2.918773
    3.117049     2.918784
    3.129321     2.918789
    3.141593     2.918790
