# r flatness
    0.012272     5.022461
    0.024544     4.870401
    0.036816     4.673568
    0.049087     4.476274
    0.061359     4.301743
    0.073631     4.155483
    0.085903     4.034896
    0.098175     3.935544
    0.110447     3.853238
    0.122718     3.784426
    0.134990     3.726260
    0.147262     3.676536
    0.159534     3.633536
    0.171806     3.595923
    0.184078     3.562679
    0.196350     3.533049
    0.208621     3.506488
    0.220893     3.482587
    0.233165     3.461023
    0.245437     3.441502
    0.257709     3.423734
    0.269981     3.407439
    0.282252     3.392359
    0.294524     3.378283
    0.306796     3.365045
    0.319068     3.352515
    0.331340     3.340583
    0.343612     3.329156
    0.355884     3.318162
    0.368155     3.307546
    0.380427     3.297276
    0.392699     3.287348
    0.404971     3.277770
    0.417243     3.268558
    0.429515     3.259722
    0.441786     3.251254
    0.454058     3.243133
    0.466330     3.235321
    0.478602     3.227776
    0.490874     3.220455
    0.503146     3.213320
    0.515418     3.206337
    0.527689     3.199480
    0.539961     3.192720
    0.552233     3.186020
    0.564505     3.179341
    0.576777     3.172642
    0.589049     3.165887
    0.601321     3.159047
    0.613592     3.152120
    0.625864     3.145115
    0.638136     3.138058
    0.650408     3.130984
    0.662680     3.123934
    0.674952     3.116953
    0.687223     3.110084
    0.699495     3.103368
    0.711767     3.096835
    0.724039     3.090509
    0.736311     3.084407
    0.748583     3.078544
    0.760854     3.072932
    0.773126     3.067581
    0.785398     3.062495
    0.797670     3.057676
    0.809942     3.053121
    0.822214     3.048831
    0.834486     3.044805
    0.846757     3.041043
    0.859029     3.037543
    0.871301     3.034299
    0.883573     3.031303
    0.895845     3.028544
    0.908117     3.026012
    0.920389     3.023694
    0.932660     3.021571
    0.944932     3.019626
    0.957204     3.017837
    0.969476     3.016180
    0.981748     3.014632
    0.994020     3.013169
    1.006291     3.011765
    1.018563     3.010400
    1.030835     3.009056
    1.043107     3.007718
    1.055379     3.006371
    1.067651     3.005010
    1.079923     3.003624
    1.092194     3.002209
    1.104466     3.000759
    1.116738     2.999269
    1.129010     2.997740
    1.141282     2.996173
    1.153554     2.994577
    1.165825     2.992963
    1.178097     2.991341
    1.190369     2.989719
    1.202641     2.988104
    1.214913     2.986499
    1.227185     2.984907
    1.239457     2.983328
    1.251728     2.981760
    1.264000     2.980203
    1.276272     2.978652
    1.288544     2.977099
    1.300816     2.975538
    1.313088     2.973964
    1.325359     2.972375
    1.337631     2.970774
    1.349903     2.969170
    1.362175     2.967582
    1.374447     2.966030
    1.386719     2.964537
    1.398991     2.963120
    1.411262     2.961791
    1.423534     2.960556
    1.435806     2.959415
    1.448078     2.958363
    1.460350     2.957397
    1.472622     2.956512
    1.484893     2.955706
    1.497165     2.954975
    1.509437     2.954317
    1.521709     2.953734
    1.533981     2.953229
    1.546253     2.952804
    1.558524     2.952457
    1.570796     2.952187
    1.583068     2.951987
    1.595340     2.951843
    1.607612     2.951742
    1.619884     2.951664
    1.632156     2.951588
    1.644427     2.951497
    1.656699     2.951372
    1.668971     2.951196
    1.681243     2.950953
    1.693515     2.950633
    1.705787     2.950227
    1.718059     2.949738
    1.730330     2.949172
    1.742602     2.948537
    1.754874     2.947843
    1.767146     2.947096
    1.779418     2.946299
    1.791690     2.945452
    1.803962     2.944555
    1.816233     2.943615
    1.828505     2.942640
    1.840777     2.941645
    1.853049     2.940640
    1.865321     2.939638
    1.877593     2.938653
    1.889864     2.937698
    1.902136     2.936788
    1.914408     2.935936
    1.926680     2.935152
    1.938952     2.934446
    1.951224     2.933827
    1.963495     2.933300
    1.975767     2.932863
    1.988039     2.932512
    2.000311     2.932235
    2.012583     2.932018
    2.024855     2.931849
    2.037127     2.931716
    2.049398     2.931612
    2.061670     2.931534
    2.073942     2.931481
    2.086214     2.931449
    2.098486     2.931435
    2.110758     2.931435
    2.123029     2.931442
    2.135301     2.931448
    2.147573     2.931435
    2.159845     2.931384
    2.172117     2.931278
    2.184389     2.931099
    2.196661     2.930840
    2.208932     2.930503
    2.221204     2.930092
    2.233476     2.929614
    2.245748     2.929077
    2.258020     2.928487
    2.270292     2.927848
    2.282563     2.927165
    2.294835     2.926445
    2.307107     2.925694
    2.319379     2.924922
    2.331651     2.924139
    2.343923     2.923361
    2.356194     2.922603
    2.368466     2.921885
    2.380738     2.921219
    2.393010     2.920616
    2.405282     2.920078
    2.417554     2.919598
    2.429826     2.919163
    2.442097     2.918754
    2.454369     2.918345
    2.466641     2.917914
    2.478913     2.917441
    2.491185     2.916915
    2.503457     2.916330
    2.515728     2.915690
    2.528000     2.915005
    2.540272     2.914284
    2.552544     2.913536
    2.564816     2.912767
    2.577088     2.911982
    2.589360     2.911179
    2.601631     2.910362
    2.613903     2.909532
    2.626175     2.908692
    2.638447     2.907847
    2.650719     2.907000
    2.662991     2.906157
    2.675262     2.905320
    2.687534     2.904491
    2.699806     2.903670
    2.712078     2.902856
    2.724350     2.902045
    2.736622     2.901235
    2.748894     2.900418
    2.761165     2.899586
    2.773437     2.898731
    2.785709     2.897845
    2.797981     2.896924
    2.810253     2.895961
    2.822525     2.894958
    2.834797     2.893914
    2.847068     2.892838
    2.859340     2.891735
    2.871612     2.890616
    2.883884     2.889489
    2.896156     2.888364
    2.908428     2.887252
    2.920700     2.886170
    2.932971     2.885139
    2.945243     2.884182
    2.957515     2.883320
    2.969787     2.882572
    2.982059     2.881951
    2.994331     2.881464
    3.006603     2.881108
    3.018874     2.880878
    3.031146     2.880764
    3.043418     2.880752
    3.055690     2.880827
    3.067962     2.880973
    3.080234     2.881166
    3.092505     2.881380
    3.104777     2.881588
    3.117049     2.881761
    3.129321     2.881875
    3.141593     2.881916
