# r flatness
    0.012272     5.152401
    0.024544     5.089079
    0.036816     4.994552
    0.049087     4.880828
    0.061359     4.758778
    0.073631     4.636424
    0.085903     4.518818
    0.098175     4.408686
    0.110447     4.307194
    0.122718     4.214551
    0.134990     4.130432
    0.147262     4.054235
    0.159534     3.985250
    0.171806     3.922754
    0.184078     3.866059
    0.196350     3.814537
    0.208621     3.767625
    0.220893     3.724820
    0.233165     3.685678
    0.245437     3.649799
    0.257709     3.616825
    0.269981     3.586435
    0.282252     3.558338
    0.294524     3.532275
    0.306796     3.508010
    0.319068     3.485334
    0.331340     3.464064
    0.343612     3.444032
    0.355884     3.425093
    0.368155     3.407118
    0.380427     3.389995
    0.392699     3.373627
    0.404971     3.357931
    0.417243     3.342842
    0.429515     3.328309
    0.441786     3.314298
    0.454058     3.300786
    0.466330     3.287758
    0.478602     3.275208
    0.490874     3.263133
    0.503146     3.251528
    0.515418     3.240387
    0.527689     3.229701
    0.539961     3.219460
    0.552233     3.209652
    0.564505     3.200265
    0.576777     3.191286
    0.589049     3.182707
    0.601321     3.174516
    0.613592     3.166707
    0.625864     3.159272
    0.638136     3.152203
    0.650408     3.145493
    0.662680     3.139129
    0.674952     3.133100
    0.687223     3.127393
    0.699495     3.121986
    0.711767     3.116861
    0.724039     3.111993
    0.736311     3.107354
    0.748583     3.102920
    0.760854     3.098665
    0.773126     3.094571
    0.785398     3.090616
    0.797670     3.086787
    0.809942     3.083075
    0.822214     3.079473
    0.834486     3.075977
    0.846757     3.072586
    0.859029     3.069301
    0.871301     3.066123
    0.883573     3.063054
    0.895845     3.060097
    0.908117     3.057252
    0.920389     3.054518
    0.932660     3.051892
    0.944932     3.049373
    0.957204     3.046953
    0.969476     3.044627
    0.981748     3.042385
    0.994020     3.040220
    1.006291     3.038121
    1.018563     3.036077
    1.030835     3.034081
    1.043107     3.032122
    1.055379     3.030191
    1.067651     3.028285
    1.079923     3.026396
    1.092194     3.024519
    1.104466     3.022652
    1.116738     3.020793
    1.129010     3.018938
    1.141282     3.017087
    1.153554     3.015239
    1.165825     3.013393
    1.178097     3.011549
    1.190369     3.009707
    1.202641     3.007868
    1.214913     3.006033
    1.227185     3.004204
    1.239457     3.002384
    1.251728     3.000576
    1.264000     2.998785
    1.276272     2.997013
    1.288544     2.995267
    1.300816     2.993548
    1.313088     2.991859
    1.325359     2.990199
    1.337631     2.988566
    1.349903     2.986956
    1.362175     2.985363
    1.374447     2.983779
    1.386719     2.982199
    1.398991     2.980614
    1.411262     2.979017
    1.423534     2.977400
    1.435806     2.975754
    1.448078     2.974073
    1.460350     2.972346
    1.472622     2.970567
    1.484893     2.968728
    1.497165     2.966824
    1.509437     2.964850
    1.521709     2.962804
    1.533981     2.960685
    1.546253     2.958497
    1.558524     2.956242
    1.570796     2.953925
    1.583068     2.951557
    1.595340     2.949144
    1.607612     2.946696
    1.619884     2.944224
    1.632156     2.941740
    1.644427     2.939256
    1.656699     2.936786
    1.668971     2.934341
    1.681243     2.931934
    1.693515     2.929573
    1.705787     2.927269
    1.718059     2.925027
    1.730330     2.922851
    1.742602     2.920743
    1.754874     2.918704
    1.767146     2.916731
    1.779418     2.914823
    1.791690     2.912978
    1.803962     2.911193
    1.816233     2.909468
    1.828505     2.907803
    1.840777     2.906200
    1.853049     2.904661
    1.865321     2.903190
    1.877593     2.901789
    1.889864     2.900462
    1.902136     2.899211
    1.914408     2.898036
    1.926680     2.896937
    1.938952     2.895915
    1.951224     2.894969
    1.963495     2.894097
    1.975767     2.893296
    1.988039     2.892565
    2.000311     2.891902
    2.012583     2.891302
    2.024855     2.890764
    2.037127     2.890283
    2.049398     2.889858
    2.061670     2.889486
    2.073942     2.889165
    2.086214     2.888895
    2.098486     2.888675
    2.110758     2.888506
    2.123029     2.888389
    2.135301     2.888328
    2.147573     2.888323
    2.159845     2.888376
    2.172117     2.888486
    2.184389     2.888651
    2.196661     2.888867
    2.208932     2.889131
    2.221204     2.889436
    2.233476     2.889778
    2.245748     2.890153
    2.258020     2.890558
    2.270292     2.890992
    2.282563     2.891457
    2.294835     2.891955
    2.307107     2.892491
    2.319379     2.893072
    2.331651     2.893702
    2.343923     2.894387
    2.356194     2.895131
    2.368466     2.895937
    2.380738     2.896806
    2.393010     2.897736
    2.405282     2.898725
    2.417554     2.899769
    2.429826     2.900863
    2.442097     2.902002
    2.454369     2.903179
    2.466641     2.904388
    2.478913     2.905621
    2.491185     2.906874
    2.503457     2.908140
    2.515728     2.909417
    2.528000     2.910702
    2.540272     2.911991
    2.552544     2.913283
    2.564816     2.914576
    2.577088     2.915867
    2.589360     2.917151
    2.601631     2.918427
    2.613903     2.919689
    2.626175     2.920934
    2.638447     2.922157
    2.650719     2.923353
    2.662991     2.924519
    2.675262     2.925648
    2.687534     2.926738
    2.699806     2.927782
    2.712078     2.928778
    2.724350     2.929720
    2.736622     2.930604
    2.748894     2.931428
    2.761165     2.932188
    2.773437     2.932886
    2.785709     2.933521
    2.797981     2.934095
    2.810253     2.934614
    2.822525     2.935082
    2.834797     2.935507
    2.847068     2.935895
    2.859340     2.936255
    2.871612     2.936594
    2.883884     2.936917
    2.896156     2.937229
    2.908428     2.937536
    2.920700     2.937837
    2.932971     2.938134
    2.945243     2.938426
    2.957515     2.938709
    2.969787     2.938981
    2.982059     2.939238
    2.994331     2.939477
    3.006603     2.939694
    3.018874     2.939888
    3.031146     2.940057
    3.043418     2.940199
    3.055690     2.940314
    3.067962     2.940404
    3.080234     2.940470
    3.092505     2.940516
    3.104777     2.940544
    3.117049     2.940562
    3.129321     2.940570
    3.141593     2.940572
