# r flatness
    0.012272     5.119635
    0.024544     5.042277
    0.036816     4.930443
    0.049087     4.801321
    0.061359     4.668705
    0.073631     4.541170
    0.085903     4.422915
    0.098175     4.315382
    0.110447     4.218556
    0.122718     4.131750
    0.134990     4.054020
    0.147262     3.984378
    0.159534     3.921879
    0.171806     3.865657
    0.184078     3.814934
    0.196350     3.769028
    0.208621     3.727351
    0.220893     3.689397
    0.233165     3.654727
    0.245437     3.622961
    0.257709     3.593762
    0.269981     3.566837
    0.282252     3.541929
    0.294524     3.518815
    0.306796     3.497303
    0.319068     3.477227
    0.331340     3.458443
    0.343612     3.440822
    0.355884     3.424249
    0.368155     3.408624
    0.380427     3.393857
    0.392699     3.379866
    0.404971     3.366578
    0.417243     3.353925
    0.429515     3.341844
    0.441786     3.330276
    0.454058     3.319167
    0.466330     3.308469
    0.478602     3.298138
    0.490874     3.288138
    0.503146     3.278438
    0.515418     3.269014
    0.527689     3.259845
    0.539961     3.250911
    0.552233     3.242195
    0.564505     3.233683
    0.576777     3.225360
    0.589049     3.217214
    0.601321     3.209233
    0.613592     3.201407
    0.625864     3.193728
    0.638136     3.186187
    0.650408     3.178775
    0.662680     3.171483
    0.674952     3.164302
    0.687223     3.157221
    0.699495     3.150229
    0.711767     3.143318
    0.724039     3.136480
    0.736311     3.129706
    0.748583     3.122993
    0.760854     3.116341
    0.773126     3.109748
    0.785398     3.103219
    0.797670     3.096757
    0.809942     3.090368
    0.822214     3.084060
    0.834486     3.077839
    0.846757     3.071712
    0.859029     3.065684
    0.871301     3.059757
    0.883573     3.053934
    0.895845     3.048216
    0.908117     3.042602
    0.920389     3.037095
    0.932660     3.031696
    0.944932     3.026408
    0.957204     3.021240
    0.969476     3.016197
    0.981748     3.011286
    0.994020     3.006517
    1.006291     3.001896
    1.018563     2.997431
    1.030835     2.993132
    1.043107     2.989006
    1.055379     2.985060
    1.067651     2.981299
    1.079923     2.977730
    1.092194     2.974356
    1.104466     2.971178
    1.116738     2.968198
    1.129010     2.965415
    1.141282     2.962830
    1.153554     2.960438
    1.165825     2.958239
    1.178097     2.956230
    1.190369     2.954407
    1.202641     2.952765
    1.214913     2.951298
    1.227185     2.950000
    1.239457     2.948864
    1.251728     2.947879
    1.264000     2.947036
    1.276272     2.946323
    1.288544     2.945730
    1.300816     2.945246
    1.313088     2.944859
    1.325359     2.944561
    1.337631     2.944344
    1.349903     2.944201
    1.362175     2.944126
    1.374447     2.944115
    1.386719     2.944161
    1.398991     2.944261
    1.411262     2.944407
    1.423534     2.944593
    1.435806     2.944811
    1.448078     2.945051
    1.460350     2.945306
    1.472622     2.945565
    1.484893     2.945822
    1.497165     2.946068
    1.509437     2.946297
    1.521709     2.946509
    1.533981     2.946700
    1.546253     2.946873
    1.558524     2.947027
    1.570796     2.947166
    1.583068     2.947292
    1.595340     2.947408
    1.607612     2.947516
    1.619884     2.947620
    1.632156     2.947725
    1.644427     2.947839
    1.656699     2.947968
    1.668971     2.948125
    1.681243     2.948318
    1.693515     2.948560
    1.705787     2.948862
    1.718059     2.949234
    1.730330     2.949685
    1.742602     2.950222
    1.754874     2.950850
    1.767146     2.951568
    1.779418     2.952376
    1.791690     2.953268
    1.803962     2.954238
    1.816233     2.955276
    1.828505     2.956372
    1.840777     2.957517
    1.853049     2.958702
    1.865321     2.959921
    1.877593     2.961167
    1.889864     2.962437
    1.902136     2.963726
    1.914408     2.965035
    1.926680     2.966361
    1.938952     2.967702
    1.951224     2.969055
    1.963495     2.970415
    1.975767     2.971778
    1.988039     2.973139
    2.000311     2.974491
    2.012583     2.975831
    2.024855     2.977153
    2.037127     2.978454
    2.049398     2.979733
    2.061670     2.980984
    2.073942     2.982209
    2.086214     2.983404
    2.098486     2.984569
    2.110758     2.985701
    2.123029     2.986801
    2.135301     2.987867
    2.147573     2.988899
    2.159845     2.989894
    2.172117     2.990849
    2.184389     2.991761
    2.196661     2.992627
    2.208932     2.993440
    2.221204     2.994198
    2.233476     2.994897
    2.245748     2.995537
    2.258020     2.996117
    2.270292     2.996639
    2.282563     2.997106
    2.294835     2.997523
    2.307107     2.997895
    2.319379     2.998227
    2.331651     2.998527
    2.343923     2.998801
    2.356194     2.999060
    2.368466     2.999310
    2.380738     2.999561
    2.393010     2.999824
    2.405282     3.000105
    2.417554     3.000411
    2.429826     3.000749
    2.442097     3.001121
    2.454369     3.001529
    2.466641     3.001973
    2.478913     3.002451
    2.491185     3.002958
    2.503457     3.003490
    2.515728     3.004039
    2.528000     3.004598
    2.540272     3.005161
    2.552544     3.005719
    2.564816     3.006262
    2.577088     3.006780
    2.589360     3.007267
    2.601631     3.007713
    2.613903     3.008115
    2.626175     3.008467
    2.638447     3.008770
    2.650719     3.009023
    2.662991     3.009230
    2.675262     3.009395
    2.687534     3.009522
    2.699806     3.009618
    2.712078     3.009690
    2.724350     3.009744
    2.736622     3.009789
    2.748894     3.009831
    2.761165     3.009878
    2.773437     3.009939
    2.785709     3.010021
    2.797981     3.010133
    2.810253     3.010279
    2.822525     3.010467
    2.834797     3.010700
    2.847068     3.010982
    2.859340     3.011307
    2.871612     3.011675
    2.883884     3.012080
    2.896156     3.012515
    2.908428     3.012972
    2.920700     3.013445
    2.932971     3.013926
    2.945243     3.014408
    2.957515     3.014885
    2.969787     3.015350
    2.982059     3.015798
    2.994331     3.016223
    3.006603     3.016621
    3.018874     3.016987
    3.031146     3.017318
    3.043418     3.017612
    3.055690     3.017869
    3.067962     3.018088
    3.080234     3.018270
    3.092505     3.018416
    3.104777     3.018528
    3.117049     3.018607
    3.129321     3.018654
    3.141593     3.018670
