# r flatness
    0.012272     5.301901
    0.024544     5.217834
    0.036816     5.095870
    0.049087     4.954398
    0.061359     4.808422
    0.073631     4.667540
    0.085903     4.536690
    0.098175     4.417738
    0.110447     4.310822
    0.122718     4.215233
    0.134990     4.129917
    0.147262     4.053730
    0.159534     3.985570
    0.171806     3.924422
    0.184078     3.869379
    0.196350     3.819645
    0.208621     3.774529
    0.220893     3.733435
    0.233165     3.695854
    0.245437     3.661355
    0.257709     3.629567
    0.269981     3.600178
    0.282252     3.572917
    0.294524     3.547548
    0.306796     3.523864
    0.319068     3.501686
    0.331340     3.480861
    0.343612     3.461258
    0.355884     3.442763
    0.368155     3.425282
    0.380427     3.408737
    0.392699     3.393060
    0.404971     3.378197
    0.417243     3.364102
    0.429515     3.350735
    0.441786     3.338063
    0.454058     3.326057
    0.466330     3.314688
    0.478602     3.303930
    0.490874     3.293758
    0.503146     3.284145
    0.515418     3.275066
    0.527689     3.266491
    0.539961     3.258389
    0.552233     3.250725
    0.564505     3.243466
    0.576777     3.236574
    0.589049     3.230014
    0.601321     3.223748
    0.613592     3.217744
    0.625864     3.211969
    0.638136     3.206397
    0.650408     3.201002
    0.662680     3.195769
    0.674952     3.190685
    0.687223     3.185742
    0.699495     3.180937
    0.711767     3.176270
    0.724039     3.171742
    0.736311     3.167355
    0.748583     3.163109
    0.760854     3.159003
    0.773126     3.155031
    0.785398     3.151184
    0.797670     3.147451
    0.809942     3.143817
    0.822214     3.140267
    0.834486     3.136786
    0.846757     3.133358
    0.859029     3.129972
    0.871301     3.126618
    0.883573     3.123287
    0.895845     3.119976
    0.908117     3.116685
    0.920389     3.113419
    0.932660     3.110188
    0.944932     3.107001
    0.957204     3.103872
    0.969476     3.100814
    0.981748     3.097839
    0.994020     3.094956
    1.006291     3.092172
    1.018563     3.089492
    1.030835     3.086916
    1.043107     3.084445
    1.055379     3.082077
    1.067651     3.079807
    1.079923     3.077629
    1.092194     3.075537
    1.104466     3.073523
    1.116738     3.071579
    1.129010     3.069697
    1.141282     3.067868
    1.153554     3.066081
    1.165825     3.064328
    1.178097     3.062600
    1.190369     3.060888
    1.202641     3.059185
    1.214913     3.057486
    1.227185     3.055785
    1.239457     3.054082
    1.251728     3.052372
    1.264000     3.050653
    1.276272     3.048924
    1.288544     3.047182
    1.300816     3.045427
    1.313088     3.043653
    1.325359     3.041862
    1.337631     3.040051
    1.349903     3.038219
    1.362175     3.036366
    1.374447     3.034493
    1.386719     3.032604
    1.398991     3.030703
    1.411262     3.028795
    1.423534     3.026889
    1.435806     3.024992
    1.448078     3.023115
    1.460350     3.021268
    1.472622     3.019459
    1.484893     3.017699
    1.497165     3.015994
    1.509437     3.014348
    1.521709     3.012767
    1.533981     3.011250
    1.546253     3.009796
    1.558524     3.008404
    1.570796     3.007070
    1.583068     3.005789
    1.595340     3.004557
    1.607612     3.003370
    1.619884     3.002226
    1.632156     3.001122
    1.644427     3.000055
    1.656699     2.999024
    1.668971     2.998025
    1.681243     2.997056
    1.693515     2.996113
    1.705787     2.995189
    1.718059     2.994277
    1.730330     2.993369
    1.742602     2.992455
    1.754874     2.991527
    1.767146     2.990575
    1.779418     2.989590
    1.791690     2.988569
    1.803962     2.987505
    1.816233     2.986395
    1.828505     2.985238
    1.840777     2.984033
    1.853049     2.982784
    1.865321     2.981493
    1.877593     2.980166
    1.889864     2.978812
    1.902136     2.977443
    1.914408     2.976070
    1.926680     2.974712
    1.938952     2.973384
    1.951224     2.972102
    1.963495     2.970882
    1.975767     2.969736
    1.988039     2.968672
    2.000311     2.967694
    2.012583     2.966803
    2.024855     2.965997
    2.037127     2.965268
    2.049398     2.964609
    2.061670     2.964009
    2.073942     2.963456
    2.086214     2.962938
    2.098486     2.962442
    2.110758     2.961951
    2.123029     2.961455
    2.135301     2.960939
    2.147573     2.960389
    2.159845     2.959792
    2.172117     2.959138
    2.184389     2.958415
    2.196661     2.957614
    2.208932     2.956726
    2.221204     2.955749
    2.233476     2.954678
    2.245748     2.953516
    2.258020     2.952266
    2.270292     2.950932
    2.282563     2.949523
    2.294835     2.948045
    2.307107     2.946508
    2.319379     2.944921
    2.331651     2.943293
    2.343923     2.941633
    2.356194     2.939950
    2.368466     2.938254
    2.380738     2.936554
    2.393010     2.934856
    2.405282     2.933171
    2.417554     2.931503
    2.429826     2.929859
    2.442097     2.928243
    2.454369     2.926659
    2.466641     2.925109
    2.478913     2.923596
    2.491185     2.922122
    2.503457     2.920691
    2.515728     2.919304
    2.528000     2.917966
    2.540272     2.916681
    2.552544     2.915453
    2.564816     2.914288
    2.577088     2.913192
    2.589360     2.912168
    2.601631     2.911224
    2.613903     2.910365
    2.626175     2.909595
    2.638447     2.908918
    2.650719     2.908336
    2.662991     2.907851
    2.675262     2.907461
    2.687534     2.907166
    2.699806     2.906965
    2.712078     2.906857
    2.724350     2.906838
    2.736622     2.906910
    2.748894     2.907070
    2.761165     2.907315
    2.773437     2.907643
    2.785709     2.908049
    2.797981     2.908528
    2.810253     2.909074
    2.822525     2.909675
    2.834797     2.910324
    2.847068     2.911008
    2.859340     2.911714
    2.871612     2.912428
    2.883884     2.913137
    2.896156     2.913829
    2.908428     2.914490
    2.920700     2.915109
    2.932971     2.915675
    2.945243     2.916182
    2.957515     2.916620
    2.969787     2.916985
    2.982059     2.917275
    2.994331     2.917494
    3.006603     2.917645
    3.018874     2.917737
    3.031146     2.917780
    3.043418     2.917785
    3.055690     2.917764
    3.067962     2.917728
    3.080234     2.917684
    3.092505     2.917640
    3.104777     2.917602
    3.117049     2.917572
    3.129321     2.917553
    3.141593     2.917547
