# r flatness
    0.012272     5.001427
    0.024544     4.937365
    0.036816     4.843089
    0.049087     4.731713
    0.061359     4.614521
    0.073631     4.499288
    0.085903     4.390462
    0.098175     4.290078
    0.110447     4.198694
    0.122718     4.116057
    0.134990     4.041533
    0.147262     3.974347
    0.159534     3.913709
    0.171806     3.858876
    0.184078     3.809168
    0.196350     3.763975
    0.208621     3.722758
    0.220893     3.685054
    0.233165     3.650466
    0.245437     3.618659
    0.257709     3.589351
    0.269981     3.562298
    0.282252     3.537283
    0.294524     3.514108
    0.306796     3.492591
    0.319068     3.472561
    0.331340     3.453864
    0.343612     3.436357
    0.355884     3.419915
    0.368155     3.404424
    0.380427     3.389784
    0.392699     3.375908
    0.404971     3.362719
    0.417243     3.350152
    0.429515     3.338153
    0.441786     3.326671
    0.454058     3.315664
    0.466330     3.305098
    0.478602     3.294935
    0.490874     3.285144
    0.503146     3.275692
    0.515418     3.266549
    0.527689     3.257687
    0.539961     3.249081
    0.552233     3.240713
    0.564505     3.232573
    0.576777     3.224651
    0.589049     3.216945
    0.601321     3.209456
    0.613592     3.202183
    0.625864     3.195125
    0.638136     3.188280
    0.650408     3.181644
    0.662680     3.175213
    0.674952     3.168983
    0.687223     3.162950
    0.699495     3.157108
    0.711767     3.151454
    0.724039     3.145979
    0.736311     3.140672
    0.748583     3.135522
    0.760854     3.130512
    0.773126     3.125626
    0.785398     3.120844
    0.797670     3.116148
    0.809942     3.111523
    0.822214     3.106953
    0.834486     3.102428
    0.846757     3.097940
    0.859029     3.093487
    0.871301     3.089071
    0.883573     3.084697
    0.895845     3.080372
    0.908117     3.076103
    0.920389     3.071898
    0.932660     3.067763
    0.944932     3.063703
    0.957204     3.059722
    0.969476     3.055825
    0.981748     3.052012
    0.994020     3.048285
    1.006291     3.044643
    1.018563     3.041086
    1.030835     3.037615
    1.043107     3.034225
    1.055379     3.030916
    1.067651     3.027687
    1.079923     3.024535
    1.092194     3.021463
    1.104466     3.018468
    1.116738     3.015553
    1.129010     3.012722
    1.141282     3.009978
    1.153554     3.007324
    1.165825     3.004763
    1.178097     3.002299
    1.190369     2.999933
    1.202641     2.997670
    1.214913     2.995512
    1.227185     2.993459
    1.239457     2.991514
    1.251728     2.989673
    1.264000     2.987934
    1.276272     2.986291
    1.288544     2.984735
    1.300816     2.983258
    1.313088     2.981849
    1.325359     2.980497
    1.337631     2.979191
    1.349903     2.977921
    1.362175     2.976681
    1.374447     2.975461
    1.386719     2.974257
    1.398991     2.973065
    1.411262     2.971881
    1.423534     2.970702
    1.435806     2.969527
    1.448078     2.968352
    1.460350     2.967177
    1.472622     2.966002
    1.484893     2.964828
    1.497165     2.963658
    1.509437     2.962494
    1.521709     2.961340
    1.533981     2.960201
    1.546253     2.959078
    1.558524     2.957973
    1.570796     2.956889
    1.583068     2.955822
    1.595340     2.954772
    1.607612     2.953734
    1.619884     2.952708
    1.632156     2.951687
    1.644427     2.950670
    1.656699     2.949650
    1.668971     2.948625
    1.681243     2.947593
    1.693515     2.946553
    1.705787     2.945503
    1.718059     2.944445
    1.730330     2.943377
    1.742602     2.942301
    1.754874     2.941216
    1.767146     2.940122
    1.779418     2.939018
    1.791690     2.937906
    1.803962     2.936784
    1.816233     2.935657
    1.828505     2.934525
    1.840777     2.933397
    1.853049     2.932277
    1.865321     2.931172
    1.877593     2.930091
    1.889864     2.929038
    1.902136     2.928020
    1.914408     2.927038
    1.926680     2.926093
    1.938952     2.925183
    1.951224     2.924302
    1.963495     2.923447
    1.975767     2.922611
    1.988039     2.921787
    2.000311     2.920970
    2.012583     2.920157
    2.024855     2.919347
    2.037127     2.918539
    2.049398     2.917737
    2.061670     2.916943
    2.073942     2.916163
    2.086214     2.915403
    2.098486     2.914669
    2.110758     2.913965
    2.123029     2.913294
    2.135301     2.912659
    2.147573     2.912061
    2.159845     2.911500
    2.172117     2.910973
    2.184389     2.910477
    2.196661     2.910009
    2.208932     2.909564
    2.221204     2.909136
    2.233476     2.908721
    2.245748     2.908314
    2.258020     2.907911
    2.270292     2.907508
    2.282563     2.907103
    2.294835     2.906695
    2.307107     2.906286
    2.319379     2.905874
    2.331651     2.905463
    2.343923     2.905055
    2.356194     2.904654
    2.368466     2.904266
    2.380738     2.903896
    2.393010     2.903550
    2.405282     2.903235
    2.417554     2.902958
    2.429826     2.902726
    2.442097     2.902549
    2.454369     2.902430
    2.466641     2.902377
    2.478913     2.902393
    2.491185     2.902480
    2.503457     2.902636
    2.515728     2.902857
    2.528000     2.903140
    2.540272     2.903479
    2.552544     2.903866
    2.564816     2.904295
    2.577088     2.904759
    2.589360     2.905252
    2.601631     2.905770
    2.613903     2.906310
    2.626175     2.906868
    2.638447     2.907443
    2.650719     2.908035
    2.662991     2.908642
    2.675262     2.909264
    2.687534     2.909900
    2.699806     2.910547
    2.712078     2.911200
    2.724350     2.911855
    2.736622     2.912505
    2.748894     2.913144
    2.761165     2.913763
    2.773437     2.914357
    2.785709     2.914920
    2.797981     2.915446
    2.810253     2.915932
    2.822525     2.916375
    2.834797     2.916772
    2.847068     2.917121
    2.859340     2.917419
    2.871612     2.917666
    2.883884     2.917861
    2.896156     2.918004
    2.908428     2.918094
    2.920700     2.918134
    2.932971     2.918124
    2.945243     2.918069
    2.957515     2.917973
    2.969787     2.917843
    2.982059     2.917686
    2.994331     2.917512
    3.006603     2.917330
    3.018874     2.917147
    3.031146     2.916971
    3.043418     2.916811
    3.055690     2.916667
    3.067962     2.916543
    3.080234     2.916440
    3.092505     2.916357
    3.104777     2.916294
    3.117049     2.916250
    3.129321     2.916224
    3.141593     2.916215
