# r flatness
    0.012272     5.421074
    0.024544     5.337296
    0.036816     5.215230
    0.049087     5.072835
    0.061359     4.924938
    0.073631     4.781200
    0.085903     4.646769
    0.098175     4.523793
    0.110447     4.412709
    0.122718     4.313069
    0.134990     4.224013
    0.147262     4.144527
    0.159534     4.073583
    0.171806     4.010192
    0.184078     3.953440
    0.196350     3.902493
    0.208621     3.856613
    0.220893     3.815147
    0.233165     3.777524
    0.245437     3.743244
    0.257709     3.711872
    0.269981     3.683024
    0.282252     3.656370
    0.294524     3.631622
    0.306796     3.608533
    0.319068     3.586886
    0.331340     3.566499
    0.343612     3.547213
    0.355884     3.528890
    0.368155     3.511413
    0.380427     3.494686
    0.392699     3.478629
    0.404971     3.463180
    0.417243     3.448289
    0.429515     3.433921
    0.441786     3.420048
    0.454058     3.406651
    0.466330     3.393714
    0.478602     3.381227
    0.490874     3.369178
    0.503146     3.357556
    0.515418     3.346351
    0.527689     3.335550
    0.539961     3.325140
    0.552233     3.315108
    0.564505     3.305441
    0.576777     3.296126
    0.589049     3.287152
    0.601321     3.278507
    0.613592     3.270182
    0.625864     3.262167
    0.638136     3.254453
    0.650408     3.247030
    0.662680     3.239889
    0.674952     3.233020
    0.687223     3.226413
    0.699495     3.220055
    0.711767     3.213933
    0.724039     3.208033
    0.736311     3.202336
    0.748583     3.196825
    0.760854     3.191481
    0.773126     3.186284
    0.785398     3.181220
    0.797670     3.176272
    0.809942     3.171427
    0.822214     3.166675
    0.834486     3.162008
    0.846757     3.157422
    0.859029     3.152914
    0.871301     3.148486
    0.883573     3.144140
    0.895845     3.139882
    0.908117     3.135720
    0.920389     3.131660
    0.932660     3.127713
    0.944932     3.123886
    0.957204     3.120186
    0.969476     3.116620
    0.981748     3.113195
    0.994020     3.109915
    1.006291     3.106784
    1.018563     3.103803
    1.030835     3.100975
    1.043107     3.098298
    1.055379     3.095773
    1.067651     3.093397
    1.079923     3.091168
    1.092194     3.089080
    1.104466     3.087127
    1.116738     3.085304
    1.129010     3.083605
    1.141282     3.082019
    1.153554     3.080538
    1.165825     3.079150
    1.178097     3.077844
    1.190369     3.076605
    1.202641     3.075417
    1.214913     3.074267
    1.227185     3.073138
    1.239457     3.072015
    1.251728     3.070886
    1.264000     3.069739
    1.276272     3.068565
    1.288544     3.067355
    1.300816     3.066107
    1.313088     3.064816
    1.325359     3.063483
    1.337631     3.062109
    1.349903     3.060693
    1.362175     3.059237
    1.374447     3.057743
    1.386719     3.056211
    1.398991     3.054646
    1.411262     3.053047
    1.423534     3.051420
    1.435806     3.049768
    1.448078     3.048095
    1.460350     3.046403
    1.472622     3.044698
    1.484893     3.042983
    1.497165     3.041265
    1.509437     3.039546
    1.521709     3.037832
    1.533981     3.036122
    1.546253     3.034418
    1.558524     3.032721
    1.570796     3.031030
    1.583068     3.029344
    1.595340     3.027661
    1.607612     3.025984
    1.619884     3.024311
    1.632156     3.022644
    1.644427     3.020985
    1.656699     3.019336
    1.668971     3.017697
    1.681243     3.016073
    1.693515     3.014465
    1.705787     3.012877
    1.718059     3.011316
    1.730330     3.009786
    1.742602     3.008297
    1.754874     3.006858
    1.767146     3.005480
    1.779418     3.004172
    1.791690     3.002942
    1.803962     3.001797
    1.816233     3.000740
    1.828505     2.999771
    1.840777     2.998890
    1.853049     2.998093
    1.865321     2.997376
    1.877593     2.996735
    1.889864     2.996167
    1.902136     2.995667
    1.914408     2.995232
    1.926680     2.994859
    1.938952     2.994542
    1.951224     2.994280
    1.963495     2.994067
    1.975767     2.993899
    1.988039     2.993770
    2.000311     2.993677
    2.012583     2.993616
    2.024855     2.993588
    2.037127     2.993590
    2.049398     2.993622
    2.061670     2.993684
    2.073942     2.993773
    2.086214     2.993889
    2.098486     2.994026
    2.110758     2.994181
    2.123029     2.994346
    2.135301     2.994517
    2.147573     2.994687
    2.159845     2.994850
    2.172117     2.995002
    2.184389     2.995136
    2.196661     2.995251
    2.208932     2.995342
    2.221204     2.995405
    2.233476     2.995439
    2.245748     2.995441
    2.258020     2.995409
    2.270292     2.995343
    2.282563     2.995241
    2.294835     2.995104
    2.307107     2.994931
    2.319379     2.994723
    2.331651     2.994483
    2.343923     2.994213
    2.356194     2.993915
    2.368466     2.993593
    2.380738     2.993253
    2.393010     2.992895
    2.405282     2.992524
    2.417554     2.992142
    2.429826     2.991751
    2.442097     2.991349
    2.454369     2.990937
    2.466641     2.990515
    2.478913     2.990080
    2.491185     2.989634
    2.503457     2.989178
    2.515728     2.988714
    2.528000     2.988243
    2.540272     2.987766
    2.552544     2.987284
    2.564816     2.986795
    2.577088     2.986298
    2.589360     2.985792
    2.601631     2.985277
    2.613903     2.984754
    2.626175     2.984225
    2.638447     2.983695
    2.650719     2.983172
    2.662991     2.982665
    2.675262     2.982183
    2.687534     2.981735
    2.699806     2.981332
    2.712078     2.980979
    2.724350     2.980680
    2.736622     2.980438
    2.748894     2.980252
    2.761165     2.980119
    2.773437     2.980032
    2.785709     2.979985
    2.797981     2.979972
    2.810253     2.979983
    2.822525     2.980010
    2.834797     2.980047
    2.847068     2.980089
    2.859340     2.980132
    2.871612     2.980173
    2.883884     2.980210
    2.896156     2.980246
    2.908428     2.980279
    2.920700     2.980310
    2.932971     2.980339
    2.945243     2.980368
    2.957515     2.980396
    2.969787     2.980425
    2.982059     2.980452
    2.994331     2.980477
    3.006603     2.980498
    3.018874     2.980514
    3.031146     2.980520
    3.043418     2.980518
    3.055690     2.980506
    3.067962     2.980485
    3.080234     2.980460
    3.092505     2.980431
    3.104777     2.980403
    3.117049     2.980380
    3.129321     2.980365
    3.141593     2.980359
