# r flatness
    0.012272     5.043709
    0.024544     4.971631
    0.036816     4.866370
    0.049087     4.743236
    0.061359     4.615030
    0.073631     4.490258
    0.085903     4.373559
    0.098175     4.266904
    0.110447     4.170694
    0.122718     4.084492
    0.134990     4.007476
    0.147262     3.938680
    0.159534     3.877136
    0.171806     3.821941
    0.184078     3.772287
    0.196350     3.727468
    0.208621     3.686871
    0.220893     3.649976
    0.233165     3.616337
    0.245437     3.585566
    0.257709     3.557325
    0.269981     3.531308
    0.282252     3.507244
    0.294524     3.484886
    0.306796     3.464018
    0.319068     3.444453
    0.331340     3.426030
    0.343612     3.408618
    0.355884     3.392102
    0.368155     3.376387
    0.380427     3.361397
    0.392699     3.347067
    0.404971     3.333345
    0.417243     3.320192
    0.429515     3.307573
    0.441786     3.295460
    0.454058     3.283826
    0.466330     3.272645
    0.478602     3.261890
    0.490874     3.251537
    0.503146     3.241561
    0.515418     3.231934
    0.527689     3.222636
    0.539961     3.213641
    0.552233     3.204933
    0.564505     3.196495
    0.576777     3.188312
    0.589049     3.180372
    0.601321     3.172666
    0.613592     3.165184
    0.625864     3.157918
    0.638136     3.150858
    0.650408     3.143997
    0.662680     3.137327
    0.674952     3.130837
    0.687223     3.124521
    0.699495     3.118369
    0.711767     3.112374
    0.724039     3.106529
    0.736311     3.100828
    0.748583     3.095264
    0.760854     3.089829
    0.773126     3.084517
    0.785398     3.079321
    0.797670     3.074233
    0.809942     3.069247
    0.822214     3.064358
    0.834486     3.059560
    0.846757     3.054849
    0.859029     3.050220
    0.871301     3.045670
    0.883573     3.041194
    0.895845     3.036789
    0.908117     3.032448
    0.920389     3.028167
    0.932660     3.023940
    0.944932     3.019764
    0.957204     3.015638
    0.969476     3.011560
    0.981748     3.007533
    0.994020     3.003559
    1.006291     2.999645
    1.018563     2.995795
    1.030835     2.992015
    1.043107     2.988315
    1.055379     2.984702
    1.067651     2.981183
    1.079923     2.977766
    1.092194     2.974457
    1.104466     2.971262
    1.116738     2.968188
    1.129010     2.965240
    1.141282     2.962426
    1.153554     2.959751
    1.165825     2.957223
    1.178097     2.954844
    1.190369     2.952622
    1.202641     2.950558
    1.214913     2.948653
    1.227185     2.946907
    1.239457     2.945316
    1.251728     2.943872
    1.264000     2.942567
    1.276272     2.941387
    1.288544     2.940316
    1.300816     2.939337
    1.313088     2.938429
    1.325359     2.937568
    1.337631     2.936735
    1.349903     2.935909
    1.362175     2.935075
    1.374447     2.934222
    1.386719     2.933343
    1.398991     2.932434
    1.411262     2.931496
    1.423534     2.930534
    1.435806     2.929551
    1.448078     2.928557
    1.460350     2.927560
    1.472622     2.926568
    1.484893     2.925593
    1.497165     2.924645
    1.509437     2.923734
    1.521709     2.922870
    1.533981     2.922063
    1.546253     2.921321
    1.558524     2.920650
    1.570796     2.920054
    1.583068     2.919538
    1.595340     2.919101
    1.607612     2.918741
    1.619884     2.918453
    1.632156     2.918230
    1.644427     2.918065
    1.656699     2.917950
    1.668971     2.917877
    1.681243     2.917840
    1.693515     2.917835
    1.705787     2.917861
    1.718059     2.917916
    1.730330     2.918004
    1.742602     2.918124
    1.754874     2.918281
    1.767146     2.918473
    1.779418     2.918704
    1.791690     2.918971
    1.803962     2.919272
    1.816233     2.919605
    1.828505     2.919965
    1.840777     2.920346
    1.853049     2.920744
    1.865321     2.921151
    1.877593     2.921564
    1.889864     2.921977
    1.902136     2.922386
    1.914408     2.922789
    1.926680     2.923185
    1.938952     2.923572
    1.951224     2.923952
    1.963495     2.924324
    1.975767     2.924690
    1.988039     2.925052
    2.000311     2.925410
    2.012583     2.925766
    2.024855     2.926120
    2.037127     2.926473
    2.049398     2.926826
    2.061670     2.927181
    2.073942     2.927538
    2.086214     2.927900
    2.098486     2.928268
    2.110758     2.928649
    2.123029     2.929045
    2.135301     2.929461
    2.147573     2.929900
    2.159845     2.930366
    2.172117     2.930862
    2.184389     2.931391
    2.196661     2.931952
    2.208932     2.932548
    2.221204     2.933177
    2.233476     2.933839
    2.245748     2.934533
    2.258020     2.935258
    2.270292     2.936013
    2.282563     2.936798
    2.294835     2.937613
    2.307107     2.938457
    2.319379     2.939330
    2.331651     2.940231
    2.343923     2.941156
    2.356194     2.942104
    2.368466     2.943070
    2.380738     2.944052
    2.393010     2.945046
    2.405282     2.946052
    2.417554     2.947068
    2.429826     2.948097
    2.442097     2.949142
    2.454369     2.950206
    2.466641     2.951292
    2.478913     2.952406
    2.491185     2.953551
    2.503457     2.954726
    2.515728     2.955932
    2.528000     2.957167
    2.540272     2.958426
    2.552544     2.959705
    2.564816     2.961000
    2.577088     2.962302
    2.589360     2.963608
    2.601631     2.964909
    2.613903     2.966197
    2.626175     2.967464
    2.638447     2.968703
    2.650719     2.969904
    2.662991     2.971060
    2.675262     2.972165
    2.687534     2.973213
    2.699806     2.974201
    2.712078     2.975123
    2.724350     2.975978
    2.736622     2.976761
    2.748894     2.977470
    2.761165     2.978103
    2.773437     2.978659
    2.785709     2.979137
    2.797981     2.979536
    2.810253     2.979856
    2.822525     2.980097
    2.834797     2.980262
    2.847068     2.980352
    2.859340     2.980371
    2.871612     2.980325
    2.883884     2.980218
    2.896156     2.980056
    2.908428     2.979847
    2.920700     2.979596
    2.932971     2.979309
    2.945243     2.978993
    2.957515     2.978651
    2.969787     2.978287
    2.982059     2.977905
    2.994331     2.977509
    3.006603     2.977102
    3.018874     2.976690
    3.031146     2.976279
    3.043418     2.975878
    3.055690     2.975492
    3.067962     2.975135
    3.080234     2.974811
    3.092505     2.974533
    3.104777     2.974308
    3.117049     2.974141
    3.129321     2.974039
    3.141593     2.974005
