# r flatness
    0.012272     5.205814
    0.024544     5.130120
    0.036816     5.019360
    0.049087     4.889446
    0.061359     4.753748
    0.073631     4.621215
    0.085903     4.496794
    0.098175     4.382644
    0.110447     4.279256
    0.122718     4.186227
    0.134990     4.102744
    0.147262     4.027853
    0.159534     3.960610
    0.171806     3.900132
    0.184078     3.845618
    0.196350     3.796345
    0.208621     3.751675
    0.220893     3.711035
    0.233165     3.673925
    0.245437     3.639901
    0.257709     3.608579
    0.269981     3.579618
    0.282252     3.552723
    0.294524     3.527642
    0.306796     3.504161
    0.319068     3.482100
    0.331340     3.461309
    0.343612     3.441663
    0.355884     3.423055
    0.368155     3.405392
    0.380427     3.388598
    0.392699     3.372604
    0.404971     3.357353
    0.417243     3.342798
    0.429515     3.328896
    0.441786     3.315618
    0.454058     3.302937
    0.466330     3.290834
    0.478602     3.279299
    0.490874     3.268326
    0.503146     3.257910
    0.515418     3.248050
    0.527689     3.238747
    0.539961     3.229992
    0.552233     3.221778
    0.564505     3.214090
    0.576777     3.206907
    0.589049     3.200204
    0.601321     3.193950
    0.613592     3.188116
    0.625864     3.182668
    0.638136     3.177574
    0.650408     3.172807
    0.662680     3.168336
    0.674952     3.164136
    0.687223     3.160182
    0.699495     3.156454
    0.711767     3.152932
    0.724039     3.149600
    0.736311     3.146444
    0.748583     3.143455
    0.760854     3.140620
    0.773126     3.137934
    0.785398     3.135386
    0.797670     3.132968
    0.809942     3.130669
    0.822214     3.128484
    0.834486     3.126402
    0.846757     3.124420
    0.859029     3.122535
    0.871301     3.120743
    0.883573     3.119042
    0.895845     3.117433
    0.908117     3.115912
    0.920389     3.114476
    0.932660     3.113122
    0.944932     3.111842
    0.957204     3.110631
    0.969476     3.109481
    0.981748     3.108384
    0.994020     3.107333
    1.006291     3.106320
    1.018563     3.105338
    1.030835     3.104379
    1.043107     3.103434
    1.055379     3.102492
    1.067651     3.101543
    1.079923     3.100571
    1.092194     3.099560
    1.104466     3.098494
    1.116738     3.097355
    1.129010     3.096127
    1.141282     3.094798
    1.153554     3.093358
    1.165825     3.091803
    1.178097     3.090129
    1.190369     3.088339
    1.202641     3.086433
    1.214913     3.084418
    1.227185     3.082299
    1.239457     3.080082
    1.251728     3.077774
    1.264000     3.075382
    1.276272     3.072915
    1.288544     3.070380
    1.300816     3.067787
    1.313088     3.065146
    1.325359     3.062470
    1.337631     3.059773
    1.349903     3.057070
    1.362175     3.054379
    1.374447     3.051718
    1.386719     3.049104
    1.398991     3.046554
    1.411262     3.044080
    1.423534     3.041696
    1.435806     3.039410
    1.448078     3.037233
    1.460350     3.035169
    1.472622     3.033224
    1.484893     3.031404
    1.497165     3.029713
    1.509437     3.028156
    1.521709     3.026735
    1.533981     3.025454
    1.546253     3.024314
    1.558524     3.023315
    1.570796     3.022457
    1.583068     3.021735
    1.595340     3.021144
    1.607612     3.020676
    1.619884     3.020322
    1.632156     3.020074
    1.644427     3.019919
    1.656699     3.019848
    1.668971     3.019847
    1.681243     3.019905
    1.693515     3.020009
    1.705787     3.020148
    1.718059     3.020310
    1.730330     3.020486
    1.742602     3.020669
    1.754874     3.020853
    1.767146     3.021033
    1.779418     3.021208
    1.791690     3.021374
    1.803962     3.021526
    1.816233     3.021664
    1.828505     3.021782
    1.840777     3.021877
    1.853049     3.021950
    1.865321     3.021998
    1.877593     3.022025
    1.889864     3.022036
    1.902136     3.022035
    1.914408     3.022030
    1.926680     3.022032
    1.938952     3.022049
    1.951224     3.022091
    1.963495     3.022170
    1.975767     3.022292
    1.988039     3.022465
    2.000311     3.022689
    2.012583     3.022962
    2.024855     3.023282
    2.037127     3.023640
    2.049398     3.024028
    2.061670     3.024436
    2.073942     3.024855
    2.086214     3.025274
    2.098486     3.025685
    2.110758     3.026077
    2.123029     3.026443
    2.135301     3.026773
    2.147573     3.027060
    2.159845     3.027294
    2.172117     3.027469
    2.184389     3.027577
    2.196661     3.027615
    2.208932     3.027578
    2.221204     3.027467
    2.233476     3.027286
    2.245748     3.027040
    2.258020     3.026736
    2.270292     3.026384
    2.282563     3.025993
    2.294835     3.025572
    2.307107     3.025124
    2.319379     3.024660
    2.331651     3.024179
    2.343923     3.023688
    2.356194     3.023186
    2.368466     3.022676
    2.380738     3.022156
    2.393010     3.021625
    2.405282     3.021076
    2.417554     3.020507
    2.429826     3.019909
    2.442097     3.019274
    2.454369     3.018590
    2.466641     3.017848
    2.478913     3.017039
    2.491185     3.016154
    2.503457     3.015185
    2.515728     3.014129
    2.528000     3.012984
    2.540272     3.011752
    2.552544     3.010439
    2.564816     3.009054
    2.577088     3.007611
    2.589360     3.006123
    2.601631     3.004607
    2.613903     3.003081
    2.626175     3.001558
    2.638447     3.000057
    2.650719     2.998588
    2.662991     2.997164
    2.675262     2.995795
    2.687534     2.994489
    2.699806     2.993251
    2.712078     2.992084
    2.724350     2.990988
    2.736622     2.989964
    2.748894     2.989004
    2.761165     2.988104
    2.773437     2.987257
    2.785709     2.986456
    2.797981     2.985692
    2.810253     2.984956
    2.822525     2.984241
    2.834797     2.983540
    2.847068     2.982845
    2.859340     2.982148
    2.871612     2.981446
    2.883884     2.980732
    2.896156     2.980005
    2.908428     2.979262
    2.920700     2.978507
    2.932971     2.977742
    2.945243     2.976970
    2.957515     2.976196
    2.969787     2.975426
    2.982059     2.974665
    2.994331     2.973918
    3.006603     2.973193
    3.018874     2.972496
    3.031146     2.971835
    3.043418     2.971221
    3.055690     2.970660
    3.067962     2.970161
    3.080234     2.969731
    3.092505     2.969374
    3.104777     2.969095
    3.117049     2.968894
    3.129321     2.968773
    3.141593     2.968733
