# r flatness
    0.012272     4.967055
    0.024544     4.897622
    0.036816     4.796198
    0.049087     4.677632
    0.061359     4.554403
    0.073631     4.434761
    0.085903     4.323097
    0.098175     4.221155
    0.110447     4.129152
    0.122718     4.046534
    0.134990     3.972427
    0.147262     3.905882
    0.159534     3.845995
    0.171806     3.791955
    0.184078     3.743053
    0.196350     3.698679
    0.208621     3.658314
    0.220893     3.621518
    0.233165     3.587917
    0.245437     3.557189
    0.257709     3.529048
    0.269981     3.503236
    0.282252     3.479514
    0.294524     3.457664
    0.306796     3.437483
    0.319068     3.418786
    0.331340     3.401409
    0.343612     3.385213
    0.355884     3.370076
    0.368155     3.355896
    0.380427     3.342586
    0.392699     3.330072
    0.404971     3.318285
    0.417243     3.307164
    0.429515     3.296649
    0.441786     3.286682
    0.454058     3.277208
    0.466330     3.268174
    0.478602     3.259534
    0.490874     3.251242
    0.503146     3.243254
    0.515418     3.235535
    0.527689     3.228046
    0.539961     3.220753
    0.552233     3.213622
    0.564505     3.206624
    0.576777     3.199735
    0.589049     3.192935
    0.601321     3.186214
    0.613592     3.179570
    0.625864     3.173009
    0.638136     3.166541
    0.650408     3.160184
    0.662680     3.153952
    0.674952     3.147861
    0.687223     3.141926
    0.699495     3.136157
    0.711767     3.130564
    0.724039     3.125152
    0.736311     3.119923
    0.748583     3.114871
    0.760854     3.109988
    0.773126     3.105264
    0.785398     3.100683
    0.797670     3.096235
    0.809942     3.091908
    0.822214     3.087695
    0.834486     3.083596
    0.846757     3.079612
    0.859029     3.075745
    0.871301     3.072003
    0.883573     3.068394
    0.895845     3.064924
    0.908117     3.061599
    0.920389     3.058421
    0.932660     3.055388
    0.944932     3.052497
    0.957204     3.049739
    0.969476     3.047100
    0.981748     3.044564
    0.994020     3.042113
    1.006291     3.039723
    1.018563     3.037377
    1.030835     3.035056
    1.043107     3.032745
    1.055379     3.030435
    1.067651     3.028123
    1.079923     3.025809
    1.092194     3.023498
    1.104466     3.021199
    1.116738     3.018923
    1.129010     3.016677
    1.141282     3.014470
    1.153554     3.012309
    1.165825     3.010197
    1.178097     3.008135
    1.190369     3.006124
    1.202641     3.004162
    1.214913     3.002249
    1.227185     3.000387
    1.239457     2.998576
    1.251728     2.996820
    1.264000     2.995126
    1.276272     2.993500
    1.288544     2.991949
    1.300816     2.990481
    1.313088     2.989105
    1.325359     2.987823
    1.337631     2.986642
    1.349903     2.985559
    1.362175     2.984575
    1.374447     2.983684
    1.386719     2.982880
    1.398991     2.982154
    1.411262     2.981496
    1.423534     2.980897
    1.435806     2.980343
    1.448078     2.979825
    1.460350     2.979331
    1.472622     2.978853
    1.484893     2.978384
    1.497165     2.977916
    1.509437     2.977448
    1.521709     2.976973
    1.533981     2.976494
    1.546253     2.976006
    1.558524     2.975510
    1.570796     2.975006
    1.583068     2.974491
    1.595340     2.973963
    1.607612     2.973418
    1.619884     2.972848
    1.632156     2.972246
    1.644427     2.971605
    1.656699     2.970919
    1.668971     2.970181
    1.681243     2.969387
    1.693515     2.968539
    1.705787     2.967638
    1.718059     2.966687
    1.730330     2.965694
    1.742602     2.964669
    1.754874     2.963623
    1.767146     2.962566
    1.779418     2.961510
    1.791690     2.960464
    1.803962     2.959438
    1.816233     2.958438
    1.828505     2.957474
    1.840777     2.956547
    1.853049     2.955664
    1.865321     2.954826
    1.877593     2.954033
    1.889864     2.953287
    1.902136     2.952587
    1.914408     2.951932
    1.926680     2.951322
    1.938952     2.950757
    1.951224     2.950238
    1.963495     2.949765
    1.975767     2.949338
    1.988039     2.948956
    2.000311     2.948618
    2.012583     2.948321
    2.024855     2.948060
    2.037127     2.947834
    2.049398     2.947639
    2.061670     2.947474
    2.073942     2.947339
    2.086214     2.947233
    2.098486     2.947159
    2.110758     2.947117
    2.123029     2.947108
    2.135301     2.947130
    2.147573     2.947184
    2.159845     2.947267
    2.172117     2.947376
    2.184389     2.947511
    2.196661     2.947669
    2.208932     2.947846
    2.221204     2.948041
    2.233476     2.948248
    2.245748     2.948466
    2.258020     2.948693
    2.270292     2.948925
    2.282563     2.949161
    2.294835     2.949398
    2.307107     2.949636
    2.319379     2.949874
    2.331651     2.950113
    2.343923     2.950354
    2.356194     2.950600
    2.368466     2.950850
    2.380738     2.951110
    2.393010     2.951380
    2.405282     2.951666
    2.417554     2.951970
    2.429826     2.952299
    2.442097     2.952655
    2.454369     2.953040
    2.466641     2.953456
    2.478913     2.953901
    2.491185     2.954372
    2.503457     2.954870
    2.515728     2.955390
    2.528000     2.955931
    2.540272     2.956493
    2.552544     2.957072
    2.564816     2.957665
    2.577088     2.958270
    2.589360     2.958883
    2.601631     2.959499
    2.613903     2.960116
    2.626175     2.960730
    2.638447     2.961339
    2.650719     2.961941
    2.662991     2.962534
    2.675262     2.963114
    2.687534     2.963680
    2.699806     2.964229
    2.712078     2.964760
    2.724350     2.965271
    2.736622     2.965760
    2.748894     2.966230
    2.761165     2.966680
    2.773437     2.967110
    2.785709     2.967525
    2.797981     2.967926
    2.810253     2.968318
    2.822525     2.968705
    2.834797     2.969093
    2.847068     2.969484
    2.859340     2.969882
    2.871612     2.970289
    2.883884     2.970705
    2.896156     2.971129
    2.908428     2.971560
    2.920700     2.971995
    2.932971     2.972432
    2.945243     2.972866
    2.957515     2.973294
    2.969787     2.973713
    2.982059     2.974119
    2.994331     2.974509
    3.006603     2.974880
    3.018874     2.975231
    3.031146     2.975560
    3.043418     2.975864
    3.055690     2.976141
    3.067962     2.976390
    3.080234     2.976606
    3.092505     2.976787
    3.104777     2.976931
    3.117049     2.977036
    3.129321     2.977099
    3.141593     2.977120
