# r flatness
    0.012272     5.177958
    0.024544     5.101099
    0.036816     4.988743
    0.049087     4.857104
    0.061359     4.719734
    0.073631     4.585615
    0.085903     4.459644
    0.098175     4.343938
    0.110447     4.238989
    0.122718     4.144435
    0.134990     4.059506
    0.147262     3.983279
    0.159534     3.914816
    0.171806     3.853221
    0.184078     3.797679
    0.196350     3.747458
    0.208621     3.701918
    0.220893     3.660498
    0.233165     3.622720
    0.245437     3.588169
    0.257709     3.556494
    0.269981     3.527396
    0.282252     3.500620
    0.294524     3.475946
    0.306796     3.453184
    0.319068     3.432164
    0.331340     3.412733
    0.343612     3.394753
    0.355884     3.378091
    0.368155     3.362631
    0.380427     3.348261
    0.392699     3.334882
    0.404971     3.322399
    0.417243     3.310726
    0.429515     3.299784
    0.441786     3.289497
    0.454058     3.279800
    0.466330     3.270632
    0.478602     3.261937
    0.490874     3.253667
    0.503146     3.245778
    0.515418     3.238233
    0.527689     3.231001
    0.539961     3.224051
    0.552233     3.217364
    0.564505     3.210918
    0.576777     3.204696
    0.589049     3.198680
    0.601321     3.192851
    0.613592     3.187189
    0.625864     3.181674
    0.638136     3.176284
    0.650408     3.171001
    0.662680     3.165804
    0.674952     3.160676
    0.687223     3.155600
    0.699495     3.150558
    0.711767     3.145534
    0.724039     3.140514
    0.736311     3.135487
    0.748583     3.130444
    0.760854     3.125383
    0.773126     3.120308
    0.785398     3.115222
    0.797670     3.110139
    0.809942     3.105069
    0.822214     3.100026
    0.834486     3.095023
    0.846757     3.090070
    0.859029     3.085175
    0.871301     3.080341
    0.883573     3.075574
    0.895845     3.070874
    0.908117     3.066245
    0.920389     3.061687
    0.932660     3.057204
    0.944932     3.052796
    0.957204     3.048467
    0.969476     3.044219
    0.981748     3.040055
    0.994020     3.035978
    1.006291     3.031992
    1.018563     3.028098
    1.030835     3.024302
    1.043107     3.020605
    1.055379     3.017011
    1.067651     3.013523
    1.079923     3.010144
    1.092194     3.006880
    1.104466     3.003732
    1.116738     3.000706
    1.129010     2.997803
    1.141282     2.995028
    1.153554     2.992382
    1.165825     2.989866
    1.178097     2.987480
    1.190369     2.985226
    1.202641     2.983101
    1.214913     2.981107
    1.227185     2.979240
    1.239457     2.977500
    1.251728     2.975882
    1.264000     2.974380
    1.276272     2.972984
    1.288544     2.971685
    1.300816     2.970470
    1.313088     2.969327
    1.325359     2.968243
    1.337631     2.967207
    1.349903     2.966207
    1.362175     2.965232
    1.374447     2.964276
    1.386719     2.963331
    1.398991     2.962394
    1.411262     2.961462
    1.423534     2.960534
    1.435806     2.959610
    1.448078     2.958689
    1.460350     2.957772
    1.472622     2.956857
    1.484893     2.955947
    1.497165     2.955040
    1.509437     2.954137
    1.521709     2.953238
    1.533981     2.952348
    1.546253     2.951463
    1.558524     2.950589
    1.570796     2.949724
    1.583068     2.948871
    1.595340     2.948032
    1.607612     2.947210
    1.619884     2.946406
    1.632156     2.945624
    1.644427     2.944867
    1.656699     2.944138
    1.668971     2.943437
    1.681243     2.942763
    1.693515     2.942117
    1.705787     2.941496
    1.718059     2.940900
    1.730330     2.940326
    1.742602     2.939771
    1.754874     2.939234
    1.767146     2.938712
    1.779418     2.938204
    1.791690     2.937707
    1.803962     2.937223
    1.816233     2.936749
    1.828505     2.936284
    1.840777     2.935829
    1.853049     2.935380
    1.865321     2.934935
    1.877593     2.934488
    1.889864     2.934035
    1.902136     2.933573
    1.914408     2.933095
    1.926680     2.932602
    1.938952     2.932090
    1.951224     2.931559
    1.963495     2.931010
    1.975767     2.930442
    1.988039     2.929857
    2.000311     2.929255
    2.012583     2.928641
    2.024855     2.928015
    2.037127     2.927380
    2.049398     2.926740
    2.061670     2.926097
    2.073942     2.925456
    2.086214     2.924820
    2.098486     2.924192
    2.110758     2.923575
    2.123029     2.922970
    2.135301     2.922377
    2.147573     2.921796
    2.159845     2.921227
    2.172117     2.920672
    2.184389     2.920131
    2.196661     2.919607
    2.208932     2.919102
    2.221204     2.918617
    2.233476     2.918154
    2.245748     2.917712
    2.258020     2.917293
    2.270292     2.916894
    2.282563     2.916516
    2.294835     2.916160
    2.307107     2.915826
    2.319379     2.915519
    2.331651     2.915240
    2.343923     2.914994
    2.356194     2.914787
    2.368466     2.914625
    2.380738     2.914515
    2.393010     2.914461
    2.405282     2.914469
    2.417554     2.914542
    2.429826     2.914683
    2.442097     2.914895
    2.454369     2.915178
    2.466641     2.915535
    2.478913     2.915964
    2.491185     2.916465
    2.503457     2.917035
    2.515728     2.917670
    2.528000     2.918369
    2.540272     2.919122
    2.552544     2.919925
    2.564816     2.920774
    2.577088     2.921661
    2.589360     2.922579
    2.601631     2.923522
    2.613903     2.924483
    2.626175     2.925453
    2.638447     2.926427
    2.650719     2.927395
    2.662991     2.928352
    2.675262     2.929291
    2.687534     2.930211
    2.699806     2.931106
    2.712078     2.931977
    2.724350     2.932822
    2.736622     2.933642
    2.748894     2.934438
    2.761165     2.935210
    2.773437     2.935956
    2.785709     2.936677
    2.797981     2.937369
    2.810253     2.938031
    2.822525     2.938662
    2.834797     2.939262
    2.847068     2.939831
    2.859340     2.940371
    2.871612     2.940886
    2.883884     2.941383
    2.896156     2.941866
    2.908428     2.942343
    2.920700     2.942819
    2.932971     2.943299
    2.945243     2.943786
    2.957515     2.944283
    2.969787     2.944791
    2.982059     2.945306
    2.994331     2.945829
    3.006603     2.946355
    3.018874     2.946880
    3.031146     2.947399
    3.043418     2.947904
    3.055690     2.948386
    3.067962     2.948837
    3.080234     2.949245
    3.092505     2.949599
    3.104777     2.949887
    3.117049     2.950101
    3.129321     2.950232
    3.141593     2.950276
