# r flatness
    0.012272     5.114700
    0.024544     5.041746
    0.036816     4.934704
    0.049087     4.808851
    0.061359     4.677266
    0.073631     4.548859
    0.085903     4.428613
    0.098175     4.318702
    0.110447     4.219604
    0.122718     4.130891
    0.134990     4.051727
    0.147262     3.981139
    0.159534     3.918173
    0.171806     3.861941
    0.184078     3.811650
    0.196350     3.766595
    0.208621     3.726146
    0.220893     3.689734
    0.233165     3.656841
    0.245437     3.626991
    0.257709     3.599753
    0.269981     3.574741
    0.282252     3.551616
    0.294524     3.530085
    0.306796     3.509908
    0.319068     3.490883
    0.331340     3.472849
    0.343612     3.455673
    0.355884     3.439247
    0.368155     3.423486
    0.380427     3.408318
    0.392699     3.393682
    0.404971     3.379531
    0.417243     3.365828
    0.429515     3.352540
    0.441786     3.339645
    0.454058     3.327126
    0.466330     3.314975
    0.478602     3.303189
    0.490874     3.291777
    0.503146     3.280750
    0.515418     3.270124
    0.527689     3.259919
    0.539961     3.250151
    0.552233     3.240834
    0.564505     3.231978
    0.576777     3.223584
    0.589049     3.215649
    0.601321     3.208162
    0.613592     3.201106
    0.625864     3.194458
    0.638136     3.188192
    0.650408     3.182277
    0.662680     3.176682
    0.674952     3.171373
    0.687223     3.166322
    0.699495     3.161494
    0.711767     3.156865
    0.724039     3.152410
    0.736311     3.148105
    0.748583     3.143930
    0.760854     3.139868
    0.773126     3.135898
    0.785398     3.132006
    0.797670     3.128180
    0.809942     3.124403
    0.822214     3.120668
    0.834486     3.116967
    0.846757     3.113293
    0.859029     3.109645
    0.871301     3.106019
    0.883573     3.102418
    0.895845     3.098844
    0.908117     3.095300
    0.920389     3.091792
    0.932660     3.088329
    0.944932     3.084918
    0.957204     3.081572
    0.969476     3.078296
    0.981748     3.075101
    0.994020     3.071995
    1.006291     3.068984
    1.018563     3.066072
    1.030835     3.063262
    1.043107     3.060558
    1.055379     3.057961
    1.067651     3.055470
    1.079923     3.053087
    1.092194     3.050813
    1.104466     3.048646
    1.116738     3.046588
    1.129010     3.044636
    1.141282     3.042788
    1.153554     3.041040
    1.165825     3.039390
    1.178097     3.037830
    1.190369     3.036354
    1.202641     3.034953
    1.214913     3.033614
    1.227185     3.032326
    1.239457     3.031075
    1.251728     3.029848
    1.264000     3.028634
    1.276272     3.027421
    1.288544     3.026201
    1.300816     3.024966
    1.313088     3.023714
    1.325359     3.022443
    1.337631     3.021152
    1.349903     3.019849
    1.362175     3.018538
    1.374447     3.017227
    1.386719     3.015925
    1.398991     3.014641
    1.411262     3.013382
    1.423534     3.012154
    1.435806     3.010962
    1.448078     3.009808
    1.460350     3.008694
    1.472622     3.007620
    1.484893     3.006587
    1.497165     3.005592
    1.509437     3.004638
    1.521709     3.003722
    1.533981     3.002847
    1.546253     3.002011
    1.558524     3.001216
    1.570796     3.000465
    1.583068     2.999759
    1.595340     2.999104
    1.607612     2.998503
    1.619884     2.997964
    1.632156     2.997490
    1.644427     2.997088
    1.656699     2.996761
    1.668971     2.996514
    1.681243     2.996347
    1.693515     2.996264
    1.705787     2.996261
    1.718059     2.996339
    1.730330     2.996492
    1.742602     2.996719
    1.754874     2.997015
    1.767146     2.997376
    1.779418     2.997797
    1.791690     2.998273
    1.803962     2.998796
    1.816233     2.999361
    1.828505     2.999959
    1.840777     3.000584
    1.853049     3.001228
    1.865321     3.001885
    1.877593     3.002549
    1.889864     3.003214
    1.902136     3.003875
    1.914408     3.004527
    1.926680     3.005164
    1.938952     3.005780
    1.951224     3.006372
    1.963495     3.006933
    1.975767     3.007459
    1.988039     3.007944
    2.000311     3.008384
    2.012583     3.008771
    2.024855     3.009098
    2.037127     3.009356
    2.049398     3.009537
    2.061670     3.009629
    2.073942     3.009625
    2.086214     3.009517
    2.098486     3.009300
    2.110758     3.008970
    2.123029     3.008524
    2.135301     3.007965
    2.147573     3.007295
    2.159845     3.006517
    2.172117     3.005638
    2.184389     3.004663
    2.196661     3.003601
    2.208932     3.002459
    2.221204     3.001248
    2.233476     2.999976
    2.245748     2.998654
    2.258020     2.997288
    2.270292     2.995889
    2.282563     2.994464
    2.294835     2.993020
    2.307107     2.991564
    2.319379     2.990106
    2.331651     2.988653
    2.343923     2.987215
    2.356194     2.985802
    2.368466     2.984425
    2.380738     2.983092
    2.393010     2.981817
    2.405282     2.980610
    2.417554     2.979482
    2.429826     2.978444
    2.442097     2.977504
    2.454369     2.976666
    2.466641     2.975933
    2.478913     2.975304
    2.491185     2.974777
    2.503457     2.974343
    2.515728     2.973995
    2.528000     2.973723
    2.540272     2.973514
    2.552544     2.973355
    2.564816     2.973234
    2.577088     2.973136
    2.589360     2.973050
    2.601631     2.972962
    2.613903     2.972860
    2.626175     2.972732
    2.638447     2.972566
    2.650719     2.972353
    2.662991     2.972085
    2.675262     2.971756
    2.687534     2.971360
    2.699806     2.970900
    2.712078     2.970372
    2.724350     2.969783
    2.736622     2.969135
    2.748894     2.968434
    2.761165     2.967688
    2.773437     2.966903
    2.785709     2.966090
    2.797981     2.965259
    2.810253     2.964417
    2.822525     2.963575
    2.834797     2.962742
    2.847068     2.961925
    2.859340     2.961132
    2.871612     2.960368
    2.883884     2.959637
    2.896156     2.958941
    2.908428     2.958281
    2.920700     2.957658
    2.932971     2.957071
    2.945243     2.956519
    2.957515     2.956002
    2.969787     2.955520
    2.982059     2.955072
    2.994331     2.954660
    3.006603     2.954285
    3.018874     2.953946
    3.031146     2.953646
    3.043418     2.953383
    3.055690     2.953157
    3.067962     2.952967
    3.080234     2.952811
    3.092505     2.952686
    3.104777     2.952591
    3.117049     2.952523
    3.129321     2.952484
    3.141593     2.952471
