# r flatness
    0.012272     5.022434
    0.024544     4.947784
    0.036816     4.838432
    0.049087     4.710107
    0.061359     4.576173
    0.073631     4.445669
    0.085903     4.323618
    0.098175     4.212206
    0.110447     4.111899
    0.122718     4.022224
    0.134990     3.942266
    0.147262     3.870947
    0.159534     3.807195
    0.171806     3.750007
    0.184078     3.698491
    0.196350     3.651877
    0.208621     3.609515
    0.220893     3.570863
    0.233165     3.535471
    0.245437     3.502970
    0.257709     3.473050
    0.269981     3.445452
    0.282252     3.419947
    0.294524     3.396335
    0.306796     3.374428
    0.319068     3.354054
    0.331340     3.335056
    0.343612     3.317284
    0.355884     3.300604
    0.368155     3.284899
    0.380427     3.270063
    0.392699     3.256006
    0.404971     3.242653
    0.417243     3.229936
    0.429515     3.217799
    0.441786     3.206194
    0.454058     3.195077
    0.466330     3.184414
    0.478602     3.174177
    0.490874     3.164343
    0.503146     3.154898
    0.515418     3.145833
    0.527689     3.137143
    0.539961     3.128828
    0.552233     3.120886
    0.564505     3.113314
    0.576777     3.106111
    0.589049     3.099276
    0.601321     3.092805
    0.613592     3.086697
    0.625864     3.080947
    0.638136     3.075550
    0.650408     3.070498
    0.662680     3.065781
    0.674952     3.061388
    0.687223     3.057304
    0.699495     3.053515
    0.711767     3.050002
    0.724039     3.046749
    0.736311     3.043734
    0.748583     3.040937
    0.760854     3.038338
    0.773126     3.035917
    0.785398     3.033659
    0.797670     3.031548
    0.809942     3.029572
    0.822214     3.027722
    0.834486     3.025993
    0.846757     3.024381
    0.859029     3.022883
    0.871301     3.021498
    0.883573     3.020224
    0.895845     3.019056
    0.908117     3.017987
    0.920389     3.017006
    0.932660     3.016103
    0.944932     3.015262
    0.957204     3.014467
    0.969476     3.013702
    0.981748     3.012950
    0.994020     3.012198
    1.006291     3.011433
    1.018563     3.010644
    1.030835     3.009827
    1.043107     3.008977
    1.055379     3.008096
    1.067651     3.007184
    1.079923     3.006244
    1.092194     3.005278
    1.104466     3.004286
    1.116738     3.003267
    1.129010     3.002219
    1.141282     3.001137
    1.153554     3.000019
    1.165825     2.998861
    1.178097     2.997662
    1.190369     2.996423
    1.202641     2.995142
    1.214913     2.993823
    1.227185     2.992466
    1.239457     2.991072
    1.251728     2.989644
    1.264000     2.988181
    1.276272     2.986688
    1.288544     2.985169
    1.300816     2.983630
    1.313088     2.982082
    1.325359     2.980535
    1.337631     2.979005
    1.349903     2.977507
    1.362175     2.976057
    1.374447     2.974671
    1.386719     2.973363
    1.398991     2.972146
    1.411262     2.971027
    1.423534     2.970015
    1.435806     2.969114
    1.448078     2.968324
    1.460350     2.967646
    1.472622     2.967074
    1.484893     2.966606
    1.497165     2.966233
    1.509437     2.965948
    1.521709     2.965741
    1.533981     2.965603
    1.546253     2.965522
    1.558524     2.965487
    1.570796     2.965483
    1.583068     2.965499
    1.595340     2.965521
    1.607612     2.965537
    1.619884     2.965537
    1.632156     2.965514
    1.644427     2.965463
    1.656699     2.965382
    1.668971     2.965274
    1.681243     2.965141
    1.693515     2.964991
    1.705787     2.964829
    1.718059     2.964666
    1.730330     2.964510
    1.742602     2.964368
    1.754874     2.964252
    1.767146     2.964164
    1.779418     2.964114
    1.791690     2.964108
    1.803962     2.964151
    1.816233     2.964249
    1.828505     2.964408
    1.840777     2.964634
    1.853049     2.964931
    1.865321     2.965302
    1.877593     2.965749
    1.889864     2.966270
    1.902136     2.966865
    1.914408     2.967530
    1.926680     2.968262
    1.938952     2.969058
    1.951224     2.969909
    1.963495     2.970810
    1.975767     2.971753
    1.988039     2.972728
    2.000311     2.973726
    2.012583     2.974735
    2.024855     2.975746
    2.037127     2.976750
    2.049398     2.977742
    2.061670     2.978716
    2.073942     2.979669
    2.086214     2.980602
    2.098486     2.981516
    2.110758     2.982411
    2.123029     2.983293
    2.135301     2.984163
    2.147573     2.985023
    2.159845     2.985871
    2.172117     2.986706
    2.184389     2.987524
    2.196661     2.988316
    2.208932     2.989075
    2.221204     2.989793
    2.233476     2.990462
    2.245748     2.991075
    2.258020     2.991625
    2.270292     2.992110
    2.282563     2.992528
    2.294835     2.992877
    2.307107     2.993161
    2.319379     2.993383
    2.331651     2.993549
    2.343923     2.993666
    2.356194     2.993740
    2.368466     2.993778
    2.380738     2.993786
    2.393010     2.993770
    2.405282     2.993735
    2.417554     2.993687
    2.429826     2.993630
    2.442097     2.993571
    2.454369     2.993514
    2.466641     2.993467
    2.478913     2.993436
    2.491185     2.993427
    2.503457     2.993444
    2.515728     2.993494
    2.528000     2.993578
    2.540272     2.993699
    2.552544     2.993858
    2.564816     2.994054
    2.577088     2.994288
    2.589360     2.994561
    2.601631     2.994873
    2.613903     2.995225
    2.626175     2.995619
    2.638447     2.996053
    2.650719     2.996525
    2.662991     2.997033
    2.675262     2.997569
    2.687534     2.998125
    2.699806     2.998690
    2.712078     2.999250
    2.724350     2.999791
    2.736622     3.000298
    2.748894     3.000756
    2.761165     3.001151
    2.773437     3.001472
    2.785709     3.001708
    2.797981     3.001850
    2.810253     3.001892
    2.822525     3.001831
    2.834797     3.001664
    2.847068     3.001393
    2.859340     3.001024
    2.871612     3.000567
    2.883884     3.000033
    2.896156     2.999437
    2.908428     2.998795
    2.920700     2.998122
    2.932971     2.997429
    2.945243     2.996728
    2.957515     2.996026
    2.969787     2.995327
    2.982059     2.994637
    2.994331     2.993957
    3.006603     2.993289
    3.018874     2.992639
    3.031146     2.992011
    3.043418     2.991411
    3.055690     2.990847
    3.067962     2.990327
    3.080234     2.989862
    3.092505     2.989463
    3.104777     2.989140
    3.117049     2.988901
    3.129321     2.988755
    3.141593     2.988706
