# r flatness
    0.012272     5.124998
    0.024544     5.050843
    0.036816     4.943310
    0.049087     4.818496
    0.061359     4.689418
    0.073631     4.564394
    0.085903     4.447767
    0.098175     4.341280
    0.110447     4.245187
    0.122718     4.158977
    0.134990     4.081794
    0.147262     4.012678
    0.159534     3.950689
    0.171806     3.894958
    0.184078     3.844708
    0.196350     3.799251
    0.208621     3.757978
    0.220893     3.720354
    0.233165     3.685902
    0.245437     3.654194
    0.257709     3.624851
    0.269981     3.597542
    0.282252     3.571972
    0.294524     3.547892
    0.306796     3.525092
    0.319068     3.503397
    0.331340     3.482662
    0.343612     3.462771
    0.355884     3.443628
    0.368155     3.425159
    0.380427     3.407306
    0.392699     3.390031
    0.404971     3.373309
    0.417243     3.357128
    0.429515     3.341484
    0.441786     3.326380
    0.454058     3.311818
    0.466330     3.297804
    0.478602     3.284338
    0.490874     3.271417
    0.503146     3.259032
    0.515418     3.247172
    0.527689     3.235818
    0.539961     3.224951
    0.552233     3.214544
    0.564505     3.204572
    0.576777     3.195004
    0.589049     3.185813
    0.601321     3.176970
    0.613592     3.168451
    0.625864     3.160233
    0.638136     3.152297
    0.650408     3.144626
    0.662680     3.137203
    0.674952     3.130020
    0.687223     3.123063
    0.699495     3.116326
    0.711767     3.109803
    0.724039     3.103485
    0.736311     3.097368
    0.748583     3.091447
    0.760854     3.085716
    0.773126     3.080172
    0.785398     3.074811
    0.797670     3.069632
    0.809942     3.064631
    0.822214     3.059808
    0.834486     3.055159
    0.846757     3.050683
    0.859029     3.046383
    0.871301     3.042255
    0.883573     3.038299
    0.895845     3.034513
    0.908117     3.030892
    0.920389     3.027432
    0.932660     3.024123
    0.944932     3.020959
    0.957204     3.017928
    0.969476     3.015023
    0.981748     3.012232
    0.994020     3.009548
    1.006291     3.006963
    1.018563     3.004472
    1.030835     3.002066
    1.043107     2.999742
    1.055379     2.997494
    1.067651     2.995317
    1.079923     2.993208
    1.092194     2.991161
    1.104466     2.989173
    1.116738     2.987242
    1.129010     2.985365
    1.141282     2.983536
    1.153554     2.981751
    1.165825     2.980004
    1.178097     2.978287
    1.190369     2.976589
    1.202641     2.974903
    1.214913     2.973220
    1.227185     2.971531
    1.239457     2.969828
    1.251728     2.968106
    1.264000     2.966362
    1.276272     2.964594
    1.288544     2.962804
    1.300816     2.960995
    1.313088     2.959173
    1.325359     2.957345
    1.337631     2.955521
    1.349903     2.953707
    1.362175     2.951914
    1.374447     2.950149
    1.386719     2.948421
    1.398991     2.946737
    1.411262     2.945103
    1.423534     2.943525
    1.435806     2.942008
    1.448078     2.940554
    1.460350     2.939163
    1.472622     2.937838
    1.484893     2.936576
    1.497165     2.935374
    1.509437     2.934232
    1.521709     2.933146
    1.533981     2.932113
    1.546253     2.931133
    1.558524     2.930202
    1.570796     2.929322
    1.583068     2.928489
    1.595340     2.927704
    1.607612     2.926968
    1.619884     2.926283
    1.632156     2.925649
    1.644427     2.925067
    1.656699     2.924537
    1.668971     2.924057
    1.681243     2.923626
    1.693515     2.923241
    1.705787     2.922902
    1.718059     2.922610
    1.730330     2.922366
    1.742602     2.922173
    1.754874     2.922035
    1.767146     2.921955
    1.779418     2.921940
    1.791690     2.921990
    1.803962     2.922108
    1.816233     2.922295
    1.828505     2.922549
    1.840777     2.922868
    1.853049     2.923248
    1.865321     2.923683
    1.877593     2.924170
    1.889864     2.924701
    1.902136     2.925269
    1.914408     2.925871
    1.926680     2.926502
    1.938952     2.927158
    1.951224     2.927835
    1.963495     2.928530
    1.975767     2.929241
    1.988039     2.929961
    2.000311     2.930685
    2.012583     2.931405
    2.024855     2.932114
    2.037127     2.932803
    2.049398     2.933465
    2.061670     2.934091
    2.073942     2.934674
    2.086214     2.935210
    2.098486     2.935694
    2.110758     2.936124
    2.123029     2.936500
    2.135301     2.936824
    2.147573     2.937099
    2.159845     2.937331
    2.172117     2.937523
    2.184389     2.937681
    2.196661     2.937811
    2.208932     2.937917
    2.221204     2.938004
    2.233476     2.938073
    2.245748     2.938128
    2.258020     2.938166
    2.270292     2.938183
    2.282563     2.938173
    2.294835     2.938128
    2.307107     2.938039
    2.319379     2.937896
    2.331651     2.937691
    2.343923     2.937416
    2.356194     2.937064
    2.368466     2.936631
    2.380738     2.936114
    2.393010     2.935514
    2.405282     2.934831
    2.417554     2.934072
    2.429826     2.933243
    2.442097     2.932353
    2.454369     2.931412
    2.466641     2.930430
    2.478913     2.929419
    2.491185     2.928387
    2.503457     2.927345
    2.515728     2.926297
    2.528000     2.925249
    2.540272     2.924204
    2.552544     2.923164
    2.564816     2.922128
    2.577088     2.921096
    2.589360     2.920069
    2.601631     2.919044
    2.613903     2.918024
    2.626175     2.917010
    2.638447     2.916000
    2.650719     2.914997
    2.662991     2.914002
    2.675262     2.913016
    2.687534     2.912040
    2.699806     2.911077
    2.712078     2.910131
    2.724350     2.909203
    2.736622     2.908295
    2.748894     2.907412
    2.761165     2.906553
    2.773437     2.905720
    2.785709     2.904912
    2.797981     2.904133
    2.810253     2.903382
    2.822525     2.902663
    2.834797     2.901982
    2.847068     2.901343
    2.859340     2.900753
    2.871612     2.900214
    2.883884     2.899734
    2.896156     2.899311
    2.908428     2.898946
    2.920700     2.898635
    2.932971     2.898376
    2.945243     2.898160
    2.957515     2.897983
    2.969787     2.897835
    2.982059     2.897715
    2.994331     2.897613
    3.006603     2.897530
    3.018874     2.897460
    3.031146     2.897402
    3.043418     2.897355
    3.055690     2.897315
    3.067962     2.897284
    3.080234     2.897257
    3.092505     2.897235
    3.104777     2.897218
    3.117049     2.897206
    3.129321     2.897199
    3.141593     2.897196
