# r flatness
    0.012272     4.777864
    0.024544     4.712434
    0.036816     4.616665
    0.049087     4.504410
    0.061359     4.387401
    0.073631     4.273512
    0.085903     4.167068
    0.098175     4.069929
    0.110447     3.982496
    0.122718     3.904389
    0.134990     3.834856
    0.147262     3.773007
    0.159534     3.717946
    0.171806     3.668826
    0.184078     3.624879
    0.196350     3.585422
    0.208621     3.549856
    0.220893     3.517664
    0.233165     3.488405
    0.245437     3.461704
    0.257709     3.437253
    0.269981     3.414793
    0.282252     3.394106
    0.294524     3.375008
    0.306796     3.357338
    0.319068     3.340956
    0.331340     3.325740
    0.343612     3.311580
    0.355884     3.298384
    0.368155     3.286069
    0.380427     3.274563
    0.392699     3.263803
    0.404971     3.253732
    0.417243     3.244298
    0.429515     3.235456
    0.441786     3.227159
    0.454058     3.219365
    0.466330     3.212031
    0.478602     3.205114
    0.490874     3.198570
    0.503146     3.192358
    0.515418     3.186439
    0.527689     3.180778
    0.539961     3.175339
    0.552233     3.170095
    0.564505     3.165015
    0.576777     3.160078
    0.589049     3.155263
    0.601321     3.150553
    0.613592     3.145935
    0.625864     3.141403
    0.638136     3.136954
    0.650408     3.132588
    0.662680     3.128311
    0.674952     3.124133
    0.687223     3.120063
    0.699495     3.116109
    0.711767     3.112280
    0.724039     3.108581
    0.736311     3.105010
    0.748583     3.101562
    0.760854     3.098225
    0.773126     3.094983
    0.785398     3.091817
    0.797670     3.088704
    0.809942     3.085626
    0.822214     3.082560
    0.834486     3.079493
    0.846757     3.076408
    0.859029     3.073296
    0.871301     3.070152
    0.883573     3.066970
    0.895845     3.063750
    0.908117     3.060491
    0.920389     3.057195
    0.932660     3.053867
    0.944932     3.050514
    0.957204     3.047139
    0.969476     3.043755
    0.981748     3.040367
    0.994020     3.036984
    1.006291     3.033615
    1.018563     3.030266
    1.030835     3.026942
    1.043107     3.023653
    1.055379     3.020404
    1.067651     3.017206
    1.079923     3.014068
    1.092194     3.011003
    1.104466     3.008020
    1.116738     3.005131
    1.129010     3.002346
    1.141282     2.999673
    1.153554     2.997119
    1.165825     2.994689
    1.178097     2.992390
    1.190369     2.990224
    1.202641     2.988195
    1.214913     2.986303
    1.227185     2.984548
    1.239457     2.982925
    1.251728     2.981431
    1.264000     2.980060
    1.276272     2.978805
    1.288544     2.977660
    1.300816     2.976619
    1.313088     2.975674
    1.325359     2.974819
    1.337631     2.974049
    1.349903     2.973357
    1.362175     2.972736
    1.374447     2.972179
    1.386719     2.971676
    1.398991     2.971218
    1.411262     2.970792
    1.423534     2.970385
    1.435806     2.969984
    1.448078     2.969576
    1.460350     2.969151
    1.472622     2.968699
    1.484893     2.968214
    1.497165     2.967692
    1.509437     2.967132
    1.521709     2.966534
    1.533981     2.965900
    1.546253     2.965229
    1.558524     2.964523
    1.570796     2.963782
    1.583068     2.963004
    1.595340     2.962188
    1.607612     2.961334
    1.619884     2.960442
    1.632156     2.959515
    1.644427     2.958556
    1.656699     2.957571
    1.668971     2.956566
    1.681243     2.955547
    1.693515     2.954523
    1.705787     2.953503
    1.718059     2.952492
    1.730330     2.951498
    1.742602     2.950527
    1.754874     2.949585
    1.767146     2.948673
    1.779418     2.947795
    1.791690     2.946949
    1.803962     2.946133
    1.816233     2.945346
    1.828505     2.944583
    1.840777     2.943844
    1.853049     2.943127
    1.865321     2.942432
    1.877593     2.941759
    1.889864     2.941109
    1.902136     2.940483
    1.914408     2.939884
    1.926680     2.939314
    1.938952     2.938773
    1.951224     2.938264
    1.963495     2.937787
    1.975767     2.937339
    1.988039     2.936919
    2.000311     2.936522
    2.012583     2.936143
    2.024855     2.935778
    2.037127     2.935421
    2.049398     2.935069
    2.061670     2.934718
    2.073942     2.934366
    2.086214     2.934012
    2.098486     2.933657
    2.110758     2.933300
    2.123029     2.932941
    2.135301     2.932581
    2.147573     2.932220
    2.159845     2.931857
    2.172117     2.931493
    2.184389     2.931128
    2.196661     2.930759
    2.208932     2.930391
    2.221204     2.930021
    2.233476     2.929652
    2.245748     2.929285
    2.258020     2.928921
    2.270292     2.928561
    2.282563     2.928205
    2.294835     2.927853
    2.307107     2.927505
    2.319379     2.927159
    2.331651     2.926815
    2.343923     2.926471
    2.356194     2.926126
    2.368466     2.925779
    2.380738     2.925427
    2.393010     2.925074
    2.405282     2.924720
    2.417554     2.924364
    2.429826     2.924011
    2.442097     2.923664
    2.454369     2.923325
    2.466641     2.923000
    2.478913     2.922693
    2.491185     2.922410
    2.503457     2.922154
    2.515728     2.921932
    2.528000     2.921747
    2.540272     2.921605
    2.552544     2.921508
    2.564816     2.921458
    2.577088     2.921459
    2.589360     2.921511
    2.601631     2.921613
    2.613903     2.921765
    2.626175     2.921963
    2.638447     2.922206
    2.650719     2.922490
    2.662991     2.922813
    2.675262     2.923171
    2.687534     2.923561
    2.699806     2.923981
    2.712078     2.924428
    2.724350     2.924904
    2.736622     2.925407
    2.748894     2.925941
    2.761165     2.926508
    2.773437     2.927111
    2.785709     2.927753
    2.797981     2.928438
    2.810253     2.929170
    2.822525     2.929953
    2.834797     2.930790
    2.847068     2.931684
    2.859340     2.932633
    2.871612     2.933640
    2.883884     2.934700
    2.896156     2.935810
    2.908428     2.936964
    2.920700     2.938154
    2.932971     2.939372
    2.945243     2.940608
    2.957515     2.941853
    2.969787     2.943094
    2.982059     2.944319
    2.994331     2.945516
    3.006603     2.946672
    3.018874     2.947772
    3.031146     2.948805
    3.043418     2.949757
    3.055690     2.950619
    3.067962     2.951381
    3.080234     2.952034
    3.092505     2.952575
    3.104777     2.952998
    3.117049     2.953302
    3.129321     2.953485
    3.141593     2.953545
