# r flatness
    0.012272     5.254282
    0.024544     5.182535
    0.036816     5.076702
    0.049087     4.951277
    0.061359     4.818772
    0.073631     4.687860
    0.085903     4.563566
    0.098175     4.448305
    0.110447     4.342891
    0.122718     4.247241
    0.134990     4.160814
    0.147262     4.082863
    0.159534     4.012577
    0.171806     3.949163
    0.184078     3.891891
    0.196350     3.840105
    0.208621     3.793224
    0.220893     3.750737
    0.233165     3.712188
    0.245437     3.677163
    0.257709     3.645288
    0.269981     3.616218
    0.282252     3.589630
    0.294524     3.565234
    0.306796     3.542762
    0.319068     3.521975
    0.331340     3.502665
    0.343612     3.484651
    0.355884     3.467780
    0.368155     3.451926
    0.380427     3.436987
    0.392699     3.422875
    0.404971     3.409520
    0.417243     3.396860
    0.429515     3.384839
    0.441786     3.373406
    0.454058     3.362514
    0.466330     3.352123
    0.478602     3.342196
    0.490874     3.332700
    0.503146     3.323609
    0.515418     3.314901
    0.527689     3.306557
    0.539961     3.298558
    0.552233     3.290889
    0.564505     3.283534
    0.576777     3.276477
    0.589049     3.269705
    0.601321     3.263205
    0.613592     3.256963
    0.625864     3.250967
    0.638136     3.245204
    0.650408     3.239656
    0.662680     3.234306
    0.674952     3.229134
    0.687223     3.224118
    0.699495     3.219240
    0.711767     3.214479
    0.724039     3.209819
    0.736311     3.205246
    0.748583     3.200751
    0.760854     3.196323
    0.773126     3.191958
    0.785398     3.187653
    0.797670     3.183403
    0.809942     3.179208
    0.822214     3.175067
    0.834486     3.170981
    0.846757     3.166954
    0.859029     3.162986
    0.871301     3.159083
    0.883573     3.155249
    0.895845     3.151486
    0.908117     3.147798
    0.920389     3.144186
    0.932660     3.140651
    0.944932     3.137189
    0.957204     3.133796
    0.969476     3.130466
    0.981748     3.127190
    0.994020     3.123960
    1.006291     3.120769
    1.018563     3.117607
    1.030835     3.114468
    1.043107     3.111344
    1.055379     3.108233
    1.067651     3.105130
    1.079923     3.102034
    1.092194     3.098943
    1.104466     3.095861
    1.116738     3.092792
    1.129010     3.089743
    1.141282     3.086726
    1.153554     3.083755
    1.165825     3.080848
    1.178097     3.078022
    1.190369     3.075294
    1.202641     3.072680
    1.214913     3.070192
    1.227185     3.067839
    1.239457     3.065627
    1.251728     3.063559
    1.264000     3.061636
    1.276272     3.059855
    1.288544     3.058216
    1.300816     3.056715
    1.313088     3.055350
    1.325359     3.054120
    1.337631     3.053024
    1.349903     3.052062
    1.362175     3.051231
    1.374447     3.050534
    1.386719     3.049968
    1.398991     3.049533
    1.411262     3.049228
    1.423534     3.049050
    1.435806     3.048998
    1.448078     3.049070
    1.460350     3.049261
    1.472622     3.049569
    1.484893     3.049990
    1.497165     3.050520
    1.509437     3.051153
    1.521709     3.051883
    1.533981     3.052702
    1.546253     3.053604
    1.558524     3.054579
    1.570796     3.055614
    1.583068     3.056700
    1.595340     3.057824
    1.607612     3.058973
    1.619884     3.060133
    1.632156     3.061292
    1.644427     3.062438
    1.656699     3.063559
    1.668971     3.064647
    1.681243     3.065693
    1.693515     3.066691
    1.705787     3.067636
    1.718059     3.068526
    1.730330     3.069360
    1.742602     3.070139
    1.754874     3.070863
    1.767146     3.071539
    1.779418     3.072168
    1.791690     3.072759
    1.803962     3.073319
    1.816233     3.073855
    1.828505     3.074378
    1.840777     3.074897
    1.853049     3.075422
    1.865321     3.075963
    1.877593     3.076531
    1.889864     3.077135
    1.902136     3.077783
    1.914408     3.078484
    1.926680     3.079243
    1.938952     3.080066
    1.951224     3.080957
    1.963495     3.081918
    1.975767     3.082950
    1.988039     3.084050
    2.000311     3.085217
    2.012583     3.086444
    2.024855     3.087723
    2.037127     3.089039
    2.049398     3.090379
    2.061670     3.091724
    2.073942     3.093053
    2.086214     3.094344
    2.098486     3.095573
    2.110758     3.096718
    2.123029     3.097757
    2.135301     3.098671
    2.147573     3.099446
    2.159845     3.100073
    2.172117     3.100547
    2.184389     3.100870
    2.196661     3.101047
    2.208932     3.101088
    2.221204     3.101003
    2.233476     3.100804
    2.245748     3.100504
    2.258020     3.100112
    2.270292     3.099639
    2.282563     3.099089
    2.294835     3.098469
    2.307107     3.097783
    2.319379     3.097032
    2.331651     3.096223
    2.343923     3.095355
    2.356194     3.094435
    2.368466     3.093467
    2.380738     3.092453
    2.393010     3.091398
    2.405282     3.090307
    2.417554     3.089178
    2.429826     3.088016
    2.442097     3.086823
    2.454369     3.085598
    2.466641     3.084346
    2.478913     3.083068
    2.491185     3.081769
    2.503457     3.080453
    2.515728     3.079125
    2.528000     3.077790
    2.540272     3.076451
    2.552544     3.075114
    2.564816     3.073785
    2.577088     3.072467
    2.589360     3.071166
    2.601631     3.069885
    2.613903     3.068627
    2.626175     3.067394
    2.638447     3.066186
    2.650719     3.065006
    2.662991     3.063855
    2.675262     3.062733
    2.687534     3.061643
    2.699806     3.060585
    2.712078     3.059560
    2.724350     3.058564
    2.736622     3.057599
    2.748894     3.056661
    2.761165     3.055746
    2.773437     3.054852
    2.785709     3.053972
    2.797981     3.053105
    2.810253     3.052243
    2.822525     3.051383
    2.834797     3.050522
    2.847068     3.049656
    2.859340     3.048787
    2.871612     3.047915
    2.883884     3.047042
    2.896156     3.046173
    2.908428     3.045314
    2.920700     3.044472
    2.932971     3.043652
    2.945243     3.042863
    2.957515     3.042109
    2.969787     3.041393
    2.982059     3.040718
    2.994331     3.040085
    3.006603     3.039493
    3.018874     3.038942
    3.031146     3.038433
    3.043418     3.037965
    3.055690     3.037540
    3.067962     3.037161
    3.080234     3.036831
    3.092505     3.036554
    3.104777     3.036334
    3.117049     3.036175
    3.129321     3.036077
    3.141593     3.036044
