# r flatness
    0.012272     5.286543
    0.024544     5.218651
    0.036816     5.118020
    0.049087     4.997938
    0.061359     4.869984
    0.073631     4.742310
    0.085903     4.619767
    0.098175     4.504811
    0.110447     4.398397
    0.122718     4.300626
    0.134990     4.211147
    0.147262     4.129394
    0.159534     4.054719
    0.171806     3.986469
    0.184078     3.924025
    0.196350     3.866814
    0.208621     3.814318
    0.220893     3.766076
    0.233165     3.721678
    0.245437     3.680764
    0.257709     3.643012
    0.269981     3.608141
    0.282252     3.575896
    0.294524     3.546045
    0.306796     3.518377
    0.319068     3.492693
    0.331340     3.468810
    0.343612     3.446557
    0.355884     3.425780
    0.368155     3.406334
    0.380427     3.388094
    0.392699     3.370946
    0.404971     3.354795
    0.417243     3.339557
    0.429515     3.325162
    0.441786     3.311551
    0.454058     3.298676
    0.466330     3.286490
    0.478602     3.274951
    0.490874     3.264022
    0.503146     3.253664
    0.515418     3.243841
    0.527689     3.234519
    0.539961     3.225665
    0.552233     3.217246
    0.564505     3.209230
    0.576777     3.201585
    0.589049     3.194280
    0.601321     3.187285
    0.613592     3.180573
    0.625864     3.174116
    0.638136     3.167893
    0.650408     3.161882
    0.662680     3.156070
    0.674952     3.150441
    0.687223     3.144988
    0.699495     3.139703
    0.711767     3.134582
    0.724039     3.129623
    0.736311     3.124825
    0.748583     3.120190
    0.760854     3.115716
    0.773126     3.111408
    0.785398     3.107265
    0.797670     3.103289
    0.809942     3.099483
    0.822214     3.095849
    0.834486     3.092386
    0.846757     3.089097
    0.859029     3.085979
    0.871301     3.083033
    0.883573     3.080253
    0.895845     3.077634
    0.908117     3.075167
    0.920389     3.072843
    0.932660     3.070650
    0.944932     3.068575
    0.957204     3.066606
    0.969476     3.064728
    0.981748     3.062932
    0.994020     3.061206
    1.006291     3.059540
    1.018563     3.057925
    1.030835     3.056354
    1.043107     3.054821
    1.055379     3.053320
    1.067651     3.051847
    1.079923     3.050396
    1.092194     3.048963
    1.104466     3.047545
    1.116738     3.046137
    1.129010     3.044737
    1.141282     3.043341
    1.153554     3.041949
    1.165825     3.040559
    1.178097     3.039174
    1.190369     3.037796
    1.202641     3.036428
    1.214913     3.035072
    1.227185     3.033733
    1.239457     3.032410
    1.251728     3.031103
    1.264000     3.029810
    1.276272     3.028527
    1.288544     3.027250
    1.300816     3.025972
    1.313088     3.024691
    1.325359     3.023400
    1.337631     3.022094
    1.349903     3.020770
    1.362175     3.019425
    1.374447     3.018057
    1.386719     3.016662
    1.398991     3.015240
    1.411262     3.013789
    1.423534     3.012311
    1.435806     3.010805
    1.448078     3.009274
    1.460350     3.007722
    1.472622     3.006153
    1.484893     3.004576
    1.497165     3.002998
    1.509437     3.001430
    1.521709     2.999884
    1.533981     2.998371
    1.546253     2.996906
    1.558524     2.995498
    1.570796     2.994160
    1.583068     2.992900
    1.595340     2.991726
    1.607612     2.990643
    1.619884     2.989653
    1.632156     2.988758
    1.644427     2.987956
    1.656699     2.987246
    1.668971     2.986623
    1.681243     2.986081
    1.693515     2.985617
    1.705787     2.985221
    1.718059     2.984887
    1.730330     2.984606
    1.742602     2.984369
    1.754874     2.984167
    1.767146     2.983992
    1.779418     2.983831
    1.791690     2.983677
    1.803962     2.983518
    1.816233     2.983344
    1.828505     2.983144
    1.840777     2.982905
    1.853049     2.982616
    1.865321     2.982262
    1.877593     2.981831
    1.889864     2.981310
    1.902136     2.980686
    1.914408     2.979951
    1.926680     2.979097
    1.938952     2.978118
    1.951224     2.977010
    1.963495     2.975775
    1.975767     2.974415
    1.988039     2.972934
    2.000311     2.971339
    2.012583     2.969643
    2.024855     2.967854
    2.037127     2.965986
    2.049398     2.964053
    2.061670     2.962068
    2.073942     2.960044
    2.086214     2.957996
    2.098486     2.955934
    2.110758     2.953871
    2.123029     2.951815
    2.135301     2.949773
    2.147573     2.947751
    2.159845     2.945754
    2.172117     2.943788
    2.184389     2.941854
    2.196661     2.939958
    2.208932     2.938103
    2.221204     2.936294
    2.233476     2.934534
    2.245748     2.932827
    2.258020     2.931176
    2.270292     2.929584
    2.282563     2.928055
    2.294835     2.926590
    2.307107     2.925194
    2.319379     2.923868
    2.331651     2.922615
    2.343923     2.921437
    2.356194     2.920333
    2.368466     2.919305
    2.380738     2.918349
    2.393010     2.917464
    2.405282     2.916644
    2.417554     2.915886
    2.429826     2.915180
    2.442097     2.914520
    2.454369     2.913898
    2.466641     2.913306
    2.478913     2.912734
    2.491185     2.912174
    2.503457     2.911617
    2.515728     2.911053
    2.528000     2.910474
    2.540272     2.909871
    2.552544     2.909238
    2.564816     2.908566
    2.577088     2.907851
    2.589360     2.907085
    2.601631     2.906265
    2.613903     2.905386
    2.626175     2.904446
    2.638447     2.903442
    2.650719     2.902376
    2.662991     2.901246
    2.675262     2.900057
    2.687534     2.898810
    2.699806     2.897514
    2.712078     2.896175
    2.724350     2.894801
    2.736622     2.893403
    2.748894     2.891989
    2.761165     2.890570
    2.773437     2.889153
    2.785709     2.887746
    2.797981     2.886355
    2.810253     2.884984
    2.822525     2.883639
    2.834797     2.882321
    2.847068     2.881032
    2.859340     2.879772
    2.871612     2.878547
    2.883884     2.877355
    2.896156     2.876202
    2.908428     2.875090
    2.920700     2.874027
    2.932971     2.873015
    2.945243     2.872065
    2.957515     2.871180
    2.969787     2.870366
    2.982059     2.869627
    2.994331     2.868964
    3.006603     2.868379
    3.018874     2.867867
    3.031146     2.867425
    3.043418     2.867048
    3.055690     2.866730
    3.067962     2.866466
    3.080234     2.866249
    3.092505     2.866077
    3.104777     2.865945
    3.117049     2.865852
    3.129321     2.865796
    3.141593     2.865778
