# r flatness
    0.012272     5.209243
    0.024544     5.137694
    0.036816     5.032802
    0.049087     4.909461
    0.061359     4.780255
    0.073631     4.653664
    0.085903     4.534435
    0.098175     4.424721
    0.110447     4.325117
    0.122718     4.235357
    0.134990     4.154745
    0.147262     4.082414
    0.159534     4.017472
    0.171806     3.959074
    0.184078     3.906453
    0.196350     3.858928
    0.208621     3.815899
    0.220893     3.776835
    0.233165     3.741268
    0.245437     3.708778
    0.257709     3.678991
    0.269981     3.651575
    0.282252     3.626235
    0.294524     3.602715
    0.306796     3.580790
    0.319068     3.560266
    0.331340     3.540980
    0.343612     3.522789
    0.355884     3.505575
    0.368155     3.489238
    0.380427     3.473694
    0.392699     3.458873
    0.404971     3.444716
    0.417243     3.431170
    0.429515     3.418187
    0.441786     3.405724
    0.454058     3.393743
    0.466330     3.382208
    0.478602     3.371090
    0.490874     3.360363
    0.503146     3.350007
    0.515418     3.340010
    0.527689     3.330357
    0.539961     3.321042
    0.552233     3.312058
    0.564505     3.303398
    0.576777     3.295055
    0.589049     3.287019
    0.601321     3.279279
    0.613592     3.271822
    0.625864     3.264636
    0.638136     3.257706
    0.650408     3.251018
    0.662680     3.244562
    0.674952     3.238328
    0.687223     3.232309
    0.699495     3.226500
    0.711767     3.220896
    0.724039     3.215491
    0.736311     3.210280
    0.748583     3.205256
    0.760854     3.200410
    0.773126     3.195729
    0.785398     3.191205
    0.797670     3.186826
    0.809942     3.182581
    0.822214     3.178465
    0.834486     3.174469
    0.846757     3.170588
    0.859029     3.166813
    0.871301     3.163136
    0.883573     3.159548
    0.895845     3.156036
    0.908117     3.152590
    0.920389     3.149193
    0.932660     3.145831
    0.944932     3.142489
    0.957204     3.139152
    0.969476     3.135809
    0.981748     3.132447
    0.994020     3.129060
    1.006291     3.125641
    1.018563     3.122188
    1.030835     3.118700
    1.043107     3.115180
    1.055379     3.111633
    1.067651     3.108067
    1.079923     3.104491
    1.092194     3.100916
    1.104466     3.097356
    1.116738     3.093821
    1.129010     3.090324
    1.141282     3.086875
    1.153554     3.083485
    1.165825     3.080163
    1.178097     3.076920
    1.190369     3.073763
    1.202641     3.070700
    1.214913     3.067734
    1.227185     3.064872
    1.239457     3.062112
    1.251728     3.059457
    1.264000     3.056905
    1.276272     3.054455
    1.288544     3.052105
    1.300816     3.049857
    1.313088     3.047710
    1.325359     3.045668
    1.337631     3.043734
    1.349903     3.041910
    1.362175     3.040200
    1.374447     3.038602
    1.386719     3.037114
    1.398991     3.035731
    1.411262     3.034442
    1.423534     3.033236
    1.435806     3.032098
    1.448078     3.031013
    1.460350     3.029965
    1.472622     3.028939
    1.484893     3.027919
    1.497165     3.026892
    1.509437     3.025846
    1.521709     3.024771
    1.533981     3.023659
    1.546253     3.022508
    1.558524     3.021315
    1.570796     3.020082
    1.583068     3.018814
    1.595340     3.017518
    1.607612     3.016201
    1.619884     3.014871
    1.632156     3.013536
    1.644427     3.012202
    1.656699     3.010876
    1.668971     3.009560
    1.681243     3.008258
    1.693515     3.006969
    1.705787     3.005692
    1.718059     3.004429
    1.730330     3.003176
    1.742602     3.001932
    1.754874     3.000694
    1.767146     2.999460
    1.779418     2.998226
    1.791690     2.996988
    1.803962     2.995739
    1.816233     2.994475
    1.828505     2.993190
    1.840777     2.991877
    1.853049     2.990532
    1.865321     2.989152
    1.877593     2.987732
    1.889864     2.986269
    1.902136     2.984761
    1.914408     2.983207
    1.926680     2.981608
    1.938952     2.979963
    1.951224     2.978279
    1.963495     2.976560
    1.975767     2.974815
    1.988039     2.973057
    2.000311     2.971296
    2.012583     2.969547
    2.024855     2.967824
    2.037127     2.966140
    2.049398     2.964508
    2.061670     2.962940
    2.073942     2.961446
    2.086214     2.960036
    2.098486     2.958715
    2.110758     2.957489
    2.123029     2.956362
    2.135301     2.955333
    2.147573     2.954404
    2.159845     2.953574
    2.172117     2.952840
    2.184389     2.952196
    2.196661     2.951639
    2.208932     2.951161
    2.221204     2.950755
    2.233476     2.950413
    2.245748     2.950127
    2.258020     2.949887
    2.270292     2.949690
    2.282563     2.949527
    2.294835     2.949395
    2.307107     2.949292
    2.319379     2.949219
    2.331651     2.949176
    2.343923     2.949168
    2.356194     2.949201
    2.368466     2.949283
    2.380738     2.949422
    2.393010     2.949626
    2.405282     2.949904
    2.417554     2.950262
    2.429826     2.950702
    2.442097     2.951225
    2.454369     2.951830
    2.466641     2.952511
    2.478913     2.953259
    2.491185     2.954062
    2.503457     2.954908
    2.515728     2.955784
    2.528000     2.956676
    2.540272     2.957573
    2.552544     2.958463
    2.564816     2.959337
    2.577088     2.960186
    2.589360     2.961004
    2.601631     2.961783
    2.613903     2.962516
    2.626175     2.963199
    2.638447     2.963826
    2.650719     2.964395
    2.662991     2.964901
    2.675262     2.965344
    2.687534     2.965724
    2.699806     2.966042
    2.712078     2.966302
    2.724350     2.966508
    2.736622     2.966664
    2.748894     2.966776
    2.761165     2.966854
    2.773437     2.966906
    2.785709     2.966943
    2.797981     2.966977
    2.810253     2.967021
    2.822525     2.967084
    2.834797     2.967178
    2.847068     2.967314
    2.859340     2.967500
    2.871612     2.967741
    2.883884     2.968041
    2.896156     2.968403
    2.908428     2.968826
    2.920700     2.969308
    2.932971     2.969843
    2.945243     2.970426
    2.957515     2.971046
    2.969787     2.971694
    2.982059     2.972360
    2.994331     2.973032
    3.006603     2.973701
    3.018874     2.974355
    3.031146     2.974985
    3.043418     2.975580
    3.055690     2.976132
    3.067962     2.976631
    3.080234     2.977069
    3.092505     2.977439
    3.104777     2.977734
    3.117049     2.977949
    3.129321     2.978080
    3.141593     2.978124
