# r flatness
    0.012272     5.051590
    0.024544     4.977052
    0.036816     4.868979
    0.049087     4.743649
    0.061359     4.614292
    0.073631     4.489429
    0.085903     4.373569
    0.098175     4.268578
    0.110447     4.174768
    0.122718     4.091617
    0.134990     4.018205
    0.147262     3.953458
    0.159534     3.896293
    0.171806     3.845686
    0.184078     3.800716
    0.196350     3.760571
    0.208621     3.724555
    0.220893     3.692074
    0.233165     3.662632
    0.245437     3.635819
    0.257709     3.611296
    0.269981     3.588786
    0.282252     3.568062
    0.294524     3.548933
    0.306796     3.531235
    0.319068     3.514821
    0.331340     3.499559
    0.343612     3.485321
    0.355884     3.471987
    0.368155     3.459444
    0.380427     3.447584
    0.392699     3.436309
    0.404971     3.425529
    0.417243     3.415166
    0.429515     3.405153
    0.441786     3.395431
    0.454058     3.385955
    0.466330     3.376691
    0.478602     3.367613
    0.490874     3.358704
    0.503146     3.349952
    0.515418     3.341350
    0.527689     3.332892
    0.539961     3.324570
    0.552233     3.316379
    0.564505     3.308312
    0.576777     3.300362
    0.589049     3.292521
    0.601321     3.284783
    0.613592     3.277144
    0.625864     3.269600
    0.638136     3.262148
    0.650408     3.254789
    0.662680     3.247523
    0.674952     3.240355
    0.687223     3.233292
    0.699495     3.226341
    0.711767     3.219512
    0.724039     3.212817
    0.736311     3.206267
    0.748583     3.199872
    0.760854     3.193642
    0.773126     3.187584
    0.785398     3.181703
    0.797670     3.176000
    0.809942     3.170476
    0.822214     3.165125
    0.834486     3.159944
    0.846757     3.154926
    0.859029     3.150064
    0.871301     3.145351
    0.883573     3.140784
    0.895845     3.136353
    0.908117     3.132054
    0.920389     3.127879
    0.932660     3.123821
    0.944932     3.119871
    0.957204     3.116022
    0.969476     3.112264
    0.981748     3.108588
    0.994020     3.104981
    1.006291     3.101432
    1.018563     3.097927
    1.030835     3.094453
    1.043107     3.090998
    1.055379     3.087550
    1.067651     3.084097
    1.079923     3.080628
    1.092194     3.077135
    1.104466     3.073608
    1.116738     3.070038
    1.129010     3.066418
    1.141282     3.062743
    1.153554     3.059011
    1.165825     3.055218
    1.178097     3.051368
    1.190369     3.047462
    1.202641     3.043508
    1.214913     3.039510
    1.227185     3.035476
    1.239457     3.031415
    1.251728     3.027334
    1.264000     3.023237
    1.276272     3.019129
    1.288544     3.015013
    1.300816     3.010891
    1.313088     3.006763
    1.325359     3.002631
    1.337631     2.998498
    1.349903     2.994361
    1.362175     2.990225
    1.374447     2.986090
    1.386719     2.981960
    1.398991     2.977838
    1.411262     2.973731
    1.423534     2.969646
    1.435806     2.965594
    1.448078     2.961588
    1.460350     2.957642
    1.472622     2.953773
    1.484893     2.949997
    1.497165     2.946328
    1.509437     2.942782
    1.521709     2.939371
    1.533981     2.936103
    1.546253     2.932984
    1.558524     2.930018
    1.570796     2.927203
    1.583068     2.924536
    1.595340     2.922015
    1.607612     2.919633
    1.619884     2.917385
    1.632156     2.915264
    1.644427     2.913261
    1.656699     2.911370
    1.668971     2.909580
    1.681243     2.907884
    1.693515     2.906269
    1.705787     2.904726
    1.718059     2.903244
    1.730330     2.901814
    1.742602     2.900424
    1.754874     2.899067
    1.767146     2.897735
    1.779418     2.896421
    1.791690     2.895120
    1.803962     2.893826
    1.816233     2.892539
    1.828505     2.891257
    1.840777     2.889980
    1.853049     2.888712
    1.865321     2.887457
    1.877593     2.886221
    1.889864     2.885012
    1.902136     2.883838
    1.914408     2.882707
    1.926680     2.881626
    1.938952     2.880605
    1.951224     2.879650
    1.963495     2.878766
    1.975767     2.877958
    1.988039     2.877231
    2.000311     2.876586
    2.012583     2.876025
    2.024855     2.875549
    2.037127     2.875155
    2.049398     2.874841
    2.061670     2.874601
    2.073942     2.874429
    2.086214     2.874319
    2.098486     2.874264
    2.110758     2.874254
    2.123029     2.874284
    2.135301     2.874348
    2.147573     2.874441
    2.159845     2.874561
    2.172117     2.874705
    2.184389     2.874872
    2.196661     2.875061
    2.208932     2.875272
    2.221204     2.875501
    2.233476     2.875747
    2.245748     2.876004
    2.258020     2.876269
    2.270292     2.876534
    2.282563     2.876796
    2.294835     2.877045
    2.307107     2.877277
    2.319379     2.877486
    2.331651     2.877668
    2.343923     2.877820
    2.356194     2.877941
    2.368466     2.878026
    2.380738     2.878076
    2.393010     2.878086
    2.405282     2.878058
    2.417554     2.877990
    2.429826     2.877880
    2.442097     2.877730
    2.454369     2.877541
    2.466641     2.877315
    2.478913     2.877058
    2.491185     2.876778
    2.503457     2.876482
    2.515728     2.876180
    2.528000     2.875881
    2.540272     2.875592
    2.552544     2.875320
    2.564816     2.875067
    2.577088     2.874833
    2.589360     2.874619
    2.601631     2.874418
    2.613903     2.874226
    2.626175     2.874036
    2.638447     2.873840
    2.650719     2.873632
    2.662991     2.873406
    2.675262     2.873157
    2.687534     2.872881
    2.699806     2.872578
    2.712078     2.872247
    2.724350     2.871890
    2.736622     2.871513
    2.748894     2.871120
    2.761165     2.870718
    2.773437     2.870316
    2.785709     2.869921
    2.797981     2.869545
    2.810253     2.869196
    2.822525     2.868882
    2.834797     2.868612
    2.847068     2.868391
    2.859340     2.868225
    2.871612     2.868118
    2.883884     2.868071
    2.896156     2.868085
    2.908428     2.868158
    2.920700     2.868285
    2.932971     2.868462
    2.945243     2.868678
    2.957515     2.868928
    2.969787     2.869200
    2.982059     2.869486
    2.994331     2.869777
    3.006603     2.870064
    3.018874     2.870344
    3.031146     2.870610
    3.043418     2.870858
    3.055690     2.871087
    3.067962     2.871292
    3.080234     2.871473
    3.092505     2.871624
    3.104777     2.871746
    3.117049     2.871835
    3.129321     2.871890
    3.141593     2.871908
