# r flatness
    0.012272     5.298451
    0.024544     5.219582
    0.036816     5.104295
    0.049087     4.969248
    0.061359     4.828363
    0.073631     4.690881
    0.085903     4.561862
    0.098175     4.443529
    0.110447     4.336442
    0.122718     4.240263
    0.134990     4.154212
    0.147262     4.077335
    0.159534     4.008636
    0.171806     3.947169
    0.184078     3.892058
    0.196350     3.842520
    0.208621     3.797857
    0.220893     3.757453
    0.233165     3.720765
    0.245437     3.687312
    0.257709     3.656665
    0.269981     3.628441
    0.282252     3.602297
    0.294524     3.577932
    0.306796     3.555083
    0.319068     3.533527
    0.331340     3.513086
    0.343612     3.493615
    0.355884     3.475007
    0.368155     3.457183
    0.380427     3.440084
    0.392699     3.423669
    0.404971     3.407907
    0.417243     3.392775
    0.429515     3.378258
    0.441786     3.364341
    0.454058     3.351014
    0.466330     3.338266
    0.478602     3.326082
    0.490874     3.314447
    0.503146     3.303342
    0.515418     3.292745
    0.527689     3.282634
    0.539961     3.272984
    0.552233     3.263774
    0.564505     3.254984
    0.576777     3.246594
    0.589049     3.238591
    0.601321     3.230960
    0.613592     3.223689
    0.625864     3.216765
    0.638136     3.210180
    0.650408     3.203925
    0.662680     3.197991
    0.674952     3.192371
    0.687223     3.187055
    0.699495     3.182037
    0.711767     3.177306
    0.724039     3.172852
    0.736311     3.168663
    0.748583     3.164722
    0.760854     3.161016
    0.773126     3.157522
    0.785398     3.154220
    0.797670     3.151084
    0.809942     3.148092
    0.822214     3.145214
    0.834486     3.142430
    0.846757     3.139713
    0.859029     3.137043
    0.871301     3.134399
    0.883573     3.131765
    0.895845     3.129124
    0.908117     3.126464
    0.920389     3.123771
    0.932660     3.121038
    0.944932     3.118254
    0.957204     3.115416
    0.969476     3.112519
    0.981748     3.109566
    0.994020     3.106560
    1.006291     3.103510
    1.018563     3.100428
    1.030835     3.097327
    1.043107     3.094226
    1.055379     3.091141
    1.067651     3.088087
    1.079923     3.085080
    1.092194     3.082133
    1.104466     3.079256
    1.116738     3.076456
    1.129010     3.073740
    1.141282     3.071109
    1.153554     3.068563
    1.165825     3.066099
    1.178097     3.063713
    1.190369     3.061395
    1.202641     3.059139
    1.214913     3.056932
    1.227185     3.054767
    1.239457     3.052633
    1.251728     3.050522
    1.264000     3.048425
    1.276272     3.046338
    1.288544     3.044255
    1.300816     3.042173
    1.313088     3.040090
    1.325359     3.038004
    1.337631     3.035917
    1.349903     3.033829
    1.362175     3.031745
    1.374447     3.029665
    1.386719     3.027593
    1.398991     3.025532
    1.411262     3.023482
    1.423534     3.021447
    1.435806     3.019429
    1.448078     3.017429
    1.460350     3.015452
    1.472622     3.013501
    1.484893     3.011580
    1.497165     3.009692
    1.509437     3.007846
    1.521709     3.006041
    1.533981     3.004284
    1.546253     3.002577
    1.558524     3.000924
    1.570796     2.999329
    1.583068     2.997792
    1.595340     2.996317
    1.607612     2.994905
    1.619884     2.993556
    1.632156     2.992271
    1.644427     2.991048
    1.656699     2.989885
    1.668971     2.988779
    1.681243     2.987727
    1.693515     2.986725
    1.705787     2.985767
    1.718059     2.984846
    1.730330     2.983956
    1.742602     2.983089
    1.754874     2.982234
    1.767146     2.981381
    1.779418     2.980520
    1.791690     2.979641
    1.803962     2.978734
    1.816233     2.977794
    1.828505     2.976814
    1.840777     2.975791
    1.853049     2.974724
    1.865321     2.973609
    1.877593     2.972449
    1.889864     2.971243
    1.902136     2.969993
    1.914408     2.968701
    1.926680     2.967371
    1.938952     2.966007
    1.951224     2.964611
    1.963495     2.963190
    1.975767     2.961748
    1.988039     2.960292
    2.000311     2.958828
    2.012583     2.957362
    2.024855     2.955900
    2.037127     2.954451
    2.049398     2.953017
    2.061670     2.951605
    2.073942     2.950217
    2.086214     2.948854
    2.098486     2.947515
    2.110758     2.946198
    2.123029     2.944896
    2.135301     2.943605
    2.147573     2.942322
    2.159845     2.941041
    2.172117     2.939762
    2.184389     2.938485
    2.196661     2.937212
    2.208932     2.935947
    2.221204     2.934695
    2.233476     2.933460
    2.245748     2.932250
    2.258020     2.931070
    2.270292     2.929926
    2.282563     2.928822
    2.294835     2.927762
    2.307107     2.926748
    2.319379     2.925782
    2.331651     2.924862
    2.343923     2.923985
    2.356194     2.923149
    2.368466     2.922349
    2.380738     2.921578
    2.393010     2.920832
    2.405282     2.920104
    2.417554     2.919388
    2.429826     2.918679
    2.442097     2.917970
    2.454369     2.917257
    2.466641     2.916536
    2.478913     2.915800
    2.491185     2.915046
    2.503457     2.914272
    2.515728     2.913473
    2.528000     2.912650
    2.540272     2.911803
    2.552544     2.910932
    2.564816     2.910040
    2.577088     2.909131
    2.589360     2.908210
    2.601631     2.907285
    2.613903     2.906361
    2.626175     2.905446
    2.638447     2.904549
    2.650719     2.903677
    2.662991     2.902837
    2.675262     2.902036
    2.687534     2.901278
    2.699806     2.900569
    2.712078     2.899908
    2.724350     2.899300
    2.736622     2.898742
    2.748894     2.898235
    2.761165     2.897779
    2.773437     2.897374
    2.785709     2.897019
    2.797981     2.896715
    2.810253     2.896461
    2.822525     2.896257
    2.834797     2.896101
    2.847068     2.895990
    2.859340     2.895920
    2.871612     2.895886
    2.883884     2.895884
    2.896156     2.895906
    2.908428     2.895946
    2.920700     2.895998
    2.932971     2.896054
    2.945243     2.896109
    2.957515     2.896156
    2.969787     2.896192
    2.982059     2.896212
    2.994331     2.896213
    3.006603     2.896196
    3.018874     2.896159
    3.031146     2.896107
    3.043418     2.896040
    3.055690     2.895965
    3.067962     2.895885
    3.080234     2.895808
    3.092505     2.895738
    3.104777     2.895679
    3.117049     2.895635
    3.129321     2.895607
    3.141593     2.895597
