# r flatness
    0.012272     5.048111
    0.024544     4.974393
    0.036816     4.866877
    0.049087     4.741427
    0.061359     4.611288
    0.073631     4.485157
    0.085903     4.367633
    0.098175     4.260538
    0.110447     4.164107
    0.122718     4.077768
    0.134990     4.000591
    0.147262     3.931534
    0.159534     3.869576
    0.171806     3.813782
    0.184078     3.763325
    0.196350     3.717499
    0.208621     3.675704
    0.220893     3.637439
    0.233165     3.602283
    0.245437     3.569873
    0.257709     3.539903
    0.269981     3.512102
    0.282252     3.486240
    0.294524     3.462115
    0.306796     3.439553
    0.319068     3.418407
    0.331340     3.398551
    0.343612     3.379878
    0.355884     3.362302
    0.368155     3.345748
    0.380427     3.330154
    0.392699     3.315468
    0.404971     3.301639
    0.417243     3.288623
    0.429515     3.276376
    0.441786     3.264851
    0.454058     3.254003
    0.466330     3.243783
    0.478602     3.234142
    0.490874     3.225030
    0.503146     3.216402
    0.515418     3.208211
    0.527689     3.200415
    0.539961     3.192971
    0.552233     3.185843
    0.564505     3.178995
    0.576777     3.172394
    0.589049     3.166009
    0.601321     3.159813
    0.613592     3.153779
    0.625864     3.147882
    0.638136     3.142099
    0.650408     3.136410
    0.662680     3.130795
    0.674952     3.125241
    0.687223     3.119738
    0.699495     3.114280
    0.711767     3.108867
    0.724039     3.103503
    0.736311     3.098198
    0.748583     3.092965
    0.760854     3.087817
    0.773126     3.082776
    0.785398     3.077857
    0.797670     3.073080
    0.809942     3.068463
    0.822214     3.064017
    0.834486     3.059755
    0.846757     3.055684
    0.859029     3.051806
    0.871301     3.048124
    0.883573     3.044633
    0.895845     3.041327
    0.908117     3.038198
    0.920389     3.035231
    0.932660     3.032413
    0.944932     3.029724
    0.957204     3.027150
    0.969476     3.024671
    0.981748     3.022270
    0.994020     3.019935
    1.006291     3.017654
    1.018563     3.015421
    1.030835     3.013229
    1.043107     3.011073
    1.055379     3.008948
    1.067651     3.006848
    1.079923     3.004767
    1.092194     3.002694
    1.104466     3.000622
    1.116738     2.998538
    1.129010     2.996432
    1.141282     2.994297
    1.153554     2.992127
    1.165825     2.989918
    1.178097     2.987672
    1.190369     2.985390
    1.202641     2.983079
    1.214913     2.980745
    1.227185     2.978399
    1.239457     2.976049
    1.251728     2.973708
    1.264000     2.971388
    1.276272     2.969100
    1.288544     2.966856
    1.300816     2.964666
    1.313088     2.962539
    1.325359     2.960482
    1.337631     2.958498
    1.349903     2.956592
    1.362175     2.954764
    1.374447     2.953017
    1.386719     2.951351
    1.398991     2.949767
    1.411262     2.948263
    1.423534     2.946842
    1.435806     2.945501
    1.448078     2.944240
    1.460350     2.943058
    1.472622     2.941957
    1.484893     2.940935
    1.497165     2.939996
    1.509437     2.939139
    1.521709     2.938368
    1.533981     2.937683
    1.546253     2.937085
    1.558524     2.936574
    1.570796     2.936148
    1.583068     2.935804
    1.595340     2.935539
    1.607612     2.935353
    1.619884     2.935239
    1.632156     2.935196
    1.644427     2.935221
    1.656699     2.935310
    1.668971     2.935458
    1.681243     2.935661
    1.693515     2.935908
    1.705787     2.936193
    1.718059     2.936505
    1.730330     2.936834
    1.742602     2.937170
    1.754874     2.937502
    1.767146     2.937822
    1.779418     2.938123
    1.791690     2.938396
    1.803962     2.938640
    1.816233     2.938847
    1.828505     2.939016
    1.840777     2.939146
    1.853049     2.939234
    1.865321     2.939282
    1.877593     2.939289
    1.889864     2.939255
    1.902136     2.939180
    1.914408     2.939065
    1.926680     2.938908
    1.938952     2.938710
    1.951224     2.938473
    1.963495     2.938195
    1.975767     2.937876
    1.988039     2.937518
    2.000311     2.937119
    2.012583     2.936677
    2.024855     2.936189
    2.037127     2.935650
    2.049398     2.935059
    2.061670     2.934412
    2.073942     2.933708
    2.086214     2.932948
    2.098486     2.932133
    2.110758     2.931267
    2.123029     2.930354
    2.135301     2.929403
    2.147573     2.928419
    2.159845     2.927414
    2.172117     2.926397
    2.184389     2.925378
    2.196661     2.924367
    2.208932     2.923375
    2.221204     2.922410
    2.233476     2.921480
    2.245748     2.920591
    2.258020     2.919750
    2.270292     2.918960
    2.282563     2.918227
    2.294835     2.917554
    2.307107     2.916942
    2.319379     2.916393
    2.331651     2.915910
    2.343923     2.915490
    2.356194     2.915134
    2.368466     2.914840
    2.380738     2.914605
    2.393010     2.914426
    2.405282     2.914297
    2.417554     2.914213
    2.429826     2.914166
    2.442097     2.914145
    2.454369     2.914141
    2.466641     2.914140
    2.478913     2.914127
    2.491185     2.914090
    2.503457     2.914012
    2.515728     2.913878
    2.528000     2.913673
    2.540272     2.913383
    2.552544     2.912996
    2.564816     2.912502
    2.577088     2.911894
    2.589360     2.911169
    2.601631     2.910329
    2.613903     2.909376
    2.626175     2.908319
    2.638447     2.907165
    2.650719     2.905926
    2.662991     2.904614
    2.675262     2.903239
    2.687534     2.901817
    2.699806     2.900360
    2.712078     2.898879
    2.724350     2.897388
    2.736622     2.895897
    2.748894     2.894418
    2.761165     2.892960
    2.773437     2.891535
    2.785709     2.890149
    2.797981     2.888813
    2.810253     2.887533
    2.822525     2.886316
    2.834797     2.885169
    2.847068     2.884096
    2.859340     2.883102
    2.871612     2.882188
    2.883884     2.881355
    2.896156     2.880605
    2.908428     2.879936
    2.920700     2.879346
    2.932971     2.878832
    2.945243     2.878393
    2.957515     2.878022
    2.969787     2.877720
    2.982059     2.877480
    2.994331     2.877299
    3.006603     2.877171
    3.018874     2.877091
    3.031146     2.877051
    3.043418     2.877044
    3.055690     2.877061
    3.067962     2.877093
    3.080234     2.877132
    3.092505     2.877171
    3.104777     2.877206
    3.117049     2.877232
    3.129321     2.877248
    3.141593     2.877254
