# r flatness
    0.012272     5.029824
    0.024544     4.956289
    0.036816     4.849148
    0.049087     4.724308
    0.061359     4.595045
    0.073631     4.470068
    0.085903     4.353976
    0.098175     4.248560
    0.110447     4.153999
    0.122718     4.069645
    0.134990     3.994485
    0.147262     3.927409
    0.159534     3.867345
    0.171806     3.813328
    0.184078     3.764522
    0.196350     3.720225
    0.208621     3.679854
    0.220893     3.642930
    0.233165     3.609051
    0.245437     3.577879
    0.257709     3.549114
    0.269981     3.522499
    0.282252     3.497797
    0.294524     3.474803
    0.306796     3.453337
    0.319068     3.433242
    0.331340     3.414386
    0.343612     3.396657
    0.355884     3.379957
    0.368155     3.364203
    0.380427     3.349317
    0.392699     3.335224
    0.404971     3.321854
    0.417243     3.309139
    0.429515     3.297016
    0.441786     3.285428
    0.454058     3.274323
    0.466330     3.263651
    0.478602     3.253375
    0.490874     3.243457
    0.503146     3.233866
    0.515418     3.224575
    0.527689     3.215560
    0.539961     3.206802
    0.552233     3.198288
    0.564505     3.190005
    0.576777     3.181951
    0.589049     3.174121
    0.601321     3.166518
    0.613592     3.159142
    0.625864     3.151993
    0.638136     3.145070
    0.650408     3.138368
    0.662680     3.131878
    0.674952     3.125590
    0.687223     3.119492
    0.699495     3.113571
    0.711767     3.107817
    0.724039     3.102214
    0.736311     3.096754
    0.748583     3.091425
    0.760854     3.086220
    0.773126     3.081130
    0.785398     3.076152
    0.797670     3.071281
    0.809942     3.066518
    0.822214     3.061861
    0.834486     3.057312
    0.846757     3.052871
    0.859029     3.048539
    0.871301     3.044316
    0.883573     3.040197
    0.895845     3.036180
    0.908117     3.032257
    0.920389     3.028421
    0.932660     3.024666
    0.944932     3.020983
    0.957204     3.017366
    0.969476     3.013809
    0.981748     3.010307
    0.994020     3.006859
    1.006291     3.003462
    1.018563     3.000115
    1.030835     2.996819
    1.043107     2.993575
    1.055379     2.990382
    1.067651     2.987242
    1.079923     2.984159
    1.092194     2.981135
    1.104466     2.978175
    1.116738     2.975284
    1.129010     2.972466
    1.141282     2.969724
    1.153554     2.967065
    1.165825     2.964492
    1.178097     2.962009
    1.190369     2.959620
    1.202641     2.957330
    1.214913     2.955142
    1.227185     2.953064
    1.239457     2.951101
    1.251728     2.949261
    1.264000     2.947552
    1.276272     2.945981
    1.288544     2.944554
    1.300816     2.943276
    1.313088     2.942151
    1.325359     2.941175
    1.337631     2.940349
    1.349903     2.939664
    1.362175     2.939112
    1.374447     2.938684
    1.386719     2.938369
    1.398991     2.938155
    1.411262     2.938032
    1.423534     2.937990
    1.435806     2.938019
    1.448078     2.938107
    1.460350     2.938246
    1.472622     2.938423
    1.484893     2.938627
    1.497165     2.938844
    1.509437     2.939061
    1.521709     2.939262
    1.533981     2.939432
    1.546253     2.939560
    1.558524     2.939632
    1.570796     2.939643
    1.583068     2.939587
    1.595340     2.939466
    1.607612     2.939283
    1.619884     2.939043
    1.632156     2.938754
    1.644427     2.938419
    1.656699     2.938047
    1.668971     2.937640
    1.681243     2.937204
    1.693515     2.936744
    1.705787     2.936263
    1.718059     2.935767
    1.730330     2.935259
    1.742602     2.934742
    1.754874     2.934220
    1.767146     2.933695
    1.779418     2.933170
    1.791690     2.932647
    1.803962     2.932128
    1.816233     2.931617
    1.828505     2.931116
    1.840777     2.930629
    1.853049     2.930161
    1.865321     2.929718
    1.877593     2.929306
    1.889864     2.928935
    1.902136     2.928615
    1.914408     2.928352
    1.926680     2.928158
    1.938952     2.928036
    1.951224     2.927992
    1.963495     2.928026
    1.975767     2.928140
    1.988039     2.928327
    2.000311     2.928582
    2.012583     2.928898
    2.024855     2.929265
    2.037127     2.929672
    2.049398     2.930110
    2.061670     2.930567
    2.073942     2.931031
    2.086214     2.931496
    2.098486     2.931949
    2.110758     2.932385
    2.123029     2.932795
    2.135301     2.933173
    2.147573     2.933515
    2.159845     2.933816
    2.172117     2.934074
    2.184389     2.934288
    2.196661     2.934461
    2.208932     2.934594
    2.221204     2.934694
    2.233476     2.934765
    2.245748     2.934814
    2.258020     2.934847
    2.270292     2.934867
    2.282563     2.934878
    2.294835     2.934880
    2.307107     2.934874
    2.319379     2.934858
    2.331651     2.934830
    2.343923     2.934787
    2.356194     2.934726
    2.368466     2.934645
    2.380738     2.934539
    2.393010     2.934407
    2.405282     2.934246
    2.417554     2.934051
    2.429826     2.933821
    2.442097     2.933554
    2.454369     2.933251
    2.466641     2.932913
    2.478913     2.932543
    2.491185     2.932147
    2.503457     2.931730
    2.515728     2.931299
    2.528000     2.930860
    2.540272     2.930417
    2.552544     2.929977
    2.564816     2.929540
    2.577088     2.929109
    2.589360     2.928684
    2.601631     2.928264
    2.613903     2.927844
    2.626175     2.927420
    2.638447     2.926986
    2.650719     2.926536
    2.662991     2.926064
    2.675262     2.925566
    2.687534     2.925036
    2.699806     2.924474
    2.712078     2.923878
    2.724350     2.923252
    2.736622     2.922597
    2.748894     2.921916
    2.761165     2.921215
    2.773437     2.920495
    2.785709     2.919761
    2.797981     2.919014
    2.810253     2.918258
    2.822525     2.917494
    2.834797     2.916723
    2.847068     2.915945
    2.859340     2.915163
    2.871612     2.914379
    2.883884     2.913595
    2.896156     2.912815
    2.908428     2.912043
    2.920700     2.911286
    2.932971     2.910548
    2.945243     2.909837
    2.957515     2.909160
    2.969787     2.908524
    2.982059     2.907935
    2.994331     2.907401
    3.006603     2.906926
    3.018874     2.906514
    3.031146     2.906166
    3.043418     2.905878
    3.055690     2.905647
    3.067962     2.905467
    3.080234     2.905332
    3.092505     2.905234
    3.104777     2.905166
    3.117049     2.905123
    3.129321     2.905099
    3.141593     2.905091
