# r flatness
    0.012272     5.120362
    0.024544     5.046980
    0.036816     4.939637
    0.049087     4.813805
    0.061359     4.682465
    0.073631     4.554235
    0.085903     4.433785
    0.098175     4.323079
    0.110447     4.222526
    0.122718     4.131752
    0.134990     4.050035
    0.147262     3.976550
    0.159534     3.910471
    0.171806     3.851019
    0.184078     3.797468
    0.196350     3.749156
    0.208621     3.705483
    0.220893     3.665910
    0.233165     3.629962
    0.245437     3.597225
    0.257709     3.567345
    0.269981     3.540012
    0.282252     3.514957
    0.294524     3.491940
    0.306796     3.470741
    0.319068     3.451158
    0.331340     3.433009
    0.343612     3.416126
    0.355884     3.400356
    0.368155     3.385563
    0.380427     3.371619
    0.392699     3.358413
    0.404971     3.345839
    0.417243     3.333803
    0.429515     3.322227
    0.441786     3.311042
    0.454058     3.300189
    0.466330     3.289629
    0.478602     3.279326
    0.490874     3.269262
    0.503146     3.259423
    0.515418     3.249802
    0.527689     3.240398
    0.539961     3.231211
    0.552233     3.222244
    0.564505     3.213500
    0.576777     3.204984
    0.589049     3.196699
    0.601321     3.188649
    0.613592     3.180836
    0.625864     3.173261
    0.638136     3.165923
    0.650408     3.158818
    0.662680     3.151942
    0.674952     3.145286
    0.687223     3.138843
    0.699495     3.132604
    0.711767     3.126566
    0.724039     3.120724
    0.736311     3.115081
    0.748583     3.109637
    0.760854     3.104399
    0.773126     3.099370
    0.785398     3.094555
    0.797670     3.089953
    0.809942     3.085564
    0.822214     3.081385
    0.834486     3.077412
    0.846757     3.073640
    0.859029     3.070064
    0.871301     3.066679
    0.883573     3.063483
    0.895845     3.060469
    0.908117     3.057633
    0.920389     3.054968
    0.932660     3.052464
    0.944932     3.050106
    0.957204     3.047882
    0.969476     3.045771
    0.981748     3.043757
    0.994020     3.041820
    1.006291     3.039943
    1.018563     3.038111
    1.030835     3.036310
    1.043107     3.034530
    1.055379     3.032763
    1.067651     3.031005
    1.079923     3.029251
    1.092194     3.027503
    1.104466     3.025761
    1.116738     3.024030
    1.129010     3.022311
    1.141282     3.020607
    1.153554     3.018918
    1.165825     3.017245
    1.178097     3.015586
    1.190369     3.013938
    1.202641     3.012299
    1.214913     3.010664
    1.227185     3.009031
    1.239457     3.007398
    1.251728     3.005764
    1.264000     3.004130
    1.276272     3.002496
    1.288544     3.000862
    1.300816     2.999230
    1.313088     2.997601
    1.325359     2.995974
    1.337631     2.994350
    1.349903     2.992731
    1.362175     2.991121
    1.374447     2.989524
    1.386719     2.987946
    1.398991     2.986397
    1.411262     2.984884
    1.423534     2.983418
    1.435806     2.982007
    1.448078     2.980658
    1.460350     2.979377
    1.472622     2.978167
    1.484893     2.977029
    1.497165     2.975964
    1.509437     2.974971
    1.521709     2.974049
    1.533981     2.973198
    1.546253     2.972418
    1.558524     2.971708
    1.570796     2.971066
    1.583068     2.970491
    1.595340     2.969976
    1.607612     2.969517
    1.619884     2.969108
    1.632156     2.968739
    1.644427     2.968404
    1.656699     2.968095
    1.668971     2.967805
    1.681243     2.967525
    1.693515     2.967251
    1.705787     2.966976
    1.718059     2.966694
    1.730330     2.966402
    1.742602     2.966094
    1.754874     2.965768
    1.767146     2.965420
    1.779418     2.965049
    1.791690     2.964652
    1.803962     2.964231
    1.816233     2.963784
    1.828505     2.963312
    1.840777     2.962816
    1.853049     2.962301
    1.865321     2.961772
    1.877593     2.961236
    1.889864     2.960703
    1.902136     2.960185
    1.914408     2.959695
    1.926680     2.959246
    1.938952     2.958852
    1.951224     2.958528
    1.963495     2.958286
    1.975767     2.958138
    1.988039     2.958094
    2.000311     2.958163
    2.012583     2.958350
    2.024855     2.958660
    2.037127     2.959093
    2.049398     2.959651
    2.061670     2.960333
    2.073942     2.961135
    2.086214     2.962053
    2.098486     2.963084
    2.110758     2.964223
    2.123029     2.965464
    2.135301     2.966800
    2.147573     2.968224
    2.159845     2.969728
    2.172117     2.971302
    2.184389     2.972936
    2.196661     2.974618
    2.208932     2.976334
    2.221204     2.978070
    2.233476     2.979813
    2.245748     2.981547
    2.258020     2.983258
    2.270292     2.984936
    2.282563     2.986567
    2.294835     2.988145
    2.307107     2.989666
    2.319379     2.991127
    2.331651     2.992532
    2.343923     2.993883
    2.356194     2.995186
    2.368466     2.996448
    2.380738     2.997674
    2.393010     2.998872
    2.405282     3.000047
    2.417554     3.001205
    2.429826     3.002348
    2.442097     3.003476
    2.454369     3.004590
    2.466641     3.005688
    2.478913     3.006767
    2.491185     3.007822
    2.503457     3.008852
    2.515728     3.009850
    2.528000     3.010814
    2.540272     3.011738
    2.552544     3.012619
    2.564816     3.013453
    2.577088     3.014234
    2.589360     3.014963
    2.601631     3.015635
    2.613903     3.016249
    2.626175     3.016804
    2.638447     3.017295
    2.650719     3.017722
    2.662991     3.018083
    2.675262     3.018375
    2.687534     3.018595
    2.699806     3.018740
    2.712078     3.018809
    2.724350     3.018799
    2.736622     3.018708
    2.748894     3.018535
    2.761165     3.018280
    2.773437     3.017941
    2.785709     3.017520
    2.797981     3.017016
    2.810253     3.016433
    2.822525     3.015770
    2.834797     3.015034
    2.847068     3.014225
    2.859340     3.013350
    2.871612     3.012416
    2.883884     3.011427
    2.896156     3.010394
    2.908428     3.009325
    2.920700     3.008230
    2.932971     3.007120
    2.945243     3.006004
    2.957515     3.004893
    2.969787     3.003796
    2.982059     3.002720
    2.994331     3.001674
    3.006603     3.000668
    3.018874     2.999708
    3.031146     2.998803
    3.043418     2.997959
    3.055690     2.997187
    3.067962     2.996494
    3.080234     2.995889
    3.092505     2.995380
    3.104777     2.994974
    3.117049     2.994679
    3.129321     2.994499
    3.141593     2.994439
