# r flatness
    0.012272     5.188914
    0.024544     5.110581
    0.036816     4.997074
    0.049087     4.865472
    0.061359     4.729578
    0.073631     4.598195
    0.085903     4.475895
    0.098175     4.364481
    0.110447     4.264195
    0.122718     4.174493
    0.134990     4.094486
    0.147262     4.023172
    0.159534     3.959551
    0.171806     3.902678
    0.184078     3.851692
    0.196350     3.805815
    0.208621     3.764355
    0.220893     3.726701
    0.233165     3.692319
    0.245437     3.660742
    0.257709     3.631565
    0.269981     3.604440
    0.282252     3.579072
    0.294524     3.555209
    0.306796     3.532645
    0.319068     3.511208
    0.331340     3.490759
    0.343612     3.471188
    0.355884     3.452410
    0.368155     3.434359
    0.380427     3.416987
    0.392699     3.400259
    0.404971     3.384148
    0.417243     3.368634
    0.429515     3.353698
    0.441786     3.339319
    0.454058     3.325473
    0.466330     3.312135
    0.478602     3.299273
    0.490874     3.286859
    0.503146     3.274864
    0.515418     3.263262
    0.527689     3.252029
    0.539961     3.241143
    0.552233     3.230585
    0.564505     3.220338
    0.576777     3.210384
    0.589049     3.200709
    0.601321     3.191300
    0.613592     3.182150
    0.625864     3.173250
    0.638136     3.164599
    0.650408     3.156199
    0.662680     3.148048
    0.674952     3.140152
    0.687223     3.132511
    0.699495     3.125127
    0.711767     3.118001
    0.724039     3.111134
    0.736311     3.104522
    0.748583     3.098163
    0.760854     3.092054
    0.773126     3.086189
    0.785398     3.080563
    0.797670     3.075170
    0.809942     3.070009
    0.822214     3.065078
    0.834486     3.060372
    0.846757     3.055893
    0.859029     3.051638
    0.871301     3.047604
    0.883573     3.043786
    0.895845     3.040177
    0.908117     3.036770
    0.920389     3.033553
    0.932660     3.030516
    0.944932     3.027645
    0.957204     3.024927
    0.969476     3.022348
    0.981748     3.019893
    0.994020     3.017546
    1.006291     3.015296
    1.018563     3.013128
    1.030835     3.011032
    1.043107     3.008998
    1.055379     3.007017
    1.067651     3.005084
    1.079923     3.003190
    1.092194     3.001330
    1.104466     2.999499
    1.116738     2.997692
    1.129010     2.995903
    1.141282     2.994125
    1.153554     2.992352
    1.165825     2.990576
    1.178097     2.988793
    1.190369     2.986998
    1.202641     2.985187
    1.214913     2.983358
    1.227185     2.981511
    1.239457     2.979644
    1.251728     2.977755
    1.264000     2.975845
    1.276272     2.973914
    1.288544     2.971965
    1.300816     2.969997
    1.313088     2.968014
    1.325359     2.966021
    1.337631     2.964020
    1.349903     2.962016
    1.362175     2.960012
    1.374447     2.958011
    1.386719     2.956017
    1.398991     2.954032
    1.411262     2.952059
    1.423534     2.950103
    1.435806     2.948170
    1.448078     2.946264
    1.460350     2.944393
    1.472622     2.942566
    1.484893     2.940791
    1.497165     2.939080
    1.509437     2.937443
    1.521709     2.935891
    1.533981     2.934432
    1.546253     2.933074
    1.558524     2.931821
    1.570796     2.930677
    1.583068     2.929645
    1.595340     2.928724
    1.607612     2.927915
    1.619884     2.927218
    1.632156     2.926632
    1.644427     2.926159
    1.656699     2.925798
    1.668971     2.925550
    1.681243     2.925415
    1.693515     2.925393
    1.705787     2.925485
    1.718059     2.925691
    1.730330     2.926013
    1.742602     2.926450
    1.754874     2.927002
    1.767146     2.927668
    1.779418     2.928447
    1.791690     2.929337
    1.803962     2.930335
    1.816233     2.931439
    1.828505     2.932645
    1.840777     2.933947
    1.853049     2.935339
    1.865321     2.936816
    1.877593     2.938374
    1.889864     2.940005
    1.902136     2.941704
    1.914408     2.943465
    1.926680     2.945283
    1.938952     2.947147
    1.951224     2.949049
    1.963495     2.950975
    1.975767     2.952911
    1.988039     2.954841
    2.000311     2.956749
    2.012583     2.958619
    2.024855     2.960437
    2.037127     2.962187
    2.049398     2.963859
    2.061670     2.965444
    2.073942     2.966937
    2.086214     2.968334
    2.098486     2.969636
    2.110758     2.970846
    2.123029     2.971971
    2.135301     2.973021
    2.147573     2.974004
    2.159845     2.974931
    2.172117     2.975814
    2.184389     2.976661
    2.196661     2.977481
    2.208932     2.978280
    2.221204     2.979061
    2.233476     2.979827
    2.245748     2.980577
    2.258020     2.981311
    2.270292     2.982024
    2.282563     2.982713
    2.294835     2.983375
    2.307107     2.984008
    2.319379     2.984609
    2.331651     2.985176
    2.343923     2.985710
    2.356194     2.986208
    2.368466     2.986672
    2.380738     2.987102
    2.393010     2.987500
    2.405282     2.987869
    2.417554     2.988214
    2.429826     2.988540
    2.442097     2.988850
    2.454369     2.989147
    2.466641     2.989430
    2.478913     2.989700
    2.491185     2.989954
    2.503457     2.990190
    2.515728     2.990404
    2.528000     2.990596
    2.540272     2.990765
    2.552544     2.990911
    2.564816     2.991036
    2.577088     2.991142
    2.589360     2.991230
    2.601631     2.991306
    2.613903     2.991371
    2.626175     2.991428
    2.638447     2.991479
    2.650719     2.991524
    2.662991     2.991563
    2.675262     2.991597
    2.687534     2.991627
    2.699806     2.991652
    2.712078     2.991675
    2.724350     2.991696
    2.736622     2.991717
    2.748894     2.991740
    2.761165     2.991766
    2.773437     2.991796
    2.785709     2.991831
    2.797981     2.991871
    2.810253     2.991914
    2.822525     2.991959
    2.834797     2.992006
    2.847068     2.992053
    2.859340     2.992098
    2.871612     2.992141
    2.883884     2.992181
    2.896156     2.992218
    2.908428     2.992254
    2.920700     2.992288
    2.932971     2.992320
    2.945243     2.992352
    2.957515     2.992386
    2.969787     2.992421
    2.982059     2.992460
    2.994331     2.992502
    3.006603     2.992551
    3.018874     2.992603
    3.031146     2.992660
    3.043418     2.992719
    3.055690     2.992778
    3.067962     2.992836
    3.080234     2.992889
    3.092505     2.992935
    3.104777     2.992973
    3.117049     2.993001
    3.129321     2.993017
    3.141593     2.993024
