# r flatness
    0.012272     8.705759
    0.024544     8.544569
    0.036816     8.313038
    0.049087     8.045517
    0.061359     7.767204
    0.073631     7.492798
    0.085903     7.229677
    0.098175     6.981015
    0.110447     6.747716
    0.122718     6.529554
    0.134990     6.325855
    0.147262     6.135834
    0.159534     5.958706
    0.171806     5.793712
    0.184078     5.640091
    0.196350     5.497055
    0.208621     5.363777
    0.220893     5.239407
    0.233165     5.123109
    0.245437     5.014108
    0.257709     4.911712
    0.269981     4.815321
    0.282252     4.724421
    0.294524     4.638563
    0.306796     4.557361
    0.319068     4.480484
    0.331340     4.407648
    0.343612     4.338616
    0.355884     4.273194
    0.368155     4.211220
    0.380427     4.152560
    0.392699     4.097092
    0.404971     4.044713
    0.417243     3.995325
    0.429515     3.948839
    0.441786     3.905171
    0.454058     3.864239
    0.466330     3.825964
    0.478602     3.790265
    0.490874     3.757056
    0.503146     3.726243
    0.515418     3.697730
    0.527689     3.671416
    0.539961     3.647195
    0.552233     3.624963
    0.564505     3.604614
    0.576777     3.586041
    0.589049     3.569139
    0.601321     3.553801
    0.613592     3.539922
    0.625864     3.527396
    0.638136     3.516120
    0.650408     3.505992
    0.662680     3.496911
    0.674952     3.488778
    0.687223     3.481499
    0.699495     3.474985
    0.711767     3.469154
    0.724039     3.463926
    0.736311     3.459235
    0.748583     3.455016
    0.760854     3.451213
    0.773126     3.447775
    0.785398     3.444657
    0.797670     3.441821
    0.809942     3.439238
    0.822214     3.436881
    0.834486     3.434733
    0.846757     3.432780
    0.859029     3.431012
    0.871301     3.429424
    0.883573     3.428010
    0.895845     3.426773
    0.908117     3.425713
    0.920389     3.424834
    0.932660     3.424140
    0.944932     3.423630
    0.957204     3.423306
    0.969476     3.423167
    0.981748     3.423211
    0.994020     3.423431
    1.006291     3.423828
    1.018563     3.424397
    1.030835     3.425135
    1.043107     3.426041
    1.055379     3.427111
    1.067651     3.428343
    1.079923     3.429730
    1.092194     3.431267
    1.104466     3.432943
    1.116738     3.434750
    1.129010     3.436677
    1.141282     3.438713
    1.153554     3.440848
    1.165825     3.443073
    1.178097     3.445378
    1.190369     3.447753
    1.202641     3.450187
    1.214913     3.452669
    1.227185     3.455186
    1.239457     3.457723
    1.251728     3.460265
    1.264000     3.462795
    1.276272     3.465300
    1.288544     3.467763
    1.300816     3.470173
    1.313088     3.472517
    1.325359     3.474786
    1.337631     3.476971
    1.349903     3.479062
    1.362175     3.481052
    1.374447     3.482930
    1.386719     3.484683
    1.398991     3.486299
    1.411262     3.487765
    1.423534     3.489070
    1.435806     3.490205
    1.448078     3.491163
    1.460350     3.491940
    1.472622     3.492535
    1.484893     3.492949
    1.497165     3.493183
    1.509437     3.493235
    1.521709     3.493103
    1.533981     3.492785
    1.546253     3.492274
    1.558524     3.491565
    1.570796     3.490651
    1.583068     3.489527
    1.595340     3.488187
    1.607612     3.486627
    1.619884     3.484846
    1.632156     3.482842
    1.644427     3.480615
    1.656699     3.478166
    1.668971     3.475499
    1.681243     3.472617
    1.693515     3.469531
    1.705787     3.466250
    1.718059     3.462788
    1.730330     3.459160
    1.742602     3.455383
    1.754874     3.451474
    1.767146     3.447455
    1.779418     3.443341
    1.791690     3.439154
    1.803962     3.434911
    1.816233     3.430632
    1.828505     3.426336
    1.840777     3.422043
    1.853049     3.417771
    1.865321     3.413538
    1.877593     3.409362
    1.889864     3.405258
    1.902136     3.401240
    1.914408     3.397320
    1.926680     3.393508
    1.938952     3.389813
    1.951224     3.386241
    1.963495     3.382798
    1.975767     3.379492
    1.988039     3.376328
    2.000311     3.373312
    2.012583     3.370448
    2.024855     3.367740
    2.037127     3.365186
    2.049398     3.362786
    2.061670     3.360532
    2.073942     3.358419
    2.086214     3.356438
    2.098486     3.354583
    2.110758     3.352847
    2.123029     3.351224
    2.135301     3.349710
    2.147573     3.348305
    2.159845     3.347010
    2.172117     3.345826
    2.184389     3.344761
    2.196661     3.343817
    2.208932     3.343005
    2.221204     3.342332
    2.233476     3.341805
    2.245748     3.341436
    2.258020     3.341233
    2.270292     3.341212
    2.282563     3.341387
    2.294835     3.341777
    2.307107     3.342402
    2.319379     3.343286
    2.331651     3.344451
    2.343923     3.345924
    2.356194     3.347733
    2.368466     3.349902
    2.380738     3.352462
    2.393010     3.355442
    2.405282     3.358874
    2.417554     3.362794
    2.429826     3.367236
    2.442097     3.372239
    2.454369     3.377839
    2.466641     3.384073
    2.478913     3.390976
    2.491185     3.398584
    2.503457     3.406930
    2.515728     3.416049
    2.528000     3.425973
    2.540272     3.436735
    2.552544     3.448368
    2.564816     3.460903
    2.577088     3.474370
    2.589360     3.488792
    2.601631     3.504190
    2.613903     3.520573
    2.626175     3.537943
    2.638447     3.556290
    2.650719     3.575600
    2.662991     3.595852
    2.675262     3.617024
    2.687534     3.639104
    2.699806     3.662085
    2.712078     3.685977
    2.724350     3.710806
    2.736622     3.736614
    2.748894     3.763462
    2.761165     3.791431
    2.773437     3.820621
    2.785709     3.851150
    2.797981     3.883152
    2.810253     3.916768
    2.822525     3.952135
    2.834797     3.989385
    2.847068     4.028634
    2.859340     4.069976
    2.871612     4.113486
    2.883884     4.159214
    2.896156     4.207190
    2.908428     4.257428
    2.920700     4.309927
    2.932971     4.364665
    2.945243     4.421585
    2.957515     4.480579
    2.969787     4.541461
    2.982059     4.603942
    2.994331     4.667595
    3.006603     4.731849
    3.018874     4.795971
    3.031146     4.859080
    3.043418     4.920152
    3.055690     4.978059
    3.067962     5.031605
    3.080234     5.079572
    3.092505     5.120775
    3.104777     5.154120
    3.117049     5.178671
    3.129321     5.193706
    3.141593     5.198769
