# r flatness
    0.012272     5.346138
    0.024544     5.260388
    0.036816     5.136003
    0.049087     4.991646
    0.061359     4.842484
    0.073631     4.698254
    0.085903     4.564051
    0.098175     4.441894
    0.110447     4.332031
    0.122718     4.233786
    0.134990     4.146082
    0.147262     4.067720
    0.159534     3.997536
    0.171806     3.934468
    0.184078     3.877584
    0.196350     3.826089
    0.208621     3.779316
    0.220893     3.736708
    0.233165     3.697802
    0.245437     3.662209
    0.257709     3.629597
    0.269981     3.599679
    0.282252     3.572193
    0.294524     3.546905
    0.306796     3.523595
    0.319068     3.502057
    0.331340     3.482100
    0.343612     3.463541
    0.355884     3.446219
    0.368155     3.429983
    0.380427     3.414703
    0.392699     3.400263
    0.404971     3.386561
    0.417243     3.373511
    0.429515     3.361039
    0.441786     3.349085
    0.454058     3.337600
    0.466330     3.326547
    0.478602     3.315899
    0.490874     3.305635
    0.503146     3.295740
    0.515418     3.286202
    0.527689     3.277010
    0.539961     3.268153
    0.552233     3.259623
    0.564505     3.251412
    0.576777     3.243510
    0.589049     3.235909
    0.601321     3.228600
    0.613592     3.221569
    0.625864     3.214805
    0.638136     3.208291
    0.650408     3.202011
    0.662680     3.195946
    0.674952     3.190075
    0.687223     3.184376
    0.699495     3.178828
    0.711767     3.173409
    0.724039     3.168098
    0.736311     3.162881
    0.748583     3.157742
    0.760854     3.152673
    0.773126     3.147670
    0.785398     3.142734
    0.797670     3.137869
    0.809942     3.133084
    0.822214     3.128392
    0.834486     3.123802
    0.846757     3.119329
    0.859029     3.114980
    0.871301     3.110763
    0.883573     3.106681
    0.895845     3.102734
    0.908117     3.098922
    0.920389     3.095239
    0.932660     3.091681
    0.944932     3.088243
    0.957204     3.084915
    0.969476     3.081691
    0.981748     3.078561
    0.994020     3.075512
    1.006291     3.072534
    1.018563     3.069616
    1.030835     3.066747
    1.043107     3.063923
    1.055379     3.061137
    1.067651     3.058390
    1.079923     3.055681
    1.092194     3.053015
    1.104466     3.050396
    1.116738     3.047826
    1.129010     3.045310
    1.141282     3.042850
    1.153554     3.040448
    1.165825     3.038107
    1.178097     3.035829
    1.190369     3.033617
    1.202641     3.031476
    1.214913     3.029407
    1.227185     3.027416
    1.239457     3.025503
    1.251728     3.023668
    1.264000     3.021910
    1.276272     3.020226
    1.288544     3.018607
    1.300816     3.017045
    1.313088     3.015532
    1.325359     3.014055
    1.337631     3.012604
    1.349903     3.011166
    1.362175     3.009732
    1.374447     3.008293
    1.386719     3.006840
    1.398991     3.005366
    1.411262     3.003867
    1.423534     3.002339
    1.435806     3.000779
    1.448078     2.999183
    1.460350     2.997548
    1.472622     2.995872
    1.484893     2.994156
    1.497165     2.992400
    1.509437     2.990611
    1.521709     2.988794
    1.533981     2.986960
    1.546253     2.985120
    1.558524     2.983283
    1.570796     2.981462
    1.583068     2.979666
    1.595340     2.977903
    1.607612     2.976183
    1.619884     2.974513
    1.632156     2.972898
    1.644427     2.971348
    1.656699     2.969866
    1.668971     2.968456
    1.681243     2.967122
    1.693515     2.965864
    1.705787     2.964680
    1.718059     2.963568
    1.730330     2.962520
    1.742602     2.961532
    1.754874     2.960597
    1.767146     2.959709
    1.779418     2.958865
    1.791690     2.958065
    1.803962     2.957308
    1.816233     2.956599
    1.828505     2.955940
    1.840777     2.955334
    1.853049     2.954781
    1.865321     2.954276
    1.877593     2.953817
    1.889864     2.953393
    1.902136     2.952996
    1.914408     2.952611
    1.926680     2.952229
    1.938952     2.951834
    1.951224     2.951416
    1.963495     2.950964
    1.975767     2.950469
    1.988039     2.949924
    2.000311     2.949322
    2.012583     2.948659
    2.024855     2.947935
    2.037127     2.947148
    2.049398     2.946303
    2.061670     2.945402
    2.073942     2.944451
    2.086214     2.943456
    2.098486     2.942422
    2.110758     2.941354
    2.123029     2.940256
    2.135301     2.939133
    2.147573     2.937989
    2.159845     2.936830
    2.172117     2.935661
    2.184389     2.934495
    2.196661     2.933341
    2.208932     2.932211
    2.221204     2.931120
    2.233476     2.930078
    2.245748     2.929095
    2.258020     2.928175
    2.270292     2.927323
    2.282563     2.926538
    2.294835     2.925818
    2.307107     2.925157
    2.319379     2.924548
    2.331651     2.923985
    2.343923     2.923455
    2.356194     2.922951
    2.368466     2.922459
    2.380738     2.921971
    2.393010     2.921475
    2.405282     2.920961
    2.417554     2.920422
    2.429826     2.919849
    2.442097     2.919235
    2.454369     2.918578
    2.466641     2.917877
    2.478913     2.917131
    2.491185     2.916347
    2.503457     2.915529
    2.515728     2.914687
    2.528000     2.913829
    2.540272     2.912966
    2.552544     2.912108
    2.564816     2.911267
    2.577088     2.910454
    2.589360     2.909682
    2.601631     2.908961
    2.613903     2.908301
    2.626175     2.907713
    2.638447     2.907203
    2.650719     2.906777
    2.662991     2.906438
    2.675262     2.906185
    2.687534     2.906018
    2.699806     2.905936
    2.712078     2.905938
    2.724350     2.906020
    2.736622     2.906184
    2.748894     2.906429
    2.761165     2.906754
    2.773437     2.907157
    2.785709     2.907636
    2.797981     2.908186
    2.810253     2.908800
    2.822525     2.909471
    2.834797     2.910188
    2.847068     2.910944
    2.859340     2.911727
    2.871612     2.912528
    2.883884     2.913337
    2.896156     2.914143
    2.908428     2.914937
    2.920700     2.915713
    2.932971     2.916460
    2.945243     2.917175
    2.957515     2.917851
    2.969787     2.918485
    2.982059     2.919072
    2.994331     2.919608
    3.006603     2.920093
    3.018874     2.920524
    3.031146     2.920903
    3.043418     2.921233
    3.055690     2.921515
    3.067962     2.921752
    3.080234     2.921949
    3.092505     2.922108
    3.104777     2.922229
    3.117049     2.922316
    3.129321     2.922367
    3.141593     2.922384
