# r flatness
    0.012272     5.252528
    0.024544     5.173779
    0.036816     5.058977
    0.049087     4.924995
    0.061359     4.785879
    0.073631     4.650862
    0.085903     4.524889
    0.098175     4.409979
    0.110447     4.306475
    0.122718     4.213835
    0.134990     4.131110
    0.147262     4.057193
    0.159534     3.990973
    0.171806     3.931405
    0.184078     3.877553
    0.196350     3.828604
    0.208621     3.783869
    0.220893     3.742767
    0.233165     3.704827
    0.245437     3.669658
    0.257709     3.636952
    0.269981     3.606462
    0.282252     3.577989
    0.294524     3.551372
    0.306796     3.526471
    0.319068     3.503165
    0.331340     3.481339
    0.343612     3.460888
    0.355884     3.441710
    0.368155     3.423711
    0.380427     3.406798
    0.392699     3.390891
    0.404971     3.375915
    0.417243     3.361804
    0.429515     3.348505
    0.441786     3.335965
    0.454058     3.324141
    0.466330     3.312984
    0.478602     3.302451
    0.490874     3.292495
    0.503146     3.283071
    0.515418     3.274135
    0.527689     3.265646
    0.539961     3.257567
    0.552233     3.249862
    0.564505     3.242502
    0.576777     3.235460
    0.589049     3.228709
    0.601321     3.222228
    0.613592     3.215999
    0.625864     3.210006
    0.638136     3.204233
    0.650408     3.198674
    0.662680     3.193321
    0.674952     3.188170
    0.687223     3.183219
    0.699495     3.178470
    0.711767     3.173922
    0.724039     3.169581
    0.736311     3.165449
    0.748583     3.161532
    0.760854     3.157833
    0.773126     3.154353
    0.785398     3.151091
    0.797670     3.148047
    0.809942     3.145215
    0.822214     3.142592
    0.834486     3.140172
    0.846757     3.137950
    0.859029     3.135923
    0.871301     3.134085
    0.883573     3.132432
    0.895845     3.130957
    0.908117     3.129651
    0.920389     3.128503
    0.932660     3.127498
    0.944932     3.126621
    0.957204     3.125854
    0.969476     3.125175
    0.981748     3.124563
    0.994020     3.123994
    1.006291     3.123444
    1.018563     3.122887
    1.030835     3.122299
    1.043107     3.121658
    1.055379     3.120944
    1.067651     3.120137
    1.079923     3.119228
    1.092194     3.118205
    1.104466     3.117064
    1.116738     3.115805
    1.129010     3.114429
    1.141282     3.112942
    1.153554     3.111347
    1.165825     3.109653
    1.178097     3.107867
    1.190369     3.105995
    1.202641     3.104047
    1.214913     3.102025
    1.227185     3.099940
    1.239457     3.097799
    1.251728     3.095610
    1.264000     3.093380
    1.276272     3.091119
    1.288544     3.088835
    1.300816     3.086540
    1.313088     3.084242
    1.325359     3.081953
    1.337631     3.079683
    1.349903     3.077441
    1.362175     3.075238
    1.374447     3.073084
    1.386719     3.070985
    1.398991     3.068950
    1.411262     3.066983
    1.423534     3.065090
    1.435806     3.063275
    1.448078     3.061543
    1.460350     3.059896
    1.472622     3.058337
    1.484893     3.056866
    1.497165     3.055484
    1.509437     3.054189
    1.521709     3.052978
    1.533981     3.051847
    1.546253     3.050791
    1.558524     3.049803
    1.570796     3.048876
    1.583068     3.048003
    1.595340     3.047176
    1.607612     3.046391
    1.619884     3.045639
    1.632156     3.044920
    1.644427     3.044229
    1.656699     3.043566
    1.668971     3.042927
    1.681243     3.042312
    1.693515     3.041720
    1.705787     3.041147
    1.718059     3.040593
    1.730330     3.040056
    1.742602     3.039535
    1.754874     3.039029
    1.767146     3.038539
    1.779418     3.038062
    1.791690     3.037599
    1.803962     3.037149
    1.816233     3.036710
    1.828505     3.036280
    1.840777     3.035859
    1.853049     3.035443
    1.865321     3.035030
    1.877593     3.034620
    1.889864     3.034209
    1.902136     3.033800
    1.914408     3.033390
    1.926680     3.032979
    1.938952     3.032567
    1.951224     3.032155
    1.963495     3.031739
    1.975767     3.031319
    1.988039     3.030895
    2.000311     3.030464
    2.012583     3.030025
    2.024855     3.029572
    2.037127     3.029100
    2.049398     3.028605
    2.061670     3.028077
    2.073942     3.027511
    2.086214     3.026899
    2.098486     3.026236
    2.110758     3.025518
    2.123029     3.024747
    2.135301     3.023922
    2.147573     3.023048
    2.159845     3.022132
    2.172117     3.021179
    2.184389     3.020199
    2.196661     3.019199
    2.208932     3.018189
    2.221204     3.017175
    2.233476     3.016161
    2.245748     3.015151
    2.258020     3.014147
    2.270292     3.013149
    2.282563     3.012156
    2.294835     3.011167
    2.307107     3.010180
    2.319379     3.009195
    2.331651     3.008208
    2.343923     3.007215
    2.356194     3.006214
    2.368466     3.005199
    2.380738     3.004164
    2.393010     3.003104
    2.405282     3.002010
    2.417554     3.000877
    2.429826     2.999697
    2.442097     2.998461
    2.454369     2.997163
    2.466641     2.995792
    2.478913     2.994342
    2.491185     2.992803
    2.503457     2.991167
    2.515728     2.989430
    2.528000     2.987585
    2.540272     2.985629
    2.552544     2.983559
    2.564816     2.981379
    2.577088     2.979089
    2.589360     2.976696
    2.601631     2.974210
    2.613903     2.971643
    2.626175     2.969011
    2.638447     2.966330
    2.650719     2.963619
    2.662991     2.960895
    2.675262     2.958179
    2.687534     2.955484
    2.699806     2.952829
    2.712078     2.950224
    2.724350     2.947681
    2.736622     2.945207
    2.748894     2.942808
    2.761165     2.940490
    2.773437     2.938255
    2.785709     2.936106
    2.797981     2.934048
    2.810253     2.932082
    2.822525     2.930212
    2.834797     2.928442
    2.847068     2.926773
    2.859340     2.925208
    2.871612     2.923747
    2.883884     2.922387
    2.896156     2.921128
    2.908428     2.919966
    2.920700     2.918895
    2.932971     2.917913
    2.945243     2.917014
    2.957515     2.916195
    2.969787     2.915452
    2.982059     2.914783
    2.994331     2.914183
    3.006603     2.913651
    3.018874     2.913184
    3.031146     2.912777
    3.043418     2.912426
    3.055690     2.912128
    3.067962     2.911880
    3.080234     2.911678
    3.092505     2.911518
    3.104777     2.911398
    3.117049     2.911315
    3.129321     2.911266
    3.141593     2.911250
