# r flatness
    0.012272     5.053214
    0.024544     4.981808
    0.036816     4.877394
    0.049087     4.755139
    0.061359     4.627830
    0.073631     4.504011
    0.085903     4.388366
    0.098175     4.282916
    0.110447     4.188115
    0.122718     4.103575
    0.134990     4.028502
    0.147262     3.961949
    0.159534     3.902941
    0.171806     3.850554
    0.184078     3.803945
    0.196350     3.762360
    0.208621     3.725136
    0.220893     3.691688
    0.233165     3.661498
    0.245437     3.634114
    0.257709     3.609131
    0.269981     3.586195
    0.282252     3.565002
    0.294524     3.545290
    0.306796     3.526838
    0.319068     3.509460
    0.331340     3.493005
    0.343612     3.477346
    0.355884     3.462379
    0.368155     3.448019
    0.380427     3.434195
    0.392699     3.420850
    0.404971     3.407933
    0.417243     3.395398
    0.429515     3.383208
    0.441786     3.371325
    0.454058     3.359715
    0.466330     3.348352
    0.478602     3.337212
    0.490874     3.326279
    0.503146     3.315544
    0.515418     3.305001
    0.527689     3.294652
    0.539961     3.284499
    0.552233     3.274549
    0.564505     3.264811
    0.576777     3.255289
    0.589049     3.245996
    0.601321     3.236936
    0.613592     3.228121
    0.625864     3.219556
    0.638136     3.211251
    0.650408     3.203208
    0.662680     3.195430
    0.674952     3.187916
    0.687223     3.180662
    0.699495     3.173662
    0.711767     3.166910
    0.724039     3.160396
    0.736311     3.154110
    0.748583     3.148046
    0.760854     3.142192
    0.773126     3.136542
    0.785398     3.131091
    0.797670     3.125832
    0.809942     3.120766
    0.822214     3.115891
    0.834486     3.111209
    0.846757     3.106721
    0.859029     3.102427
    0.871301     3.098328
    0.883573     3.094420
    0.895845     3.090699
    0.908117     3.087161
    0.920389     3.083796
    0.932660     3.080598
    0.944932     3.077552
    0.957204     3.074646
    0.969476     3.071863
    0.981748     3.069182
    0.994020     3.066581
    1.006291     3.064036
    1.018563     3.061525
    1.030835     3.059027
    1.043107     3.056521
    1.055379     3.053993
    1.067651     3.051433
    1.079923     3.048834
    1.092194     3.046197
    1.104466     3.043523
    1.116738     3.040818
    1.129010     3.038093
    1.141282     3.035357
    1.153554     3.032623
    1.165825     3.029900
    1.178097     3.027200
    1.190369     3.024530
    1.202641     3.021896
    1.214913     3.019300
    1.227185     3.016746
    1.239457     3.014229
    1.251728     3.011750
    1.264000     3.009307
    1.276272     3.006897
    1.288544     3.004519
    1.300816     3.002169
    1.313088     2.999845
    1.325359     2.997543
    1.337631     2.995261
    1.349903     2.992995
    1.362175     2.990743
    1.374447     2.988503
    1.386719     2.986275
    1.398991     2.984059
    1.411262     2.981854
    1.423534     2.979662
    1.435806     2.977481
    1.448078     2.975312
    1.460350     2.973154
    1.472622     2.971003
    1.484893     2.968859
    1.497165     2.966719
    1.509437     2.964582
    1.521709     2.962448
    1.533981     2.960316
    1.546253     2.958188
    1.558524     2.956064
    1.570796     2.953950
    1.583068     2.951847
    1.595340     2.949760
    1.607612     2.947692
    1.619884     2.945645
    1.632156     2.943621
    1.644427     2.941620
    1.656699     2.939642
    1.668971     2.937685
    1.681243     2.935750
    1.693515     2.933840
    1.705787     2.931956
    1.718059     2.930106
    1.730330     2.928295
    1.742602     2.926536
    1.754874     2.924837
    1.767146     2.923211
    1.779418     2.921668
    1.791690     2.920221
    1.803962     2.918879
    1.816233     2.917649
    1.828505     2.916537
    1.840777     2.915546
    1.853049     2.914679
    1.865321     2.913935
    1.877593     2.913312
    1.889864     2.912807
    1.902136     2.912417
    1.914408     2.912139
    1.926680     2.911966
    1.938952     2.911895
    1.951224     2.911917
    1.963495     2.912024
    1.975767     2.912209
    1.988039     2.912461
    2.000311     2.912769
    2.012583     2.913124
    2.024855     2.913517
    2.037127     2.913937
    2.049398     2.914376
    2.061670     2.914824
    2.073942     2.915276
    2.086214     2.915724
    2.098486     2.916163
    2.110758     2.916589
    2.123029     2.916999
    2.135301     2.917391
    2.147573     2.917766
    2.159845     2.918121
    2.172117     2.918459
    2.184389     2.918779
    2.196661     2.919081
    2.208932     2.919361
    2.221204     2.919619
    2.233476     2.919851
    2.245748     2.920055
    2.258020     2.920229
    2.270292     2.920373
    2.282563     2.920487
    2.294835     2.920573
    2.307107     2.920633
    2.319379     2.920671
    2.331651     2.920691
    2.343923     2.920695
    2.356194     2.920687
    2.368466     2.920669
    2.380738     2.920641
    2.393010     2.920606
    2.405282     2.920565
    2.417554     2.920518
    2.429826     2.920466
    2.442097     2.920410
    2.454369     2.920351
    2.466641     2.920291
    2.478913     2.920233
    2.491185     2.920178
    2.503457     2.920129
    2.515728     2.920086
    2.528000     2.920048
    2.540272     2.920014
    2.552544     2.919976
    2.564816     2.919929
    2.577088     2.919866
    2.589360     2.919778
    2.601631     2.919662
    2.613903     2.919510
    2.626175     2.919321
    2.638447     2.919094
    2.650719     2.918829
    2.662991     2.918527
    2.675262     2.918189
    2.687534     2.917818
    2.699806     2.917416
    2.712078     2.916986
    2.724350     2.916528
    2.736622     2.916044
    2.748894     2.915538
    2.761165     2.915008
    2.773437     2.914455
    2.785709     2.913881
    2.797981     2.913286
    2.810253     2.912673
    2.822525     2.912044
    2.834797     2.911401
    2.847068     2.910746
    2.859340     2.910080
    2.871612     2.909404
    2.883884     2.908717
    2.896156     2.908017
    2.908428     2.907302
    2.920700     2.906569
    2.932971     2.905815
    2.945243     2.905037
    2.957515     2.904232
    2.969787     2.903400
    2.982059     2.902543
    2.994331     2.901664
    3.006603     2.900771
    3.018874     2.899873
    3.031146     2.898984
    3.043418     2.898119
    3.055690     2.897295
    3.067962     2.896530
    3.080234     2.895845
    3.092505     2.895256
    3.104777     2.894779
    3.117049     2.894428
    3.129321     2.894214
    3.141593     2.894141
