# r flatness
    0.012272     5.113423
    0.024544     5.043257
    0.036816     4.940764
    0.049087     4.820845
    0.061359     4.695944
    0.073631     4.574285
    0.085903     4.460300
    0.098175     4.355832
    0.110447     4.261205
    0.122718     4.175954
    0.134990     4.099250
    0.147262     4.030158
    0.159534     3.967755
    0.171806     3.911205
    0.184078     3.859762
    0.196350     3.812784
    0.208621     3.769720
    0.220893     3.730094
    0.233165     3.693500
    0.245437     3.659590
    0.257709     3.628062
    0.269981     3.598659
    0.282252     3.571156
    0.294524     3.545357
    0.306796     3.521092
    0.319068     3.498219
    0.331340     3.476609
    0.343612     3.456159
    0.355884     3.436779
    0.368155     3.418397
    0.380427     3.400952
    0.392699     3.384393
    0.404971     3.368677
    0.417243     3.353765
    0.429515     3.339619
    0.441786     3.326204
    0.454058     3.313485
    0.466330     3.301424
    0.478602     3.289979
    0.490874     3.279109
    0.503146     3.268774
    0.515418     3.258931
    0.527689     3.249542
    0.539961     3.240570
    0.552233     3.231987
    0.564505     3.223765
    0.576777     3.215883
    0.589049     3.208326
    0.601321     3.201080
    0.613592     3.194136
    0.625864     3.187487
    0.638136     3.181128
    0.650408     3.175057
    0.662680     3.169273
    0.674952     3.163777
    0.687223     3.158568
    0.699495     3.153643
    0.711767     3.148998
    0.724039     3.144627
    0.736311     3.140525
    0.748583     3.136683
    0.760854     3.133096
    0.773126     3.129755
    0.785398     3.126652
    0.797670     3.123777
    0.809942     3.121119
    0.822214     3.118662
    0.834486     3.116392
    0.846757     3.114292
    0.859029     3.112343
    0.871301     3.110527
    0.883573     3.108827
    0.895845     3.107225
    0.908117     3.105708
    0.920389     3.104264
    0.932660     3.102880
    0.944932     3.101548
    0.957204     3.100264
    0.969476     3.099020
    0.981748     3.097814
    0.994020     3.096645
    1.006291     3.095514
    1.018563     3.094421
    1.030835     3.093370
    1.043107     3.092367
    1.055379     3.091418
    1.067651     3.090527
    1.079923     3.089702
    1.092194     3.088946
    1.104466     3.088266
    1.116738     3.087664
    1.129010     3.087142
    1.141282     3.086698
    1.153554     3.086332
    1.165825     3.086038
    1.178097     3.085811
    1.190369     3.085641
    1.202641     3.085520
    1.214913     3.085435
    1.227185     3.085374
    1.239457     3.085324
    1.251728     3.085271
    1.264000     3.085199
    1.276272     3.085094
    1.288544     3.084945
    1.300816     3.084736
    1.313088     3.084459
    1.325359     3.084104
    1.337631     3.083663
    1.349903     3.083130
    1.362175     3.082499
    1.374447     3.081764
    1.386719     3.080922
    1.398991     3.079969
    1.411262     3.078901
    1.423534     3.077714
    1.435806     3.076408
    1.448078     3.074983
    1.460350     3.073440
    1.472622     3.071787
    1.484893     3.070028
    1.497165     3.068177
    1.509437     3.066244
    1.521709     3.064244
    1.533981     3.062188
    1.546253     3.060088
    1.558524     3.057954
    1.570796     3.055794
    1.583068     3.053614
    1.595340     3.051421
    1.607612     3.049218
    1.619884     3.047008
    1.632156     3.044795
    1.644427     3.042582
    1.656699     3.040372
    1.668971     3.038169
    1.681243     3.035979
    1.693515     3.033806
    1.705787     3.031657
    1.718059     3.029536
    1.730330     3.027452
    1.742602     3.025406
    1.754874     3.023406
    1.767146     3.021454
    1.779418     3.019556
    1.791690     3.017715
    1.803962     3.015936
    1.816233     3.014223
    1.828505     3.012583
    1.840777     3.011020
    1.853049     3.009544
    1.865321     3.008159
    1.877593     3.006874
    1.889864     3.005692
    1.902136     3.004620
    1.914408     3.003655
    1.926680     3.002797
    1.938952     3.002039
    1.951224     3.001373
    1.963495     3.000786
    1.975767     3.000266
    1.988039     2.999802
    2.000311     2.999376
    2.012583     2.998980
    2.024855     2.998602
    2.037127     2.998231
    2.049398     2.997862
    2.061670     2.997489
    2.073942     2.997106
    2.086214     2.996711
    2.098486     2.996299
    2.110758     2.995864
    2.123029     2.995404
    2.135301     2.994913
    2.147573     2.994386
    2.159845     2.993820
    2.172117     2.993213
    2.184389     2.992563
    2.196661     2.991871
    2.208932     2.991138
    2.221204     2.990366
    2.233476     2.989556
    2.245748     2.988714
    2.258020     2.987841
    2.270292     2.986943
    2.282563     2.986027
    2.294835     2.985097
    2.307107     2.984163
    2.319379     2.983232
    2.331651     2.982314
    2.343923     2.981419
    2.356194     2.980556
    2.368466     2.979735
    2.380738     2.978959
    2.393010     2.978232
    2.405282     2.977552
    2.417554     2.976917
    2.429826     2.976319
    2.442097     2.975753
    2.454369     2.975210
    2.466641     2.974683
    2.478913     2.974166
    2.491185     2.973653
    2.503457     2.973138
    2.515728     2.972618
    2.528000     2.972092
    2.540272     2.971557
    2.552544     2.971012
    2.564816     2.970458
    2.577088     2.969895
    2.589360     2.969323
    2.601631     2.968741
    2.613903     2.968150
    2.626175     2.967545
    2.638447     2.966923
    2.650719     2.966276
    2.662991     2.965597
    2.675262     2.964878
    2.687534     2.964108
    2.699806     2.963278
    2.712078     2.962380
    2.724350     2.961408
    2.736622     2.960356
    2.748894     2.959227
    2.761165     2.958021
    2.773437     2.956746
    2.785709     2.955408
    2.797981     2.954019
    2.810253     2.952589
    2.822525     2.951132
    2.834797     2.949658
    2.847068     2.948182
    2.859340     2.946715
    2.871612     2.945270
    2.883884     2.943858
    2.896156     2.942491
    2.908428     2.941178
    2.920700     2.939927
    2.932971     2.938747
    2.945243     2.937642
    2.957515     2.936618
    2.969787     2.935677
    2.982059     2.934821
    2.994331     2.934051
    3.006603     2.933364
    3.018874     2.932756
    3.031146     2.932224
    3.043418     2.931762
    3.055690     2.931365
    3.067962     2.931028
    3.080234     2.930747
    3.092505     2.930520
    3.104777     2.930346
    3.117049     2.930222
    3.129321     2.930147
    3.141593     2.930123
