# r flatness
    0.012272     5.122779
    0.024544     5.042581
    0.036816     4.926506
    0.049087     4.792333
    0.061359     4.654541
    0.073631     4.522361
    0.085903     4.400495
    0.098175     4.290641
    0.110447     4.192800
    0.122718     4.106124
    0.134990     4.029419
    0.147262     3.961426
    0.159534     3.900954
    0.171806     3.846947
    0.184078     3.798490
    0.196350     3.754810
    0.208621     3.715256
    0.220893     3.679282
    0.233165     3.646432
    0.245437     3.616318
    0.257709     3.588607
    0.269981     3.563008
    0.282252     3.539269
    0.294524     3.517174
    0.306796     3.496539
    0.319068     3.477211
    0.331340     3.459065
    0.343612     3.441998
    0.355884     3.425919
    0.368155     3.410752
    0.380427     3.396430
    0.392699     3.382895
    0.404971     3.370093
    0.417243     3.357980
    0.429515     3.346505
    0.441786     3.335617
    0.454058     3.325261
    0.466330     3.315381
    0.478602     3.305918
    0.490874     3.296824
    0.503146     3.288055
    0.515418     3.279575
    0.527689     3.271360
    0.539961     3.263390
    0.552233     3.255648
    0.564505     3.248123
    0.576777     3.240802
    0.589049     3.233671
    0.601321     3.226721
    0.613592     3.219939
    0.625864     3.213313
    0.638136     3.206833
    0.650408     3.200486
    0.662680     3.194265
    0.674952     3.188157
    0.687223     3.182154
    0.699495     3.176246
    0.711767     3.170426
    0.724039     3.164689
    0.736311     3.159030
    0.748583     3.153445
    0.760854     3.147934
    0.773126     3.142494
    0.785398     3.137124
    0.797670     3.131823
    0.809942     3.126589
    0.822214     3.121423
    0.834486     3.116321
    0.846757     3.111283
    0.859029     3.106305
    0.871301     3.101386
    0.883573     3.096523
    0.895845     3.091717
    0.908117     3.086964
    0.920389     3.082264
    0.932660     3.077615
    0.944932     3.073015
    0.957204     3.068461
    0.969476     3.063950
    0.981748     3.059481
    0.994020     3.055056
    1.006291     3.050681
    1.018563     3.046359
    1.030835     3.042102
    1.043107     3.037917
    1.055379     3.033813
    1.067651     3.029800
    1.079923     3.025886
    1.092194     3.022081
    1.104466     3.018391
    1.116738     3.014824
    1.129010     3.011387
    1.141282     3.008089
    1.153554     3.004933
    1.165825     3.001927
    1.178097     2.999075
    1.190369     2.996380
    1.202641     2.993846
    1.214913     2.991473
    1.227185     2.989264
    1.239457     2.987216
    1.251728     2.985330
    1.264000     2.983600
    1.276272     2.982023
    1.288544     2.980594
    1.300816     2.979308
    1.313088     2.978161
    1.325359     2.977149
    1.337631     2.976270
    1.349903     2.975518
    1.362175     2.974884
    1.374447     2.974360
    1.386719     2.973932
    1.398991     2.973582
    1.411262     2.973295
    1.423534     2.973052
    1.435806     2.972834
    1.448078     2.972624
    1.460350     2.972408
    1.472622     2.972175
    1.484893     2.971915
    1.497165     2.971621
    1.509437     2.971291
    1.521709     2.970923
    1.533981     2.970518
    1.546253     2.970077
    1.558524     2.969601
    1.570796     2.969090
    1.583068     2.968545
    1.595340     2.967963
    1.607612     2.967345
    1.619884     2.966687
    1.632156     2.965986
    1.644427     2.965241
    1.656699     2.964451
    1.668971     2.963617
    1.681243     2.962743
    1.693515     2.961832
    1.705787     2.960892
    1.718059     2.959932
    1.730330     2.958958
    1.742602     2.957984
    1.754874     2.957019
    1.767146     2.956074
    1.779418     2.955164
    1.791690     2.954297
    1.803962     2.953485
    1.816233     2.952735
    1.828505     2.952056
    1.840777     2.951453
    1.853049     2.950932
    1.865321     2.950498
    1.877593     2.950158
    1.889864     2.949916
    1.902136     2.949775
    1.914408     2.949738
    1.926680     2.949805
    1.938952     2.949978
    1.951224     2.950253
    1.963495     2.950629
    1.975767     2.951102
    1.988039     2.951667
    2.000311     2.952321
    2.012583     2.953059
    2.024855     2.953876
    2.037127     2.954768
    2.049398     2.955726
    2.061670     2.956742
    2.073942     2.957807
    2.086214     2.958909
    2.098486     2.960035
    2.110758     2.961175
    2.123029     2.962314
    2.135301     2.963441
    2.147573     2.964539
    2.159845     2.965597
    2.172117     2.966601
    2.184389     2.967538
    2.196661     2.968395
    2.208932     2.969160
    2.221204     2.969823
    2.233476     2.970378
    2.245748     2.970819
    2.258020     2.971146
    2.270292     2.971359
    2.282563     2.971461
    2.294835     2.971456
    2.307107     2.971349
    2.319379     2.971147
    2.331651     2.970858
    2.343923     2.970488
    2.356194     2.970049
    2.368466     2.969549
    2.380738     2.969000
    2.393010     2.968411
    2.405282     2.967795
    2.417554     2.967161
    2.429826     2.966523
    2.442097     2.965891
    2.454369     2.965278
    2.466641     2.964696
    2.478913     2.964156
    2.491185     2.963670
    2.503457     2.963245
    2.515728     2.962892
    2.528000     2.962615
    2.540272     2.962419
    2.552544     2.962304
    2.564816     2.962272
    2.577088     2.962320
    2.589360     2.962443
    2.601631     2.962635
    2.613903     2.962889
    2.626175     2.963194
    2.638447     2.963541
    2.650719     2.963921
    2.662991     2.964326
    2.675262     2.964753
    2.687534     2.965198
    2.699806     2.965663
    2.712078     2.966149
    2.724350     2.966661
    2.736622     2.967202
    2.748894     2.967775
    2.761165     2.968382
    2.773437     2.969023
    2.785709     2.969698
    2.797981     2.970402
    2.810253     2.971129
    2.822525     2.971872
    2.834797     2.972619
    2.847068     2.973361
    2.859340     2.974085
    2.871612     2.974781
    2.883884     2.975439
    2.896156     2.976049
    2.908428     2.976606
    2.920700     2.977103
    2.932971     2.977535
    2.945243     2.977900
    2.957515     2.978199
    2.969787     2.978436
    2.982059     2.978612
    2.994331     2.978736
    3.006603     2.978813
    3.018874     2.978851
    3.031146     2.978857
    3.043418     2.978836
    3.055690     2.978795
    3.067962     2.978739
    3.080234     2.978674
    3.092505     2.978607
    3.104777     2.978545
    3.117049     2.978495
    3.129321     2.978462
    3.141593     2.978451
