# r flatness
    0.012272     5.179628
    0.024544     5.105861
    0.036816     4.998931
    0.049087     4.874972
    0.061359     4.747023
    0.073631     4.623323
    0.085903     4.508048
    0.098175     4.402753
    0.110447     4.307557
    0.122718     4.221865
    0.134990     4.144776
    0.147262     4.075314
    0.159534     4.012547
    0.171806     3.955634
    0.184078     3.903849
    0.196350     3.856569
    0.208621     3.813265
    0.220893     3.773486
    0.233165     3.736849
    0.245437     3.703019
    0.257709     3.671703
    0.269981     3.642633
    0.282252     3.615572
    0.294524     3.590298
    0.306796     3.566614
    0.319068     3.544350
    0.331340     3.523355
    0.343612     3.503501
    0.355884     3.484682
    0.368155     3.466808
    0.380427     3.449800
    0.392699     3.433590
    0.404971     3.418114
    0.417243     3.403315
    0.429515     3.389134
    0.441786     3.375519
    0.454058     3.362420
    0.466330     3.349790
    0.478602     3.337587
    0.490874     3.325779
    0.503146     3.314331
    0.515418     3.303221
    0.527689     3.292426
    0.539961     3.281928
    0.552233     3.271710
    0.564505     3.261759
    0.576777     3.252063
    0.589049     3.242610
    0.601321     3.233392
    0.613592     3.224396
    0.625864     3.215613
    0.638136     3.207032
    0.650408     3.198639
    0.662680     3.190420
    0.674952     3.182363
    0.687223     3.174452
    0.699495     3.166673
    0.711767     3.159014
    0.724039     3.151462
    0.736311     3.144008
    0.748583     3.136646
    0.760854     3.129370
    0.773126     3.122181
    0.785398     3.115078
    0.797670     3.108063
    0.809942     3.101137
    0.822214     3.094306
    0.834486     3.087569
    0.846757     3.080933
    0.859029     3.074399
    0.871301     3.067972
    0.883573     3.061661
    0.895845     3.055470
    0.908117     3.049408
    0.920389     3.043481
    0.932660     3.037691
    0.944932     3.032046
    0.957204     3.026543
    0.969476     3.021183
    0.981748     3.015963
    0.994020     3.010878
    1.006291     3.005922
    1.018563     3.001088
    1.030835     2.996367
    1.043107     2.991756
    1.055379     2.987249
    1.067651     2.982845
    1.079923     2.978543
    1.092194     2.974345
    1.104466     2.970255
    1.116738     2.966274
    1.129010     2.962408
    1.141282     2.958656
    1.153554     2.955022
    1.165825     2.951507
    1.178097     2.948111
    1.190369     2.944835
    1.202641     2.941677
    1.214913     2.938635
    1.227185     2.935706
    1.239457     2.932889
    1.251728     2.930177
    1.264000     2.927568
    1.276272     2.925056
    1.288544     2.922639
    1.300816     2.920307
    1.313088     2.918058
    1.325359     2.915884
    1.337631     2.913782
    1.349903     2.911748
    1.362175     2.909781
    1.374447     2.907884
    1.386719     2.906060
    1.398991     2.904315
    1.411262     2.902658
    1.423534     2.901098
    1.435806     2.899644
    1.448078     2.898300
    1.460350     2.897074
    1.472622     2.895966
    1.484893     2.894977
    1.497165     2.894106
    1.509437     2.893352
    1.521709     2.892710
    1.533981     2.892179
    1.546253     2.891752
    1.558524     2.891427
    1.570796     2.891199
    1.583068     2.891066
    1.595340     2.891025
    1.607612     2.891073
    1.619884     2.891210
    1.632156     2.891433
    1.644427     2.891740
    1.656699     2.892130
    1.668971     2.892600
    1.681243     2.893150
    1.693515     2.893780
    1.705787     2.894490
    1.718059     2.895279
    1.730330     2.896149
    1.742602     2.897097
    1.754874     2.898124
    1.767146     2.899225
    1.779418     2.900398
    1.791690     2.901636
    1.803962     2.902932
    1.816233     2.904277
    1.828505     2.905659
    1.840777     2.907068
    1.853049     2.908492
    1.865321     2.909918
    1.877593     2.911334
    1.889864     2.912730
    1.902136     2.914096
    1.914408     2.915425
    1.926680     2.916708
    1.938952     2.917940
    1.951224     2.919116
    1.963495     2.920237
    1.975767     2.921301
    1.988039     2.922310
    2.000311     2.923268
    2.012583     2.924180
    2.024855     2.925049
    2.037127     2.925880
    2.049398     2.926677
    2.061670     2.927441
    2.073942     2.928169
    2.086214     2.928864
    2.098486     2.929523
    2.110758     2.930143
    2.123029     2.930725
    2.135301     2.931268
    2.147573     2.931775
    2.159845     2.932248
    2.172117     2.932692
    2.184389     2.933113
    2.196661     2.933516
    2.208932     2.933908
    2.221204     2.934296
    2.233476     2.934682
    2.245748     2.935071
    2.258020     2.935462
    2.270292     2.935855
    2.282563     2.936245
    2.294835     2.936626
    2.307107     2.936992
    2.319379     2.937335
    2.331651     2.937647
    2.343923     2.937917
    2.356194     2.938139
    2.368466     2.938306
    2.380738     2.938411
    2.393010     2.938449
    2.405282     2.938418
    2.417554     2.938314
    2.429826     2.938135
    2.442097     2.937882
    2.454369     2.937555
    2.466641     2.937157
    2.478913     2.936690
    2.491185     2.936160
    2.503457     2.935572
    2.515728     2.934932
    2.528000     2.934249
    2.540272     2.933528
    2.552544     2.932779
    2.564816     2.932007
    2.577088     2.931220
    2.589360     2.930425
    2.601631     2.929628
    2.613903     2.928836
    2.626175     2.928056
    2.638447     2.927291
    2.650719     2.926547
    2.662991     2.925826
    2.675262     2.925130
    2.687534     2.924460
    2.699806     2.923815
    2.712078     2.923196
    2.724350     2.922601
    2.736622     2.922034
    2.748894     2.921494
    2.761165     2.920984
    2.773437     2.920509
    2.785709     2.920074
    2.797981     2.919684
    2.810253     2.919347
    2.822525     2.919066
    2.834797     2.918851
    2.847068     2.918709
    2.859340     2.918646
    2.871612     2.918668
    2.883884     2.918781
    2.896156     2.918987
    2.908428     2.919290
    2.920700     2.919688
    2.932971     2.920178
    2.945243     2.920753
    2.957515     2.921407
    2.969787     2.922127
    2.982059     2.922898
    2.994331     2.923704
    3.006603     2.924528
    3.018874     2.925351
    3.031146     2.926155
    3.043418     2.926922
    3.055690     2.927636
    3.067962     2.928283
    3.080234     2.928850
    3.092505     2.929327
    3.104777     2.929707
    3.117049     2.929982
    3.129321     2.930148
    3.141593     2.930204
