# r flatness
    0.012272     5.115532
    0.024544     5.043231
    0.036816     4.937586
    0.049087     4.813822
    0.061359     4.684618
    0.073631     4.558397
    0.085903     4.439810
    0.098175     4.330940
    0.110447     4.232330
    0.122718     4.143678
    0.134990     4.064255
    0.147262     3.993149
    0.159534     3.929421
    0.171806     3.872175
    0.184078     3.820601
    0.196350     3.773980
    0.208621     3.731690
    0.220893     3.693192
    0.233165     3.658019
    0.245437     3.625773
    0.257709     3.596109
    0.269981     3.568736
    0.282252     3.543407
    0.294524     3.519911
    0.306796     3.498064
    0.319068     3.477702
    0.331340     3.458680
    0.343612     3.440868
    0.355884     3.424145
    0.368155     3.408403
    0.380427     3.393547
    0.392699     3.379490
    0.404971     3.366159
    0.417243     3.353489
    0.429515     3.341424
    0.441786     3.329917
    0.454058     3.318926
    0.466330     3.308417
    0.478602     3.298361
    0.490874     3.288734
    0.503146     3.279514
    0.515418     3.270683
    0.527689     3.262222
    0.539961     3.254110
    0.552233     3.246328
    0.564505     3.238855
    0.576777     3.231672
    0.589049     3.224760
    0.601321     3.218106
    0.613592     3.211696
    0.625864     3.205521
    0.638136     3.199570
    0.650408     3.193837
    0.662680     3.188314
    0.674952     3.182991
    0.687223     3.177860
    0.699495     3.172913
    0.711767     3.168142
    0.724039     3.163540
    0.736311     3.159100
    0.748583     3.154817
    0.760854     3.150682
    0.773126     3.146688
    0.785398     3.142823
    0.797670     3.139075
    0.809942     3.135430
    0.822214     3.131872
    0.834486     3.128386
    0.846757     3.124958
    0.859029     3.121577
    0.871301     3.118231
    0.883573     3.114913
    0.895845     3.111620
    0.908117     3.108348
    0.920389     3.105101
    0.932660     3.101881
    0.944932     3.098694
    0.957204     3.095544
    0.969476     3.092435
    0.981748     3.089371
    0.994020     3.086354
    1.006291     3.083384
    1.018563     3.080460
    1.030835     3.077585
    1.043107     3.074756
    1.055379     3.071974
    1.067651     3.069240
    1.079923     3.066553
    1.092194     3.063916
    1.104466     3.061332
    1.116738     3.058805
    1.129010     3.056339
    1.141282     3.053942
    1.153554     3.051620
    1.165825     3.049381
    1.178097     3.047229
    1.190369     3.045172
    1.202641     3.043212
    1.214913     3.041351
    1.227185     3.039588
    1.239457     3.037922
    1.251728     3.036344
    1.264000     3.034848
    1.276272     3.033422
    1.288544     3.032054
    1.300816     3.030729
    1.313088     3.029436
    1.325359     3.028162
    1.337631     3.026894
    1.349903     3.025624
    1.362175     3.024344
    1.374447     3.023049
    1.386719     3.021737
    1.398991     3.020405
    1.411262     3.019053
    1.423534     3.017682
    1.435806     3.016293
    1.448078     3.014890
    1.460350     3.013474
    1.472622     3.012048
    1.484893     3.010616
    1.497165     3.009182
    1.509437     3.007748
    1.521709     3.006314
    1.533981     3.004882
    1.546253     3.003452
    1.558524     3.002024
    1.570796     3.000598
    1.583068     2.999174
    1.595340     2.997752
    1.607612     2.996333
    1.619884     2.994916
    1.632156     2.993503
    1.644427     2.992097
    1.656699     2.990700
    1.668971     2.989314
    1.681243     2.987945
    1.693515     2.986593
    1.705787     2.985263
    1.718059     2.983957
    1.730330     2.982677
    1.742602     2.981426
    1.754874     2.980206
    1.767146     2.979020
    1.779418     2.977873
    1.791690     2.976770
    1.803962     2.975717
    1.816233     2.974720
    1.828505     2.973787
    1.840777     2.972925
    1.853049     2.972141
    1.865321     2.971439
    1.877593     2.970823
    1.889864     2.970294
    1.902136     2.969851
    1.914408     2.969491
    1.926680     2.969208
    1.938952     2.968995
    1.951224     2.968847
    1.963495     2.968756
    1.975767     2.968714
    1.988039     2.968717
    2.000311     2.968758
    2.012583     2.968833
    2.024855     2.968940
    2.037127     2.969074
    2.049398     2.969233
    2.061670     2.969414
    2.073942     2.969612
    2.086214     2.969825
    2.098486     2.970051
    2.110758     2.970287
    2.123029     2.970531
    2.135301     2.970785
    2.147573     2.971046
    2.159845     2.971317
    2.172117     2.971599
    2.184389     2.971891
    2.196661     2.972196
    2.208932     2.972512
    2.221204     2.972838
    2.233476     2.973172
    2.245748     2.973512
    2.258020     2.973857
    2.270292     2.974202
    2.282563     2.974546
    2.294835     2.974885
    2.307107     2.975217
    2.319379     2.975536
    2.331651     2.975840
    2.343923     2.976122
    2.356194     2.976380
    2.368466     2.976611
    2.380738     2.976812
    2.393010     2.976980
    2.405282     2.977112
    2.417554     2.977206
    2.429826     2.977264
    2.442097     2.977283
    2.454369     2.977266
    2.466641     2.977213
    2.478913     2.977126
    2.491185     2.977004
    2.503457     2.976849
    2.515728     2.976660
    2.528000     2.976439
    2.540272     2.976184
    2.552544     2.975900
    2.564816     2.975588
    2.577088     2.975250
    2.589360     2.974890
    2.601631     2.974509
    2.613903     2.974111
    2.626175     2.973693
    2.638447     2.973255
    2.650719     2.972795
    2.662991     2.972309
    2.675262     2.971794
    2.687534     2.971245
    2.699806     2.970659
    2.712078     2.970033
    2.724350     2.969365
    2.736622     2.968652
    2.748894     2.967895
    2.761165     2.967095
    2.773437     2.966254
    2.785709     2.965378
    2.797981     2.964471
    2.810253     2.963538
    2.822525     2.962590
    2.834797     2.961631
    2.847068     2.960667
    2.859340     2.959702
    2.871612     2.958741
    2.883884     2.957783
    2.896156     2.956830
    2.908428     2.955882
    2.920700     2.954938
    2.932971     2.953999
    2.945243     2.953066
    2.957515     2.952140
    2.969787     2.951222
    2.982059     2.950317
    2.994331     2.949430
    3.006603     2.948567
    3.018874     2.947736
    3.031146     2.946946
    3.043418     2.946207
    3.055690     2.945529
    3.067962     2.944921
    3.080234     2.944393
    3.092505     2.943952
    3.104777     2.943603
    3.117049     2.943351
    3.129321     2.943198
    3.141593     2.943147
