# r flatness
    0.012272     4.964217
    0.024544     4.893342
    0.036816     4.789648
    0.049087     4.668195
    0.061359     4.541742
    0.073631     4.418844
    0.085903     4.304177
    0.098175     4.199707
    0.110447     4.105798
    0.122718     4.021976
    0.134990     3.947381
    0.147262     3.881033
    0.159534     3.821962
    0.171806     3.769271
    0.184078     3.722160
    0.196350     3.679924
    0.208621     3.641949
    0.220893     3.607700
    0.233165     3.576710
    0.245437     3.548569
    0.257709     3.522916
    0.269981     3.499431
    0.282252     3.477837
    0.294524     3.457892
    0.306796     3.439391
    0.319068     3.422161
    0.331340     3.406061
    0.343612     3.390976
    0.355884     3.376809
    0.368155     3.363478
    0.380427     3.350908
    0.392699     3.339028
    0.404971     3.327773
    0.417243     3.317077
    0.429515     3.306882
    0.441786     3.297136
    0.454058     3.287792
    0.466330     3.278812
    0.478602     3.270167
    0.490874     3.261830
    0.503146     3.253783
    0.515418     3.246009
    0.527689     3.238492
    0.539961     3.231218
    0.552233     3.224171
    0.564505     3.217329
    0.576777     3.210675
    0.589049     3.204185
    0.601321     3.197837
    0.613592     3.191608
    0.625864     3.185475
    0.638136     3.179421
    0.650408     3.173431
    0.662680     3.167498
    0.674952     3.161614
    0.687223     3.155781
    0.699495     3.149998
    0.711767     3.144268
    0.724039     3.138596
    0.736311     3.132985
    0.748583     3.127442
    0.760854     3.121973
    0.773126     3.116585
    0.785398     3.111284
    0.797670     3.106076
    0.809942     3.100963
    0.822214     3.095947
    0.834486     3.091027
    0.846757     3.086198
    0.859029     3.081452
    0.871301     3.076783
    0.883573     3.072181
    0.895845     3.067637
    0.908117     3.063142
    0.920389     3.058687
    0.932660     3.054267
    0.944932     3.049872
    0.957204     3.045499
    0.969476     3.041144
    0.981748     3.036804
    0.994020     3.032480
    1.006291     3.028174
    1.018563     3.023888
    1.030835     3.019627
    1.043107     3.015395
    1.055379     3.011195
    1.067651     3.007029
    1.079923     3.002897
    1.092194     2.998800
    1.104466     2.994739
    1.116738     2.990713
    1.129010     2.986729
    1.141282     2.982790
    1.153554     2.978906
    1.165825     2.975087
    1.178097     2.971343
    1.190369     2.967684
    1.202641     2.964119
    1.214913     2.960652
    1.227185     2.957287
    1.239457     2.954021
    1.251728     2.950850
    1.264000     2.947764
    1.276272     2.944756
    1.288544     2.941812
    1.300816     2.938924
    1.313088     2.936081
    1.325359     2.933271
    1.337631     2.930485
    1.349903     2.927714
    1.362175     2.924948
    1.374447     2.922176
    1.386719     2.919393
    1.398991     2.916590
    1.411262     2.913763
    1.423534     2.910910
    1.435806     2.908028
    1.448078     2.905120
    1.460350     2.902193
    1.472622     2.899256
    1.484893     2.896320
    1.497165     2.893398
    1.509437     2.890505
    1.521709     2.887654
    1.533981     2.884861
    1.546253     2.882137
    1.558524     2.879493
    1.570796     2.876940
    1.583068     2.874483
    1.595340     2.872129
    1.607612     2.869882
    1.619884     2.867744
    1.632156     2.865715
    1.644427     2.863794
    1.656699     2.861977
    1.668971     2.860263
    1.681243     2.858643
    1.693515     2.857110
    1.705787     2.855658
    1.718059     2.854273
    1.730330     2.852944
    1.742602     2.851660
    1.754874     2.850409
    1.767146     2.849180
    1.779418     2.847965
    1.791690     2.846756
    1.803962     2.845546
    1.816233     2.844331
    1.828505     2.843109
    1.840777     2.841880
    1.853049     2.840647
    1.865321     2.839414
    1.877593     2.838190
    1.889864     2.836983
    1.902136     2.835806
    1.914408     2.834667
    1.926680     2.833579
    1.938952     2.832548
    1.951224     2.831582
    1.963495     2.830685
    1.975767     2.829858
    1.988039     2.829102
    2.000311     2.828418
    2.012583     2.827806
    2.024855     2.827264
    2.037127     2.826793
    2.049398     2.826394
    2.061670     2.826067
    2.073942     2.825813
    2.086214     2.825632
    2.098486     2.825526
    2.110758     2.825494
    2.123029     2.825538
    2.135301     2.825658
    2.147573     2.825851
    2.159845     2.826117
    2.172117     2.826452
    2.184389     2.826849
    2.196661     2.827300
    2.208932     2.827796
    2.221204     2.828328
    2.233476     2.828885
    2.245748     2.829456
    2.258020     2.830031
    2.270292     2.830601
    2.282563     2.831156
    2.294835     2.831686
    2.307107     2.832183
    2.319379     2.832639
    2.331651     2.833044
    2.343923     2.833392
    2.356194     2.833674
    2.368466     2.833883
    2.380738     2.834009
    2.393010     2.834047
    2.405282     2.833990
    2.417554     2.833833
    2.429826     2.833572
    2.442097     2.833210
    2.454369     2.832749
    2.466641     2.832196
    2.478913     2.831562
    2.491185     2.830858
    2.503457     2.830097
    2.515728     2.829294
    2.528000     2.828462
    2.540272     2.827612
    2.552544     2.826754
    2.564816     2.825900
    2.577088     2.825056
    2.589360     2.824229
    2.601631     2.823423
    2.613903     2.822643
    2.626175     2.821889
    2.638447     2.821163
    2.650719     2.820465
    2.662991     2.819795
    2.675262     2.819152
    2.687534     2.818536
    2.699806     2.817948
    2.712078     2.817388
    2.724350     2.816859
    2.736622     2.816364
    2.748894     2.815905
    2.761165     2.815487
    2.773437     2.815113
    2.785709     2.814785
    2.797981     2.814503
    2.810253     2.814266
    2.822525     2.814070
    2.834797     2.813908
    2.847068     2.813773
    2.859340     2.813659
    2.871612     2.813558
    2.883884     2.813462
    2.896156     2.813368
    2.908428     2.813269
    2.920700     2.813163
    2.932971     2.813046
    2.945243     2.812916
    2.957515     2.812769
    2.969787     2.812606
    2.982059     2.812423
    2.994331     2.812222
    3.006603     2.812005
    3.018874     2.811775
    3.031146     2.811537
    3.043418     2.811299
    3.055690     2.811067
    3.067962     2.810853
    3.080234     2.810660
    3.092505     2.810498
    3.104777     2.810368
    3.117049     2.810273
    3.129321     2.810217
    3.141593     2.810198
