# r flatness
    0.012272     5.082596
    0.024544     5.006421
    0.036816     4.895392
    0.049087     4.765914
    0.061359     4.631636
    0.073631     4.501484
    0.085903     4.380167
    0.098175     4.269559
    0.110447     4.169919
    0.122718     4.080698
    0.134990     4.000996
    0.147262     3.929817
    0.159534     3.866190
    0.171806     3.809217
    0.184078     3.758096
    0.196350     3.712112
    0.208621     3.670635
    0.220893     3.633106
    0.233165     3.599028
    0.245437     3.567957
    0.257709     3.539497
    0.269981     3.513302
    0.282252     3.489070
    0.294524     3.466544
    0.306796     3.445512
    0.319068     3.425796
    0.331340     3.407248
    0.343612     3.389754
    0.355884     3.373220
    0.368155     3.357574
    0.380427     3.342760
    0.392699     3.328732
    0.404971     3.315453
    0.417243     3.302887
    0.429515     3.291002
    0.441786     3.279768
    0.454058     3.269156
    0.466330     3.259141
    0.478602     3.249694
    0.490874     3.240788
    0.503146     3.232398
    0.515418     3.224492
    0.527689     3.217043
    0.539961     3.210018
    0.552233     3.203385
    0.564505     3.197105
    0.576777     3.191145
    0.589049     3.185464
    0.601321     3.180027
    0.613592     3.174795
    0.625864     3.169733
    0.638136     3.164808
    0.650408     3.159991
    0.662680     3.155257
    0.674952     3.150586
    0.687223     3.145964
    0.699495     3.141380
    0.711767     3.136829
    0.724039     3.132309
    0.736311     3.127820
    0.748583     3.123366
    0.760854     3.118953
    0.773126     3.114588
    0.785398     3.110282
    0.797670     3.106042
    0.809942     3.101875
    0.822214     3.097789
    0.834486     3.093788
    0.846757     3.089876
    0.859029     3.086054
    0.871301     3.082322
    0.883573     3.078684
    0.895845     3.075141
    0.908117     3.071697
    0.920389     3.068355
    0.932660     3.065119
    0.944932     3.061995
    0.957204     3.058988
    0.969476     3.056103
    0.981748     3.053345
    0.994020     3.050718
    1.006291     3.048227
    1.018563     3.045877
    1.030835     3.043675
    1.043107     3.041623
    1.055379     3.039727
    1.067651     3.037987
    1.079923     3.036402
    1.092194     3.034969
    1.104466     3.033679
    1.116738     3.032524
    1.129010     3.031491
    1.141282     3.030567
    1.153554     3.029736
    1.165825     3.028982
    1.178097     3.028291
    1.190369     3.027646
    1.202641     3.027035
    1.214913     3.026444
    1.227185     3.025865
    1.239457     3.025289
    1.251728     3.024708
    1.264000     3.024116
    1.276272     3.023505
    1.288544     3.022867
    1.300816     3.022194
    1.313088     3.021476
    1.325359     3.020705
    1.337631     3.019874
    1.349903     3.018977
    1.362175     3.018012
    1.374447     3.016978
    1.386719     3.015877
    1.398991     3.014711
    1.411262     3.013481
    1.423534     3.012192
    1.435806     3.010843
    1.448078     3.009437
    1.460350     3.007973
    1.472622     3.006454
    1.484893     3.004876
    1.497165     3.003242
    1.509437     3.001550
    1.521709     2.999802
    1.533981     2.997998
    1.546253     2.996138
    1.558524     2.994222
    1.570796     2.992250
    1.583068     2.990224
    1.595340     2.988144
    1.607612     2.986013
    1.619884     2.983834
    1.632156     2.981614
    1.644427     2.979358
    1.656699     2.977077
    1.668971     2.974782
    1.681243     2.972482
    1.693515     2.970191
    1.705787     2.967921
    1.718059     2.965683
    1.730330     2.963487
    1.742602     2.961342
    1.754874     2.959255
    1.767146     2.957232
    1.779418     2.955275
    1.791690     2.953387
    1.803962     2.951570
    1.816233     2.949825
    1.828505     2.948151
    1.840777     2.946550
    1.853049     2.945024
    1.865321     2.943575
    1.877593     2.942205
    1.889864     2.940916
    1.902136     2.939714
    1.914408     2.938597
    1.926680     2.937569
    1.938952     2.936628
    1.951224     2.935769
    1.963495     2.934989
    1.975767     2.934280
    1.988039     2.933634
    2.000311     2.933040
    2.012583     2.932488
    2.024855     2.931966
    2.037127     2.931465
    2.049398     2.930973
    2.061670     2.930482
    2.073942     2.929985
    2.086214     2.929475
    2.098486     2.928947
    2.110758     2.928399
    2.123029     2.927827
    2.135301     2.927231
    2.147573     2.926613
    2.159845     2.925971
    2.172117     2.925312
    2.184389     2.924637
    2.196661     2.923947
    2.208932     2.923248
    2.221204     2.922539
    2.233476     2.921825
    2.245748     2.921106
    2.258020     2.920383
    2.270292     2.919656
    2.282563     2.918924
    2.294835     2.918187
    2.307107     2.917444
    2.319379     2.916692
    2.331651     2.915929
    2.343923     2.915148
    2.356194     2.914344
    2.368466     2.913510
    2.380738     2.912637
    2.393010     2.911720
    2.405282     2.910749
    2.417554     2.909719
    2.429826     2.908622
    2.442097     2.907450
    2.454369     2.906200
    2.466641     2.904866
    2.478913     2.903445
    2.491185     2.901932
    2.503457     2.900329
    2.515728     2.898637
    2.528000     2.896855
    2.540272     2.894994
    2.552544     2.893058
    2.564816     2.891058
    2.577088     2.889009
    2.589360     2.886923
    2.601631     2.884815
    2.613903     2.882699
    2.626175     2.880589
    2.638447     2.878498
    2.650719     2.876435
    2.662991     2.874408
    2.675262     2.872424
    2.687534     2.870487
    2.699806     2.868602
    2.712078     2.866771
    2.724350     2.864994
    2.736622     2.863271
    2.748894     2.861604
    2.761165     2.859989
    2.773437     2.858425
    2.785709     2.856910
    2.797981     2.855441
    2.810253     2.854018
    2.822525     2.852641
    2.834797     2.851311
    2.847068     2.850029
    2.859340     2.848799
    2.871612     2.847623
    2.883884     2.846503
    2.896156     2.845441
    2.908428     2.844436
    2.920700     2.843490
    2.932971     2.842600
    2.945243     2.841763
    2.957515     2.840977
    2.969787     2.840241
    2.982059     2.839552
    2.994331     2.838910
    3.006603     2.838314
    3.018874     2.837765
    3.031146     2.837264
    3.043418     2.836814
    3.055690     2.836414
    3.067962     2.836067
    3.080234     2.835773
    3.092505     2.835533
    3.104777     2.835346
    3.117049     2.835212
    3.129321     2.835132
    3.141593     2.835105
