# r flatness
    0.012272     5.016455
    0.024544     4.943512
    0.036816     4.836781
    0.049087     4.711671
    0.061359     4.581198
    0.073631     4.454099
    0.085903     4.335215
    0.098175     4.226682
    0.110447     4.129004
    0.122718     4.041766
    0.134990     3.964094
    0.147262     3.894928
    0.159534     3.833185
    0.171806     3.777854
    0.184078     3.728041
    0.196350     3.682985
    0.208621     3.642053
    0.220893     3.604736
    0.233165     3.570620
    0.245437     3.539368
    0.257709     3.510701
    0.269981     3.484380
    0.282252     3.460191
    0.294524     3.437939
    0.306796     3.417443
    0.319068     3.398532
    0.331340     3.381042
    0.343612     3.364820
    0.355884     3.349718
    0.368155     3.335600
    0.380427     3.322339
    0.392699     3.309825
    0.404971     3.297961
    0.417243     3.286667
    0.429515     3.275877
    0.441786     3.265540
    0.454058     3.255616
    0.466330     3.246075
    0.478602     3.236894
    0.490874     3.228054
    0.503146     3.219536
    0.515418     3.211320
    0.527689     3.203383
    0.539961     3.195701
    0.552233     3.188243
    0.564505     3.180983
    0.576777     3.173895
    0.589049     3.166959
    0.601321     3.160156
    0.613592     3.153478
    0.625864     3.146916
    0.638136     3.140465
    0.650408     3.134127
    0.662680     3.127900
    0.674952     3.121788
    0.687223     3.115797
    0.699495     3.109933
    0.711767     3.104203
    0.724039     3.098614
    0.736311     3.093172
    0.748583     3.087882
    0.760854     3.082747
    0.773126     3.077768
    0.785398     3.072950
    0.797670     3.068293
    0.809942     3.063796
    0.822214     3.059460
    0.834486     3.055282
    0.846757     3.051259
    0.859029     3.047388
    0.871301     3.043664
    0.883573     3.040081
    0.895845     3.036634
    0.908117     3.033318
    0.920389     3.030124
    0.932660     3.027047
    0.944932     3.024080
    0.957204     3.021213
    0.969476     3.018438
    0.981748     3.015743
    0.994020     3.013119
    1.006291     3.010556
    1.018563     3.008046
    1.030835     3.005582
    1.043107     3.003164
    1.055379     3.000793
    1.067651     2.998471
    1.079923     2.996207
    1.092194     2.994006
    1.104466     2.991878
    1.116738     2.989831
    1.129010     2.987874
    1.141282     2.986012
    1.153554     2.984251
    1.165825     2.982594
    1.178097     2.981043
    1.190369     2.979599
    1.202641     2.978262
    1.214913     2.977033
    1.227185     2.975914
    1.239457     2.974904
    1.251728     2.974002
    1.264000     2.973205
    1.276272     2.972505
    1.288544     2.971894
    1.300816     2.971362
    1.313088     2.970895
    1.325359     2.970480
    1.337631     2.970107
    1.349903     2.969764
    1.362175     2.969441
    1.374447     2.969132
    1.386719     2.968832
    1.398991     2.968539
    1.411262     2.968251
    1.423534     2.967971
    1.435806     2.967700
    1.448078     2.967439
    1.460350     2.967191
    1.472622     2.966954
    1.484893     2.966726
    1.497165     2.966506
    1.509437     2.966289
    1.521709     2.966072
    1.533981     2.965854
    1.546253     2.965634
    1.558524     2.965412
    1.570796     2.965190
    1.583068     2.964972
    1.595340     2.964761
    1.607612     2.964564
    1.619884     2.964387
    1.632156     2.964236
    1.644427     2.964118
    1.656699     2.964035
    1.668971     2.963988
    1.681243     2.963973
    1.693515     2.963983
    1.705787     2.964006
    1.718059     2.964028
    1.730330     2.964030
    1.742602     2.963997
    1.754874     2.963913
    1.767146     2.963760
    1.779418     2.963528
    1.791690     2.963208
    1.803962     2.962792
    1.816233     2.962278
    1.828505     2.961666
    1.840777     2.960960
    1.853049     2.960164
    1.865321     2.959286
    1.877593     2.958335
    1.889864     2.957320
    1.902136     2.956254
    1.914408     2.955148
    1.926680     2.954011
    1.938952     2.952857
    1.951224     2.951698
    1.963495     2.950543
    1.975767     2.949405
    1.988039     2.948295
    2.000311     2.947224
    2.012583     2.946200
    2.024855     2.945234
    2.037127     2.944331
    2.049398     2.943499
    2.061670     2.942740
    2.073942     2.942056
    2.086214     2.941448
    2.098486     2.940917
    2.110758     2.940459
    2.123029     2.940077
    2.135301     2.939767
    2.147573     2.939528
    2.159845     2.939359
    2.172117     2.939255
    2.184389     2.939214
    2.196661     2.939228
    2.208932     2.939291
    2.221204     2.939396
    2.233476     2.939533
    2.245748     2.939694
    2.258020     2.939867
    2.270292     2.940041
    2.282563     2.940204
    2.294835     2.940344
    2.307107     2.940449
    2.319379     2.940510
    2.331651     2.940521
    2.343923     2.940480
    2.356194     2.940392
    2.368466     2.940267
    2.380738     2.940118
    2.393010     2.939964
    2.405282     2.939825
    2.417554     2.939718
    2.429826     2.939663
    2.442097     2.939672
    2.454369     2.939756
    2.466641     2.939919
    2.478913     2.940164
    2.491185     2.940484
    2.503457     2.940874
    2.515728     2.941324
    2.528000     2.941821
    2.540272     2.942353
    2.552544     2.942909
    2.564816     2.943473
    2.577088     2.944037
    2.589360     2.944588
    2.601631     2.945119
    2.613903     2.945618
    2.626175     2.946078
    2.638447     2.946492
    2.650719     2.946853
    2.662991     2.947154
    2.675262     2.947391
    2.687534     2.947558
    2.699806     2.947655
    2.712078     2.947680
    2.724350     2.947634
    2.736622     2.947521
    2.748894     2.947345
    2.761165     2.947112
    2.773437     2.946828
    2.785709     2.946496
    2.797981     2.946118
    2.810253     2.945693
    2.822525     2.945220
    2.834797     2.944697
    2.847068     2.944119
    2.859340     2.943485
    2.871612     2.942790
    2.883884     2.942035
    2.896156     2.941218
    2.908428     2.940337
    2.920700     2.939395
    2.932971     2.938391
    2.945243     2.937331
    2.957515     2.936220
    2.969787     2.935067
    2.982059     2.933883
    2.994331     2.932683
    3.006603     2.931479
    3.018874     2.930291
    3.031146     2.929134
    3.043418     2.928027
    3.055690     2.926987
    3.067962     2.926031
    3.080234     2.925180
    3.092505     2.924452
    3.104777     2.923862
    3.117049     2.923428
    3.129321     2.923162
    3.141593     2.923073
