# r flatness
    0.012272     5.000572
    0.024544     4.934257
    0.036816     4.836498
    0.049087     4.720791
    0.061359     4.598810
    0.073631     4.478639
    0.085903     4.364918
    0.098175     4.259801
    0.110447     4.163910
    0.122718     4.077025
    0.134990     3.998512
    0.147262     3.927568
    0.159534     3.863370
    0.171806     3.805143
    0.184078     3.752199
    0.196350     3.703943
    0.208621     3.659863
    0.220893     3.619520
    0.233165     3.582533
    0.245437     3.548565
    0.257709     3.517316
    0.269981     3.488520
    0.282252     3.461937
    0.294524     3.437354
    0.306796     3.414577
    0.319068     3.393428
    0.331340     3.373750
    0.343612     3.355400
    0.355884     3.338254
    0.368155     3.322203
    0.380427     3.307149
    0.392699     3.293008
    0.404971     3.279702
    0.417243     3.267159
    0.429515     3.255311
    0.441786     3.244094
    0.454058     3.233449
    0.466330     3.223321
    0.478602     3.213662
    0.490874     3.204431
    0.503146     3.195589
    0.515418     3.187107
    0.527689     3.178958
    0.539961     3.171121
    0.552233     3.163577
    0.564505     3.156314
    0.576777     3.149315
    0.589049     3.142566
    0.601321     3.136053
    0.613592     3.129757
    0.625864     3.123662
    0.638136     3.117750
    0.650408     3.112006
    0.662680     3.106416
    0.674952     3.100965
    0.687223     3.095645
    0.699495     3.090447
    0.711767     3.085365
    0.724039     3.080396
    0.736311     3.075538
    0.748583     3.070791
    0.760854     3.066157
    0.773126     3.061641
    0.785398     3.057246
    0.797670     3.052977
    0.809942     3.048838
    0.822214     3.044837
    0.834486     3.040976
    0.846757     3.037258
    0.859029     3.033688
    0.871301     3.030266
    0.883573     3.026993
    0.895845     3.023868
    0.908117     3.020888
    0.920389     3.018049
    0.932660     3.015345
    0.944932     3.012770
    0.957204     3.010317
    0.969476     3.007977
    0.981748     3.005744
    0.994020     3.003612
    1.006291     3.001574
    1.018563     2.999625
    1.030835     2.997758
    1.043107     2.995970
    1.055379     2.994254
    1.067651     2.992606
    1.079923     2.991025
    1.092194     2.989507
    1.104466     2.988052
    1.116738     2.986663
    1.129010     2.985342
    1.141282     2.984094
    1.153554     2.982924
    1.165825     2.981837
    1.178097     2.980840
    1.190369     2.979938
    1.202641     2.979134
    1.214913     2.978431
    1.227185     2.977828
    1.239457     2.977323
    1.251728     2.976910
    1.264000     2.976581
    1.276272     2.976325
    1.288544     2.976130
    1.300816     2.975982
    1.313088     2.975866
    1.325359     2.975768
    1.337631     2.975676
    1.349903     2.975574
    1.362175     2.975449
    1.374447     2.975286
    1.386719     2.975077
    1.398991     2.974807
    1.411262     2.974467
    1.423534     2.974051
    1.435806     2.973552
    1.448078     2.972967
    1.460350     2.972299
    1.472622     2.971548
    1.484893     2.970722
    1.497165     2.969827
    1.509437     2.968872
    1.521709     2.967866
    1.533981     2.966819
    1.546253     2.965740
    1.558524     2.964640
    1.570796     2.963526
    1.583068     2.962409
    1.595340     2.961296
    1.607612     2.960194
    1.619884     2.959110
    1.632156     2.958049
    1.644427     2.957018
    1.656699     2.956021
    1.668971     2.955062
    1.681243     2.954142
    1.693515     2.953267
    1.705787     2.952438
    1.718059     2.951657
    1.730330     2.950926
    1.742602     2.950248
    1.754874     2.949622
    1.767146     2.949052
    1.779418     2.948539
    1.791690     2.948085
    1.803962     2.947689
    1.816233     2.947351
    1.828505     2.947069
    1.840777     2.946837
    1.853049     2.946648
    1.865321     2.946494
    1.877593     2.946365
    1.889864     2.946250
    1.902136     2.946143
    1.914408     2.946033
    1.926680     2.945916
    1.938952     2.945789
    1.951224     2.945648
    1.963495     2.945495
    1.975767     2.945331
    1.988039     2.945160
    2.000311     2.944987
    2.012583     2.944816
    2.024855     2.944650
    2.037127     2.944494
    2.049398     2.944348
    2.061670     2.944218
    2.073942     2.944106
    2.086214     2.944016
    2.098486     2.943948
    2.110758     2.943908
    2.123029     2.943898
    2.135301     2.943918
    2.147573     2.943967
    2.159845     2.944044
    2.172117     2.944143
    2.184389     2.944257
    2.196661     2.944376
    2.208932     2.944492
    2.221204     2.944593
    2.233476     2.944670
    2.245748     2.944713
    2.258020     2.944711
    2.270292     2.944656
    2.282563     2.944542
    2.294835     2.944360
    2.307107     2.944109
    2.319379     2.943784
    2.331651     2.943383
    2.343923     2.942905
    2.356194     2.942348
    2.368466     2.941712
    2.380738     2.940996
    2.393010     2.940198
    2.405282     2.939318
    2.417554     2.938355
    2.429826     2.937311
    2.442097     2.936186
    2.454369     2.934983
    2.466641     2.933707
    2.478913     2.932363
    2.491185     2.930956
    2.503457     2.929497
    2.515728     2.927994
    2.528000     2.926460
    2.540272     2.924906
    2.552544     2.923346
    2.564816     2.921790
    2.577088     2.920251
    2.589360     2.918738
    2.601631     2.917259
    2.613903     2.915821
    2.626175     2.914430
    2.638447     2.913090
    2.650719     2.911803
    2.662991     2.910572
    2.675262     2.909398
    2.687534     2.908281
    2.699806     2.907222
    2.712078     2.906216
    2.724350     2.905263
    2.736622     2.904359
    2.748894     2.903503
    2.761165     2.902693
    2.773437     2.901926
    2.785709     2.901204
    2.797981     2.900527
    2.810253     2.899896
    2.822525     2.899310
    2.834797     2.898770
    2.847068     2.898273
    2.859340     2.897820
    2.871612     2.897404
    2.883884     2.897022
    2.896156     2.896669
    2.908428     2.896341
    2.920700     2.896032
    2.932971     2.895736
    2.945243     2.895448
    2.957515     2.895167
    2.969787     2.894889
    2.982059     2.894613
    2.994331     2.894340
    3.006603     2.894073
    3.018874     2.893816
    3.031146     2.893573
    3.043418     2.893349
    3.055690     2.893147
    3.067962     2.892968
    3.080234     2.892817
    3.092505     2.892692
    3.104777     2.892595
    3.117049     2.892525
    3.129321     2.892484
    3.141593     2.892470
