# r flatness
    0.012272     4.990117
    0.024544     4.927431
    0.036816     4.834574
    0.049087     4.724002
    0.061359     4.606699
    0.073631     4.490465
    0.085903     4.379946
    0.098175     4.277437
    0.110447     4.183738
    0.122718     4.098785
    0.134990     4.022071
    0.147262     3.952892
    0.159534     3.890484
    0.171806     3.834096
    0.184078     3.783034
    0.196350     3.736670
    0.208621     3.694450
    0.220893     3.655893
    0.233165     3.620589
    0.245437     3.588177
    0.257709     3.558353
    0.269981     3.530853
    0.282252     3.505449
    0.294524     3.481939
    0.306796     3.460147
    0.319068     3.439908
    0.331340     3.421074
    0.343612     3.403505
    0.355884     3.387072
    0.368155     3.371652
    0.380427     3.357134
    0.392699     3.343411
    0.404971     3.330389
    0.417243     3.317979
    0.429515     3.306101
    0.441786     3.294688
    0.454058     3.283681
    0.466330     3.273035
    0.478602     3.262715
    0.490874     3.252693
    0.503146     3.242950
    0.515418     3.233474
    0.527689     3.224252
    0.539961     3.215278
    0.552233     3.206546
    0.564505     3.198052
    0.576777     3.189790
    0.589049     3.181757
    0.601321     3.173949
    0.613592     3.166360
    0.625864     3.158987
    0.638136     3.151824
    0.650408     3.144867
    0.662680     3.138112
    0.674952     3.131555
    0.687223     3.125193
    0.699495     3.119024
    0.711767     3.113045
    0.724039     3.107254
    0.736311     3.101648
    0.748583     3.096225
    0.760854     3.090981
    0.773126     3.085914
    0.785398     3.081021
    0.797670     3.076299
    0.809942     3.071749
    0.822214     3.067369
    0.834486     3.063159
    0.846757     3.059122
    0.859029     3.055259
    0.871301     3.051571
    0.883573     3.048059
    0.895845     3.044724
    0.908117     3.041563
    0.920389     3.038573
    0.932660     3.035749
    0.944932     3.033083
    0.957204     3.030564
    0.969476     3.028180
    0.981748     3.025915
    0.994020     3.023753
    1.006291     3.021676
    1.018563     3.019665
    1.030835     3.017702
    1.043107     3.015770
    1.055379     3.013854
    1.067651     3.011941
    1.079923     3.010021
    1.092194     3.008086
    1.104466     3.006133
    1.116738     3.004159
    1.129010     3.002163
    1.141282     3.000148
    1.153554     2.998116
    1.165825     2.996071
    1.178097     2.994016
    1.190369     2.991957
    1.202641     2.989897
    1.214913     2.987839
    1.227185     2.985786
    1.239457     2.983741
    1.251728     2.981704
    1.264000     2.979674
    1.276272     2.977650
    1.288544     2.975628
    1.300816     2.973604
    1.313088     2.971574
    1.325359     2.969535
    1.337631     2.967481
    1.349903     2.965413
    1.362175     2.963327
    1.374447     2.961225
    1.386719     2.959108
    1.398991     2.956979
    1.411262     2.954841
    1.423534     2.952698
    1.435806     2.950555
    1.448078     2.948415
    1.460350     2.946283
    1.472622     2.944161
    1.484893     2.942056
    1.497165     2.939972
    1.509437     2.937915
    1.521709     2.935892
    1.533981     2.933911
    1.546253     2.931980
    1.558524     2.930107
    1.570796     2.928301
    1.583068     2.926568
    1.595340     2.924915
    1.607612     2.923346
    1.619884     2.921864
    1.632156     2.920470
    1.644427     2.919168
    1.656699     2.917954
    1.668971     2.916831
    1.681243     2.915794
    1.693515     2.914842
    1.705787     2.913971
    1.718059     2.913177
    1.730330     2.912456
    1.742602     2.911804
    1.754874     2.911218
    1.767146     2.910694
    1.779418     2.910229
    1.791690     2.909822
    1.803962     2.909472
    1.816233     2.909175
    1.828505     2.908931
    1.840777     2.908736
    1.853049     2.908587
    1.865321     2.908480
    1.877593     2.908408
    1.889864     2.908366
    1.902136     2.908348
    1.914408     2.908345
    1.926680     2.908351
    1.938952     2.908361
    1.951224     2.908372
    1.963495     2.908381
    1.975767     2.908388
    1.988039     2.908392
    2.000311     2.908393
    2.012583     2.908391
    2.024855     2.908387
    2.037127     2.908383
    2.049398     2.908378
    2.061670     2.908374
    2.073942     2.908372
    2.086214     2.908372
    2.098486     2.908377
    2.110758     2.908386
    2.123029     2.908401
    2.135301     2.908424
    2.147573     2.908455
    2.159845     2.908499
    2.172117     2.908557
    2.184389     2.908631
    2.196661     2.908725
    2.208932     2.908841
    2.221204     2.908982
    2.233476     2.909146
    2.245748     2.909336
    2.258020     2.909553
    2.270292     2.909796
    2.282563     2.910068
    2.294835     2.910368
    2.307107     2.910695
    2.319379     2.911049
    2.331651     2.911430
    2.343923     2.911837
    2.356194     2.912269
    2.368466     2.912724
    2.380738     2.913201
    2.393010     2.913698
    2.405282     2.914212
    2.417554     2.914742
    2.429826     2.915285
    2.442097     2.915841
    2.454369     2.916408
    2.466641     2.916986
    2.478913     2.917577
    2.491185     2.918181
    2.503457     2.918800
    2.515728     2.919437
    2.528000     2.920094
    2.540272     2.920772
    2.552544     2.921471
    2.564816     2.922192
    2.577088     2.922933
    2.589360     2.923690
    2.601631     2.924461
    2.613903     2.925241
    2.626175     2.926026
    2.638447     2.926810
    2.650719     2.927588
    2.662991     2.928357
    2.675262     2.929112
    2.687534     2.929852
    2.699806     2.930574
    2.712078     2.931280
    2.724350     2.931969
    2.736622     2.932644
    2.748894     2.933306
    2.761165     2.933956
    2.773437     2.934596
    2.785709     2.935227
    2.797981     2.935847
    2.810253     2.936454
    2.822525     2.937043
    2.834797     2.937610
    2.847068     2.938148
    2.859340     2.938650
    2.871612     2.939109
    2.883884     2.939519
    2.896156     2.939873
    2.908428     2.940169
    2.920700     2.940401
    2.932971     2.940567
    2.945243     2.940668
    2.957515     2.940704
    2.969787     2.940679
    2.982059     2.940596
    2.994331     2.940461
    3.006603     2.940283
    3.018874     2.940068
    3.031146     2.939828
    3.043418     2.939574
    3.055690     2.939319
    3.067962     2.939072
    3.080234     2.938845
    3.092505     2.938647
    3.104777     2.938484
    3.117049     2.938365
    3.129321     2.938292
    3.141593     2.938267
