# r flatness
    0.012272     5.187282
    0.024544     5.108408
    0.036816     4.994147
    0.049087     4.861753
    0.061359     4.725069
    0.073631     4.592752
    0.085903     4.469166
    0.098175     4.355965
    0.110447     4.253326
    0.122718     4.160684
    0.134990     4.077152
    0.147262     4.001751
    0.159534     3.933532
    0.171806     3.871619
    0.184078     3.815234
    0.196350     3.763695
    0.208621     3.716417
    0.220893     3.672903
    0.233165     3.632739
    0.245437     3.595579
    0.257709     3.561139
    0.269981     3.529177
    0.282252     3.499486
    0.294524     3.471880
    0.306796     3.446189
    0.319068     3.422256
    0.331340     3.399933
    0.343612     3.379084
    0.355884     3.359583
    0.368155     3.341317
    0.380427     3.324181
    0.392699     3.308079
    0.404971     3.292925
    0.417243     3.278641
    0.429515     3.265161
    0.441786     3.252426
    0.454058     3.240386
    0.466330     3.229000
    0.478602     3.218230
    0.490874     3.208043
    0.503146     3.198407
    0.515418     3.189295
    0.527689     3.180679
    0.539961     3.172534
    0.552233     3.164840
    0.564505     3.157575
    0.576777     3.150720
    0.589049     3.144255
    0.601321     3.138161
    0.613592     3.132418
    0.625864     3.127004
    0.638136     3.121901
    0.650408     3.117089
    0.662680     3.112552
    0.674952     3.108276
    0.687223     3.104251
    0.699495     3.100466
    0.711767     3.096913
    0.724039     3.093583
    0.736311     3.090467
    0.748583     3.087554
    0.760854     3.084834
    0.773126     3.082292
    0.785398     3.079912
    0.797670     3.077678
    0.809942     3.075570
    0.822214     3.073566
    0.834486     3.071643
    0.846757     3.069776
    0.859029     3.067940
    0.871301     3.066107
    0.883573     3.064255
    0.895845     3.062361
    0.908117     3.060407
    0.920389     3.058378
    0.932660     3.056264
    0.944932     3.054061
    0.957204     3.051770
    0.969476     3.049400
    0.981748     3.046960
    0.994020     3.044462
    1.006291     3.041920
    1.018563     3.039343
    1.030835     3.036740
    1.043107     3.034115
    1.055379     3.031466
    1.067651     3.028789
    1.079923     3.026078
    1.092194     3.023322
    1.104466     3.020512
    1.116738     3.017637
    1.129010     3.014690
    1.141282     3.011663
    1.153554     3.008551
    1.165825     3.005349
    1.178097     3.002057
    1.190369     2.998676
    1.202641     2.995211
    1.214913     2.991668
    1.227185     2.988059
    1.239457     2.984395
    1.251728     2.980688
    1.264000     2.976950
    1.276272     2.973190
    1.288544     2.969415
    1.300816     2.965631
    1.313088     2.961843
    1.325359     2.958053
    1.337631     2.954265
    1.349903     2.950480
    1.362175     2.946703
    1.374447     2.942939
    1.386719     2.939194
    1.398991     2.935480
    1.411262     2.931807
    1.423534     2.928189
    1.435806     2.924639
    1.448078     2.921175
    1.460350     2.917811
    1.472622     2.914561
    1.484893     2.911441
    1.497165     2.908461
    1.509437     2.905632
    1.521709     2.902961
    1.533981     2.900452
    1.546253     2.898105
    1.558524     2.895918
    1.570796     2.893887
    1.583068     2.892003
    1.595340     2.890257
    1.607612     2.888637
    1.619884     2.887132
    1.632156     2.885729
    1.644427     2.884416
    1.656699     2.883180
    1.668971     2.882009
    1.681243     2.880893
    1.693515     2.879817
    1.705787     2.878771
    1.718059     2.877744
    1.730330     2.876726
    1.742602     2.875710
    1.754874     2.874688
    1.767146     2.873657
    1.779418     2.872614
    1.791690     2.871560
    1.803962     2.870499
    1.816233     2.869432
    1.828505     2.868366
    1.840777     2.867303
    1.853049     2.866248
    1.865321     2.865201
    1.877593     2.864162
    1.889864     2.863130
    1.902136     2.862105
    1.914408     2.861083
    1.926680     2.860062
    1.938952     2.859043
    1.951224     2.858024
    1.963495     2.857008
    1.975767     2.855999
    1.988039     2.855002
    2.000311     2.854026
    2.012583     2.853080
    2.024855     2.852174
    2.037127     2.851319
    2.049398     2.850525
    2.061670     2.849804
    2.073942     2.849164
    2.086214     2.848617
    2.098486     2.848170
    2.110758     2.847829
    2.123029     2.847601
    2.135301     2.847486
    2.147573     2.847484
    2.159845     2.847590
    2.172117     2.847795
    2.184389     2.848089
    2.196661     2.848458
    2.208932     2.848888
    2.221204     2.849364
    2.233476     2.849871
    2.245748     2.850395
    2.258020     2.850926
    2.270292     2.851455
    2.282563     2.851975
    2.294835     2.852484
    2.307107     2.852982
    2.319379     2.853475
    2.331651     2.853968
    2.343923     2.854471
    2.356194     2.854997
    2.368466     2.855557
    2.380738     2.856166
    2.393010     2.856832
    2.405282     2.857563
    2.417554     2.858366
    2.429826     2.859238
    2.442097     2.860177
    2.454369     2.861176
    2.466641     2.862225
    2.478913     2.863316
    2.491185     2.864438
    2.503457     2.865582
    2.515728     2.866738
    2.528000     2.867902
    2.540272     2.869065
    2.552544     2.870223
    2.564816     2.871373
    2.577088     2.872510
    2.589360     2.873633
    2.601631     2.874741
    2.613903     2.875833
    2.626175     2.876908
    2.638447     2.877967
    2.650719     2.879006
    2.662991     2.880027
    2.675262     2.881025
    2.687534     2.881996
    2.699806     2.882936
    2.712078     2.883834
    2.724350     2.884688
    2.736622     2.885491
    2.748894     2.886239
    2.761165     2.886928
    2.773437     2.887553
    2.785709     2.888116
    2.797981     2.888612
    2.810253     2.889044
    2.822525     2.889411
    2.834797     2.889718
    2.847068     2.889970
    2.859340     2.890169
    2.871612     2.890323
    2.883884     2.890437
    2.896156     2.890514
    2.908428     2.890558
    2.920700     2.890570
    2.932971     2.890551
    2.945243     2.890500
    2.957515     2.890417
    2.969787     2.890302
    2.982059     2.890157
    2.994331     2.889982
    3.006603     2.889785
    3.018874     2.889569
    3.031146     2.889341
    3.043418     2.889110
    3.055690     2.888883
    3.067962     2.888668
    3.080234     2.888474
    3.092505     2.888306
    3.104777     2.888170
    3.117049     2.888070
    3.129321     2.888009
    3.141593     2.887988
