# r flatness
    0.012272     5.127787
    0.024544     5.055502
    0.036816     4.949374
    0.049087     4.824434
    0.061359     4.693513
    0.073631     4.565307
    0.085903     4.444651
    0.098175     4.333675
    0.110447     4.232913
    0.122718     4.142067
    0.134990     4.060445
    0.147262     3.987202
    0.159534     3.921459
    0.171806     3.862355
    0.184078     3.809078
    0.196350     3.760878
    0.208621     3.717073
    0.220893     3.677058
    0.233165     3.640304
    0.245437     3.606354
    0.257709     3.574826
    0.269981     3.545403
    0.282252     3.517827
    0.294524     3.491894
    0.306796     3.467439
    0.319068     3.444338
    0.331340     3.422493
    0.343612     3.401832
    0.355884     3.382298
    0.368155     3.363847
    0.380427     3.346444
    0.392699     3.330053
    0.404971     3.314634
    0.417243     3.300146
    0.429515     3.286539
    0.441786     3.273759
    0.454058     3.261748
    0.466330     3.250445
    0.478602     3.239792
    0.490874     3.229732
    0.503146     3.220210
    0.515418     3.211175
    0.527689     3.202581
    0.539961     3.194387
    0.552233     3.186552
    0.564505     3.179044
    0.576777     3.171833
    0.589049     3.164896
    0.601321     3.158213
    0.613592     3.151771
    0.625864     3.145564
    0.638136     3.139591
    0.650408     3.133857
    0.662680     3.128373
    0.674952     3.123151
    0.687223     3.118200
    0.699495     3.113530
    0.711767     3.109145
    0.724039     3.105045
    0.736311     3.101225
    0.748583     3.097675
    0.760854     3.094384
    0.773126     3.091336
    0.785398     3.088512
    0.797670     3.085895
    0.809942     3.083462
    0.822214     3.081195
    0.834486     3.079068
    0.846757     3.077062
    0.859029     3.075152
    0.871301     3.073314
    0.883573     3.071526
    0.895845     3.069765
    0.908117     3.068012
    0.920389     3.066248
    0.932660     3.064460
    0.944932     3.062635
    0.957204     3.060769
    0.969476     3.058858
    0.981748     3.056903
    0.994020     3.054911
    1.006291     3.052888
    1.018563     3.050840
    1.030835     3.048780
    1.043107     3.046715
    1.055379     3.044650
    1.067651     3.042593
    1.079923     3.040545
    1.092194     3.038509
    1.104466     3.036485
    1.116738     3.034469
    1.129010     3.032457
    1.141282     3.030445
    1.153554     3.028426
    1.165825     3.026392
    1.178097     3.024335
    1.190369     3.022245
    1.202641     3.020117
    1.214913     3.017940
    1.227185     3.015709
    1.239457     3.013417
    1.251728     3.011059
    1.264000     3.008632
    1.276272     3.006135
    1.288544     3.003570
    1.300816     3.000940
    1.313088     2.998253
    1.325359     2.995518
    1.337631     2.992747
    1.349903     2.989955
    1.362175     2.987157
    1.374447     2.984368
    1.386719     2.981605
    1.398991     2.978884
    1.411262     2.976218
    1.423534     2.973620
    1.435806     2.971097
    1.448078     2.968654
    1.460350     2.966296
    1.472622     2.964021
    1.484893     2.961827
    1.497165     2.959709
    1.509437     2.957663
    1.521709     2.955682
    1.533981     2.953760
    1.546253     2.951890
    1.558524     2.950070
    1.570796     2.948294
    1.583068     2.946560
    1.595340     2.944865
    1.607612     2.943212
    1.619884     2.941602
    1.632156     2.940039
    1.644427     2.938527
    1.656699     2.937074
    1.668971     2.935684
    1.681243     2.934366
    1.693515     2.933125
    1.705787     2.931966
    1.718059     2.930895
    1.730330     2.929916
    1.742602     2.929032
    1.754874     2.928244
    1.767146     2.927554
    1.779418     2.926962
    1.791690     2.926466
    1.803962     2.926064
    1.816233     2.925756
    1.828505     2.925539
    1.840777     2.925413
    1.853049     2.925375
    1.865321     2.925424
    1.877593     2.925555
    1.889864     2.925767
    1.902136     2.926054
    1.914408     2.926414
    1.926680     2.926842
    1.938952     2.927336
    1.951224     2.927894
    1.963495     2.928514
    1.975767     2.929192
    1.988039     2.929927
    2.000311     2.930714
    2.012583     2.931552
    2.024855     2.932438
    2.037127     2.933368
    2.049398     2.934342
    2.061670     2.935357
    2.073942     2.936417
    2.086214     2.937522
    2.098486     2.938677
    2.110758     2.939887
    2.123029     2.941156
    2.135301     2.942492
    2.147573     2.943900
    2.159845     2.945382
    2.172117     2.946944
    2.184389     2.948586
    2.196661     2.950303
    2.208932     2.952095
    2.221204     2.953950
    2.233476     2.955858
    2.245748     2.957808
    2.258020     2.959783
    2.270292     2.961771
    2.282563     2.963755
    2.294835     2.965720
    2.307107     2.967653
    2.319379     2.969540
    2.331651     2.971370
    2.343923     2.973133
    2.356194     2.974824
    2.368466     2.976434
    2.380738     2.977959
    2.393010     2.979398
    2.405282     2.980745
    2.417554     2.982000
    2.429826     2.983166
    2.442097     2.984243
    2.454369     2.985234
    2.466641     2.986144
    2.478913     2.986979
    2.491185     2.987745
    2.503457     2.988445
    2.515728     2.989086
    2.528000     2.989671
    2.540272     2.990205
    2.552544     2.990690
    2.564816     2.991130
    2.577088     2.991528
    2.589360     2.991886
    2.601631     2.992212
    2.613903     2.992511
    2.626175     2.992788
    2.638447     2.993052
    2.650719     2.993309
    2.662991     2.993567
    2.675262     2.993833
    2.687534     2.994112
    2.699806     2.994411
    2.712078     2.994735
    2.724350     2.995090
    2.736622     2.995481
    2.748894     2.995908
    2.761165     2.996375
    2.773437     2.996881
    2.785709     2.997423
    2.797981     2.997998
    2.810253     2.998601
    2.822525     2.999226
    2.834797     2.999867
    2.847068     3.000517
    2.859340     3.001169
    2.871612     3.001817
    2.883884     3.002452
    2.896156     3.003069
    2.908428     3.003662
    2.920700     3.004227
    2.932971     3.004757
    2.945243     3.005250
    2.957515     3.005704
    2.969787     3.006116
    2.982059     3.006485
    2.994331     3.006812
    3.006603     3.007096
    3.018874     3.007339
    3.031146     3.007543
    3.043418     3.007710
    3.055690     3.007843
    3.067962     3.007946
    3.080234     3.008022
    3.092505     3.008075
    3.104777     3.008112
    3.117049     3.008134
    3.129321     3.008146
    3.141593     3.008150
