# r flatness
    0.012272     5.211811
    0.024544     5.134090
    0.036816     5.020758
    0.049087     4.888366
    0.061359     4.750631
    0.073631     4.616579
    0.085903     4.491067
    0.098175     4.376117
    0.110447     4.272086
    0.122718     4.178468
    0.134990     4.094367
    0.147262     4.018762
    0.159534     3.950659
    0.171806     3.889144
    0.184078     3.833412
    0.196350     3.782766
    0.208621     3.736605
    0.220893     3.694418
    0.233165     3.655764
    0.245437     3.620265
    0.257709     3.587595
    0.269981     3.557473
    0.282252     3.529655
    0.294524     3.503929
    0.306796     3.480114
    0.319068     3.458052
    0.331340     3.437603
    0.343612     3.418641
    0.355884     3.401056
    0.368155     3.384743
    0.380427     3.369603
    0.392699     3.355544
    0.404971     3.342477
    0.417243     3.330315
    0.429515     3.318974
    0.441786     3.308374
    0.454058     3.298434
    0.466330     3.289081
    0.478602     3.280245
    0.490874     3.271861
    0.503146     3.263872
    0.515418     3.256231
    0.527689     3.248898
    0.539961     3.241843
    0.552233     3.235047
    0.564505     3.228500
    0.576777     3.222199
    0.589049     3.216148
    0.601321     3.210354
    0.613592     3.204825
    0.625864     3.199570
    0.638136     3.194593
    0.650408     3.189897
    0.662680     3.185476
    0.674952     3.181326
    0.687223     3.177434
    0.699495     3.173789
    0.711767     3.170375
    0.724039     3.167175
    0.736311     3.164171
    0.748583     3.161343
    0.760854     3.158669
    0.773126     3.156126
    0.785398     3.153687
    0.797670     3.151328
    0.809942     3.149022
    0.822214     3.146743
    0.834486     3.144468
    0.846757     3.142177
    0.859029     3.139851
    0.871301     3.137480
    0.883573     3.135056
    0.895845     3.132574
    0.908117     3.130035
    0.920389     3.127440
    0.932660     3.124796
    0.944932     3.122109
    0.957204     3.119385
    0.969476     3.116629
    0.981748     3.113843
    0.994020     3.111027
    1.006291     3.108176
    1.018563     3.105283
    1.030835     3.102337
    1.043107     3.099327
    1.055379     3.096240
    1.067651     3.093065
    1.079923     3.089793
    1.092194     3.086416
    1.104466     3.082927
    1.116738     3.079324
    1.129010     3.075610
    1.141282     3.071786
    1.153554     3.067862
    1.165825     3.063849
    1.178097     3.059764
    1.190369     3.055626
    1.202641     3.051455
    1.214913     3.047272
    1.227185     3.043102
    1.239457     3.038966
    1.251728     3.034887
    1.264000     3.030885
    1.276272     3.026981
    1.288544     3.023193
    1.300816     3.019536
    1.313088     3.016021
    1.325359     3.012658
    1.337631     3.009451
    1.349903     3.006403
    1.362175     3.003515
    1.374447     3.000785
    1.386719     2.998210
    1.398991     2.995785
    1.411262     2.993502
    1.423534     2.991353
    1.435806     2.989326
    1.448078     2.987408
    1.460350     2.985585
    1.472622     2.983843
    1.484893     2.982169
    1.497165     2.980550
    1.509437     2.978974
    1.521709     2.977432
    1.533981     2.975920
    1.546253     2.974432
    1.558524     2.972965
    1.570796     2.971521
    1.583068     2.970100
    1.595340     2.968705
    1.607612     2.967339
    1.619884     2.966005
    1.632156     2.964707
    1.644427     2.963449
    1.656699     2.962234
    1.668971     2.961066
    1.681243     2.959950
    1.693515     2.958891
    1.705787     2.957894
    1.718059     2.956966
    1.730330     2.956113
    1.742602     2.955343
    1.754874     2.954659
    1.767146     2.954068
    1.779418     2.953571
    1.791690     2.953167
    1.803962     2.952855
    1.816233     2.952633
    1.828505     2.952495
    1.840777     2.952437
    1.853049     2.952452
    1.865321     2.952531
    1.877593     2.952666
    1.889864     2.952845
    1.902136     2.953057
    1.914408     2.953290
    1.926680     2.953532
    1.938952     2.953771
    1.951224     2.953998
    1.963495     2.954206
    1.975767     2.954388
    1.988039     2.954540
    2.000311     2.954661
    2.012583     2.954749
    2.024855     2.954806
    2.037127     2.954833
    2.049398     2.954832
    2.061670     2.954805
    2.073942     2.954754
    2.086214     2.954677
    2.098486     2.954574
    2.110758     2.954444
    2.123029     2.954283
    2.135301     2.954091
    2.147573     2.953867
    2.159845     2.953609
    2.172117     2.953317
    2.184389     2.952993
    2.196661     2.952637
    2.208932     2.952250
    2.221204     2.951834
    2.233476     2.951393
    2.245748     2.950929
    2.258020     2.950448
    2.270292     2.949954
    2.282563     2.949454
    2.294835     2.948954
    2.307107     2.948457
    2.319379     2.947968
    2.331651     2.947489
    2.343923     2.947020
    2.356194     2.946562
    2.368466     2.946111
    2.380738     2.945668
    2.393010     2.945228
    2.405282     2.944791
    2.417554     2.944352
    2.429826     2.943912
    2.442097     2.943465
    2.454369     2.943014
    2.466641     2.942556
    2.478913     2.942093
    2.491185     2.941626
    2.503457     2.941160
    2.515728     2.940699
    2.528000     2.940247
    2.540272     2.939809
    2.552544     2.939388
    2.564816     2.938988
    2.577088     2.938610
    2.589360     2.938255
    2.601631     2.937920
    2.613903     2.937604
    2.626175     2.937303
    2.638447     2.937014
    2.650719     2.936731
    2.662991     2.936453
    2.675262     2.936173
    2.687534     2.935887
    2.699806     2.935590
    2.712078     2.935278
    2.724350     2.934945
    2.736622     2.934586
    2.748894     2.934197
    2.761165     2.933774
    2.773437     2.933314
    2.785709     2.932813
    2.797981     2.932272
    2.810253     2.931690
    2.822525     2.931069
    2.834797     2.930412
    2.847068     2.929724
    2.859340     2.929010
    2.871612     2.928277
    2.883884     2.927533
    2.896156     2.926784
    2.908428     2.926039
    2.920700     2.925303
    2.932971     2.924584
    2.945243     2.923886
    2.957515     2.923210
    2.969787     2.922561
    2.982059     2.921942
    2.994331     2.921354
    3.006603     2.920801
    3.018874     2.920287
    3.031146     2.919815
    3.043418     2.919389
    3.055690     2.919009
    3.067962     2.918681
    3.080234     2.918403
    3.092505     2.918177
    3.104777     2.918003
    3.117049     2.917878
    3.129321     2.917804
    3.141593     2.917780
