 # Isotropy Coefficients: Standard IC = E₂₂/E₁₁ (should be 4/3 for isotropy)
 # Derivative-based IC = [2E₂₂ - k dE₁₁/dk] / [2E₁₁] (alternative definition)
 # Columns: k, E11(k), E22(k), E33(k), dE11/dk, IC_standard, IC_derivative
  0.10000000E+01  0.62187191E-05  0.18901626E-05  0.30605145E-05  0.18860792E-04  0.30394724E+00  0.28533757E+00
  0.20000000E+01  0.25079511E-04  0.18838207E-04  0.25124516E-04 -0.16284158E-05  0.75113934E+00  0.75193614E+00
  0.30000000E+01  0.29618875E-05  0.37064524E-05  0.41757876E-05 -0.13751003E-04  0.12513819E+01  0.13368427E+01
  0.40000000E+01  0.40132995E-05  0.35654652E-05  0.33168751E-05  0.17334669E-05  0.88841242E+00  0.87781125E+00
  0.50000000E+01  0.27010565E-05  0.31813129E-05  0.30318345E-05 -0.11379246E-05  0.11778032E+01  0.11907282E+01
  0.60000000E+01  0.21912610E-05  0.21299074E-05  0.22151105E-05 -0.23858709E-06  0.97200078E+00  0.97600931E+00
  0.70000000E+01  0.20406746E-05  0.20117532E-05  0.21475007E-05 -0.30712818E-06  0.98582751E+00  0.99229181E+00
  0.80000000E+01  0.15932902E-05  0.14897553E-05  0.16490897E-05 -0.20429654E-06  0.93501812E+00  0.94131231E+00
  0.90000000E+01  0.16028282E-05  0.14837973E-05  0.15184196E-05 -0.21001661E-06  0.92573696E+00  0.93297279E+00
  0.10000000E+02  0.11400479E-05  0.11304301E-05  0.11692255E-05 -0.38501261E-06  0.99156368E+00  0.10122857E+01
  0.11000000E+02  0.93493486E-06  0.98648297E-06  0.10092344E-05 -0.10374149E-06  0.10551355E+01  0.10626249E+01
  0.12000000E+02  0.87029451E-06  0.82849624E-06  0.85654614E-06 -0.11857531E-06  0.95197225E+00  0.96200430E+00
  0.13000000E+02  0.68969962E-06  0.70882857E-06  0.71915900E-06 -0.14227054E-06  0.10277352E+01  0.10441895E+01
  0.14000000E+02  0.60106964E-06  0.61246021E-06  0.66475678E-06 -0.10028256E-06  0.10189505E+01  0.10332825E+01
  0.15000000E+02  0.48838234E-06  0.44782362E-06  0.50422062E-06 -0.66812298E-07  0.91695297E+00  0.92954415E+00
  0.16000000E+02  0.46314705E-06  0.46160392E-06  0.48323699E-06 -0.43321560E-07  0.99666816E+00  0.10058511E+01
  0.17000000E+02  0.38806641E-06  0.38804222E-06  0.41211618E-06 -0.79065174E-07  0.99993765E+00  0.10211900E+01
  0.18000000E+02  0.31840085E-06  0.33736094E-06  0.34205837E-06 -0.54268444E-07  0.10595479E+01  0.10783725E+01
  0.19000000E+02  0.27919478E-06  0.27339092E-06  0.28710943E-06 -0.36162501E-07  0.97921216E+00  0.99431241E+00
  0.20000000E+02  0.24339536E-06  0.24034361E-06  0.24925788E-06 -0.27192238E-07  0.98746175E+00  0.10011719E+01
  0.21000000E+02  0.22197257E-06  0.22883427E-06  0.23505716E-06 -0.27790621E-07  0.10309124E+01  0.10470448E+01
  0.22000000E+02  0.18693001E-06  0.17977709E-06  0.18713031E-06 -0.32351160E-07  0.96173477E+00  0.98509699E+00
  0.23000000E+02  0.16095947E-06  0.16244559E-06  0.16399150E-06 -0.20943252E-07  0.10092329E+01  0.10275955E+01
  0.24000000E+02  0.14350448E-06  0.14274866E-06  0.14725863E-06 -0.17042801E-07  0.99473315E+00  0.10122223E+01
  0.25000000E+02  0.12588733E-06  0.12559424E-06  0.13175131E-06 -0.16414674E-07  0.99767184E+00  0.10176737E+01
  0.26000000E+02  0.11086643E-06  0.11177119E-06  0.11023972E-06 -0.14492469E-07  0.10081607E+01  0.10290151E+01
  0.27000000E+02  0.96831158E-07  0.93826763E-07  0.10073868E-06 -0.12953638E-07  0.96897286E+00  0.99113548E+00
  0.28000000E+02  0.84964789E-07  0.83646476E-07  0.88096613E-07 -0.11205444E-07  0.98448402E+00  0.10071423E+01
  0.29000000E+02  0.74117821E-07  0.73214260E-07  0.77481687E-07 -0.11021829E-07  0.98780912E+00  0.10142703E+01
  0.30000000E+02  0.63625095E-07  0.63163981E-07  0.65701748E-07 -0.75342710E-08  0.99275267E+00  0.10145506E+01
  0.31000000E+02  0.58375544E-07  0.57227389E-07  0.58558172E-07 -0.71578419E-08  0.98033154E+00  0.10036551E+01
  0.32000000E+02  0.49437833E-07  0.51156093E-07  0.50947556E-07 -0.60724425E-08  0.10347559E+01  0.10588735E+01
  0.33000000E+02  0.46513840E-07  0.46350429E-07  0.46898148E-07 -0.33194427E-08  0.99648684E+00  0.10109371E+01
  0.34000000E+02  0.41600771E-07  0.41247606E-07  0.41868557E-07 -0.59184821E-08  0.99151063E+00  0.10211909E+01
  0.35000000E+02  0.35512343E-07  0.35361573E-07  0.36245471E-07 -0.45968460E-08  0.99575442E+00  0.10235534E+01
  0.36000000E+02  0.32447655E-07  0.32842468E-07  0.32776331E-07 -0.33670655E-08  0.10121677E+01  0.10350895E+01
  0.37000000E+02  0.28451074E-07  0.27952893E-07  0.29848724E-07 -0.35446657E-08  0.98248988E+00  0.10107751E+01
  0.38000000E+02  0.25515408E-07  0.25700873E-07  0.26412046E-07 -0.29172165E-08  0.10072687E+01  0.10339268E+01
  0.39000000E+02  0.22590356E-07  0.22146109E-07  0.22802643E-07 -0.24737434E-08  0.98033464E+00  0.10065391E+01
  0.40000000E+02  0.20568507E-07  0.20254097E-07  0.20660568E-07 -0.19026010E-08  0.98471403E+00  0.10074171E+01
  0.41000000E+02  0.18560781E-07  0.18492646E-07  0.18485538E-07 -0.23299804E-08  0.99632907E+00  0.10279096E+01
  0.42000000E+02  0.16110020E-07  0.15981858E-07  0.16413173E-07 -0.18103391E-08  0.99204457E+00  0.10210042E+01
  0.43000000E+02  0.14882223E-07  0.14948505E-07  0.14841040E-07 -0.16253655E-08  0.10044538E+01  0.10332696E+01
  0.44000000E+02  0.12864104E-07  0.12937338E-07  0.12936009E-07 -0.13729653E-08  0.10056930E+01  0.10345075E+01
  0.45000000E+02  0.12097832E-07  0.12081498E-07  0.12178420E-07 -0.12622765E-08  0.99864990E+00  0.10274596E+01
  0.46000000E+02  0.10310477E-07  0.10290432E-07  0.10562965E-07 -0.13009945E-08  0.99805582E+00  0.10336709E+01
  0.47000000E+02  0.96005275E-08  0.95428740E-08  0.97368504E-08 -0.84970991E-09  0.99399477E+00  0.10195191E+01
  0.48000000E+02  0.84976017E-08  0.85476133E-08  0.86906056E-08 -0.94475505E-09  0.10058854E+01  0.10386302E+01
  0.49000000E+02  0.77913525E-08  0.76829183E-08  0.77467073E-08 -0.60038813E-09  0.98608273E+00  0.10092511E+01
  0.50000000E+02  0.71741373E-08  0.69584911E-08  0.70871997E-08 -0.82224677E-09  0.96994120E+00  0.10051039E+01
  0.51000000E+02  0.62174692E-08  0.61971583E-08  0.62635936E-08 -0.72150058E-09  0.99673325E+00  0.10330472E+01
  0.52000000E+02  0.57734977E-08  0.57095950E-08  0.57906209E-08 -0.44124640E-09  0.98893172E+00  0.10133169E+01
  0.53000000E+02  0.52442437E-08  0.51393183E-08  0.51888658E-08 -0.55788413E-09  0.97999227E+00  0.10145875E+01
  0.54000000E+02  0.46832906E-08  0.45669277E-08  0.46146580E-08 -0.54028526E-09  0.97515363E+00  0.10133785E+01
  0.55000000E+02  0.41904218E-08  0.42222603E-08  0.42847770E-08 -0.43036052E-09  0.10075979E+01  0.10422571E+01
  0.56000000E+02  0.38263450E-08  0.37788213E-08  0.37957930E-08 -0.29666694E-09  0.98757988E+00  0.10142211E+01
  0.57000000E+02  0.35530054E-08  0.35555903E-08  0.35322816E-08 -0.34344041E-09  0.10007275E+01  0.10345348E+01
  0.58000000E+02  0.31439642E-08  0.31131429E-08  0.31870107E-08 -0.36824976E-09  0.99019665E+00  0.10318810E+01
  0.59000000E+02  0.28526608E-08  0.28702565E-08  0.28595026E-08 -0.23736579E-09  0.10061681E+01  0.10362912E+01
  0.60000000E+02  0.26425855E-08  0.26000890E-08  0.26411104E-08 -0.22733289E-09  0.98391861E+00  0.10155898E+01
  0.61000000E+02  0.23903657E-08  0.23538613E-08  0.24013957E-08 -0.23761773E-09  0.98472857E+00  0.10219355E+01
  0.62000000E+02  0.21735980E-08  0.21527895E-08  0.21747326E-08 -0.22324337E-09  0.99042672E+00  0.10294992E+01
  0.63000000E+02  0.19521735E-08  0.19113979E-08  0.19472599E-08 -0.17867378E-09  0.97911274E+00  0.10144931E+01
  0.64000000E+02  0.18159684E-08  0.18077422E-08  0.18289785E-08 -0.12759528E-09  0.99547005E+00  0.10230623E+01
  0.65000000E+02  0.16734139E-08  0.16563150E-08  0.16573901E-08 -0.17869477E-09  0.98978204E+00  0.10323715E+01
  0.66000000E+02  0.14746641E-08  0.14720056E-08  0.14775277E-08 -0.15591924E-09  0.99819726E+00  0.10410156E+01
  0.67000000E+02  0.13660763E-08  0.13571154E-08  0.13602396E-08 -0.12090740E-09  0.99344045E+00  0.10298264E+01
  0.68000000E+02  0.12282987E-08  0.12246448E-08  0.12280205E-08 -0.10471046E-09  0.99702525E+00  0.10325946E+01
  0.69000000E+02  0.11533797E-08  0.11377231E-08  0.11480508E-08 -0.96812065E-10  0.98642546E+00  0.10219630E+01
  0.70000000E+02  0.10296173E-08  0.10237152E-08  0.10238740E-08 -0.11407020E-09  0.99426770E+00  0.10418532E+01
  0.71000000E+02  0.93836994E-09  0.93131247E-09  0.94336938E-09 -0.71727652E-10  0.99247903E+00  0.10257796E+01
  0.72000000E+02  0.87706287E-09  0.85473906E-09  0.86625307E-09 -0.71923502E-10  0.97454709E+00  0.10107757E+01
  0.73000000E+02  0.79367629E-09  0.77742307E-09  0.78834428E-09 -0.71336076E-10  0.97952157E+00  0.10197811E+01
  0.74000000E+02  0.73515027E-09  0.72128514E-09  0.73168338E-09 -0.67008142E-10  0.98113972E+00  0.10225266E+01
  0.75000000E+02  0.65910233E-09  0.64399375E-09  0.65911665E-09 -0.67379283E-10  0.97707701E+00  0.10241221E+01
  0.76000000E+02  0.60456878E-09  0.59580685E-09  0.60601246E-09 -0.48258463E-10  0.98550713E+00  0.10227309E+01
  0.77000000E+02  0.55757599E-09  0.54836496E-09  0.55762484E-09 -0.52337135E-10  0.98348022E+00  0.10278285E+01
  0.78000000E+02  0.50204130E-09  0.50122273E-09  0.50739052E-09 -0.45432866E-10  0.99836951E+00  0.10416813E+01
  0.79000000E+02  0.46692811E-09  0.45961954E-09  0.46199747E-09 -0.38160735E-10  0.98434752E+00  0.10239638E+01
  0.80000000E+02  0.42458018E-09  0.42073767E-09  0.42362294E-09 -0.35910479E-10  0.99094987E+00  0.10324674E+01
  0.81000000E+02  0.39581582E-09  0.38993747E-09  0.39689294E-09 -0.29058306E-10  0.98514879E+00  0.10216361E+01
  0.82000000E+02  0.36406880E-09  0.35553091E-09  0.36137637E-09 -0.32524424E-10  0.97654867E+00  0.10214976E+01
  0.83000000E+02  0.33153671E-09  0.32486347E-09  0.33171982E-09 -0.32650160E-10  0.97987175E+00  0.10300264E+01
  0.84000000E+02  0.30064048E-09  0.29291222E-09  0.29898059E-09 -0.25401030E-10  0.97429401E+00  0.10178415E+01
  0.85000000E+02  0.28019109E-09  0.27635169E-09  0.27874103E-09 -0.20310574E-10  0.98629719E+00  0.10241038E+01
  0.86000000E+02  0.25811631E-09  0.25218319E-09  0.25566033E-09 -0.23091152E-10  0.97701377E+00  0.10242209E+01
  0.87000000E+02  0.23507016E-09  0.23157642E-09  0.23290322E-09 -0.20937002E-10  0.98513746E+00  0.10326837E+01
  0.88000000E+02  0.21676687E-09  0.21331997E-09  0.21601936E-09 -0.16853768E-10  0.98409861E+00  0.10260810E+01
  0.89000000E+02  0.20063956E-09  0.19567051E-09  0.20008421E-09 -0.15538739E-10  0.97523391E+00  0.10175270E+01
  0.90000000E+02  0.18491669E-09  0.18122061E-09  0.18297172E-09 -0.17464249E-10  0.98001218E+00  0.10321672E+01
  0.91000000E+02  0.16673365E-09  0.16625794E-09  0.16835661E-09 -0.14982455E-10  0.99714684E+00  0.10473211E+01
  0.92000000E+02  0.15509058E-09  0.15230256E-09  0.15598565E-09 -0.12099215E-10  0.98202330E+00  0.10260625E+01
  0.93000000E+02  0.14182015E-09  0.13965548E-09  0.14260085E-09 -0.12350433E-10  0.98473650E+00  0.10344309E+01
  0.94000000E+02  0.13079927E-09  0.12877992E-09  0.13021360E-09 -0.10554712E-10  0.98456138E+00  0.10311038E+01
  0.95000000E+02  0.12060840E-09  0.11798380E-09  0.11920237E-09 -0.93382168E-11  0.97823870E+00  0.10233713E+01
  0.96000000E+02  0.11205310E-09  0.11040679E-09  0.11109361E-09 -0.82852830E-11  0.98530775E+00  0.10288624E+01
  0.97000000E+02  0.10390937E-09  0.10137409E-09  0.10236786E-09 -0.74466648E-11  0.97560102E+00  0.10182549E+01
  0.98000000E+02  0.96630495E-10  0.94744927E-10  0.95549027E-10 -0.89323722E-11  0.98048681E+00  0.10360719E+01
  0.99000000E+02  0.86587487E-10  0.86151884E-10  0.86025763E-10 -0.81932430E-11  0.99496919E+00  0.10524491E+01
  0.10000000E+03  0.80666446E-10  0.79919633E-10  0.80217874E-10 -0.57293185E-11  0.99074197E+00  0.10343223E+01
  0.10100000E+03  0.74515914E-10  0.73826292E-10  0.73814822E-10 -0.59998278E-11  0.99074531E+00  0.10406442E+01
  0.10200000E+03  0.68809722E-10  0.68352296E-10  0.68385145E-10 -0.52940616E-11  0.99335229E+00  0.10415049E+01
  0.10300000E+03  0.63731638E-10  0.62638700E-10  0.63098103E-10 -0.56349582E-11  0.98285091E+00  0.10387305E+01
  0.10400000E+03  0.57920984E-10  0.56811552E-10  0.57157109E-10 -0.42062499E-11  0.98084575E+00  0.10271876E+01
  0.10500000E+03  0.55025519E-10  0.54129191E-10  0.54436983E-10 -0.40805662E-11  0.98371071E+00  0.10314884E+01
  0.10600000E+03  0.49635778E-10  0.49277461E-10  0.49420391E-10 -0.44422283E-11  0.99278104E+00  0.10509903E+01
  0.10700000E+03  0.46416773E-10  0.45647573E-10  0.45360465E-10 -0.35778620E-11  0.98342842E+00  0.10340356E+01
  0.10800000E+03  0.42357760E-10  0.41960310E-10  0.41842693E-10 -0.33435353E-11  0.99061686E+00  0.10429258E+01
  0.10900000E+03  0.39735704E-10  0.39575974E-10  0.39436329E-10 -0.29057648E-11  0.99598020E+00  0.10448889E+01
  0.11000000E+03  0.36309653E-10  0.35832944E-10  0.36001941E-10 -0.36167547E-11  0.98687100E+00  0.10541021E+01
  0.11100000E+03  0.32901092E-10  0.32831706E-10  0.33000408E-10 -0.25565912E-11  0.99789107E+00  0.10508152E+01
  0.11200000E+03  0.31081918E-10  0.30869595E-10  0.30856574E-10 -0.20551544E-11  0.99316889E+00  0.10386086E+01
  0.11300000E+03  0.28592921E-10  0.28824405E-10  0.28492032E-10 -0.23218146E-11  0.10080959E+01  0.10643983E+01
  0.11400000E+03  0.26506139E-10  0.26548054E-10  0.26592444E-10 -0.22542324E-11  0.10015813E+01  0.10610703E+01
  0.11500000E+03  0.24156642E-10  0.24070773E-10  0.24030994E-10 -0.19457988E-11  0.99644536E+00  0.10532833E+01
  0.11600000E+03  0.22642473E-10  0.22669082E-10  0.22495861E-10 -0.14725852E-11  0.10011752E+01  0.10474659E+01
  0.11700000E+03  0.21033172E-10  0.20982603E-10  0.20876531E-10 -0.17595387E-11  0.99759573E+00  0.10576522E+01
  0.11800000E+03  0.19189395E-10  0.19055715E-10  0.19004558E-10 -0.17583456E-11  0.99303365E+00  0.10593781E+01
  0.11900000E+03  0.17646485E-10  0.17705049E-10  0.17512969E-10 -0.12244953E-11  0.10033188E+01  0.10539858E+01
  0.12000000E+03  0.16649130E-10  0.16649669E-10  0.16405328E-10 -0.10753422E-11  0.10000324E+01  0.10475897E+01
  0.12100000E+03  0.15405002E-10  0.15403425E-10  0.15240682E-10 -0.12817417E-11  0.99989766E+00  0.10616714E+01
  0.12200000E+03  0.14161639E-10  0.14153654E-10  0.13995550E-10 -0.11344314E-11  0.99943614E+00  0.10594021E+01
  0.12300000E+03  0.13127461E-10  0.13156676E-10  0.12963628E-10 -0.10716401E-11  0.10022255E+01  0.10638357E+01
  0.12400000E+03  0.12041976E-10  0.11997614E-10  0.11876616E-10 -0.88660486E-12  0.99631608E+00  0.10523349E+01
  0.12500000E+03  0.11307380E-10  0.11258031E-10  0.11246484E-10 -0.90374843E-12  0.99563575E+00  0.10569378E+01
  0.12600000E+03  0.10240243E-10  0.10214996E-10  0.10120307E-10 -0.90192052E-12  0.99753457E+00  0.10656286E+01
  0.12700000E+03  0.95585762E-11  0.95166930E-11  0.94414459E-11 -0.65617526E-12  0.99561828E+00  0.10491129E+01
  0.12800000E+03  0.88745972E-11  0.88124542E-11  0.87114422E-11 -0.64076842E-12  0.99299765E+00  0.10497054E+01
  0.12900000E+03  0.82563166E-11  0.82257586E-11  0.80662386E-11 -0.69108028E-12  0.99629885E+00  0.10625528E+01
  0.13000000E+03  0.75113873E-11  0.75350759E-11  0.73794026E-11 -0.67971307E-12  0.10031537E+01  0.10753356E+01
  0.13100000E+03  0.69458601E-11  0.69612992E-11  0.68466947E-11 -0.44903686E-12  0.10022228E+01  0.10541873E+01
  0.13200000E+03  0.65475030E-11  0.65190292E-11  0.64271474E-11 -0.51099462E-12  0.99565119E+00  0.10588624E+01
  0.13300000E+03  0.59336824E-11  0.59392213E-11  0.58262718E-11 -0.51188226E-12  0.10009335E+01  0.10713342E+01
  0.13400000E+03  0.55458997E-11  0.55101128E-11  0.54102369E-11 -0.41697773E-12  0.99354714E+00  0.10553666E+01
  0.13500000E+03  0.50756209E-11  0.50721181E-11  0.49620950E-11 -0.44446491E-12  0.99930990E+00  0.10718473E+01
  0.13600000E+03  0.46867432E-11  0.46985770E-11  0.46303530E-11 -0.32218073E-12  0.10025250E+01  0.10598900E+01
  0.13700000E+03  0.43940095E-11  0.43766371E-11  0.42564446E-11 -0.36770858E-12  0.99604636E+00  0.10663930E+01
  0.13800000E+03  0.39591767E-11  0.39854300E-11  0.38718408E-11 -0.37873082E-12  0.10066310E+01  0.10876310E+01
  0.13900000E+03  0.36675927E-11  0.36962959E-11  0.35818178E-11 -0.25542792E-12  0.10078262E+01  0.10672256E+01
  0.14000000E+03  0.34201793E-11  0.34099472E-11  0.33194274E-11 -0.26016442E-12  0.99700832E+00  0.10623525E+01
  0.14100000E+03  0.31471646E-11  0.31560891E-11  0.30355317E-11 -0.25043203E-12  0.10028358E+01  0.10716802E+01
  0.14200000E+03  0.29177257E-11  0.29230826E-11  0.28298002E-11 -0.24990510E-12  0.10018359E+01  0.10764635E+01
  0.14300000E+03  0.26531488E-11  0.26575667E-11  0.25602051E-11 -0.22681714E-12  0.10016651E+01  0.10766771E+01
  0.14400000E+03  0.24669138E-11  0.24689135E-11  0.23802921E-11 -0.19125206E-12  0.10008106E+01  0.10693111E+01
  0.14500000E+03  0.22624751E-11  0.22583918E-11  0.22043276E-11 -0.19141978E-12  0.99819517E+00  0.10734702E+01
  0.14600000E+03  0.20873609E-11  0.20913492E-11  0.20134146E-11 -0.17348681E-12  0.10019107E+01  0.10763671E+01
  0.14700000E+03  0.19137634E-11  0.19354707E-11  0.18496029E-11 -0.16563260E-12  0.10113426E+01  0.10894074E+01
  0.14800000E+03  0.17590616E-11  0.17706823E-11  0.16872986E-11 -0.14355456E-12  0.10066062E+01  0.10807163E+01
  0.14900000E+03  0.16236722E-11  0.16353501E-11  0.15575249E-11 -0.13328885E-12  0.10071923E+01  0.10822442E+01
  0.15000000E+03  0.14892861E-11  0.14919831E-11  0.14267515E-11 -0.13611978E-12  0.10018109E+01  0.10859338E+01
  0.15100000E+03  0.13550257E-11  0.13600801E-11  0.12980694E-11 -0.12351349E-12  0.10037302E+01  0.10881848E+01
  0.15200000E+03  0.12433268E-11  0.12592631E-11  0.11890428E-11 -0.10860352E-12  0.10128174E+01  0.10942845E+01
  0.15300000E+03  0.11381598E-11  0.11469963E-11  0.10888099E-11 -0.90753922E-13  0.10077639E+01  0.10826211E+01
  0.15400000E+03  0.10576007E-11  0.10611260E-11  0.10051186E-11 -0.89858222E-13  0.10033333E+01  0.10836188E+01
  0.15500000E+03  0.95826418E-12  0.96287084E-12  0.91151468E-12 -0.89044630E-13  0.10048074E+01  0.10931832E+01
  0.15600000E+03  0.88246083E-12  0.89144523E-12  0.83968753E-12 -0.74912217E-13  0.10101811E+01  0.10914383E+01
  0.15700000E+03  0.80557620E-12  0.81429476E-12  0.76587109E-12 -0.74166774E-13  0.10108228E+01  0.10995144E+01
  0.15800000E+03  0.73504359E-12  0.74134519E-12  0.69862117E-12 -0.68690205E-13  0.10085731E+01  0.10991712E+01
  0.15900000E+03  0.66892742E-12  0.68078594E-12  0.63623737E-12 -0.61025790E-13  0.10177276E+01  0.11067321E+01
  0.16000000E+03  0.61355310E-12  0.62114983E-12  0.58424354E-12 -0.50110808E-13  0.10123816E+01  0.10925640E+01
  0.16100000E+03  0.56596161E-12  0.57358231E-12  0.53561013E-12 -0.50627213E-13  0.10134650E+01  0.11018347E+01
  0.16200000E+03  0.51264673E-12  0.51797905E-12  0.48301050E-12 -0.48973734E-13  0.10104016E+01  0.11053613E+01
  0.16300000E+03  0.46920302E-12  0.47453610E-12  0.44299243E-12 -0.42628583E-13  0.10113662E+01  0.11022335E+01
  0.16400000E+03  0.42716926E-12  0.43575538E-12  0.40262067E-12 -0.37245567E-13  0.10201000E+01  0.11078402E+01
  0.16500000E+03  0.39368487E-12  0.40225454E-12  0.37063229E-12 -0.36076865E-13  0.10217679E+01  0.11145456E+01
  0.16600000E+03  0.35544823E-12  0.36079866E-12  0.33415669E-12 -0.32972496E-13  0.10150527E+01  0.11095377E+01
  0.16700000E+03  0.32835716E-12  0.33341618E-12  0.30822846E-12 -0.26826054E-13  0.10154071E+01  0.10991228E+01
  0.16800000E+03  0.30021753E-12  0.30511092E-12  0.28115224E-12 -0.27644397E-13  0.10162995E+01  0.11112200E+01
  0.16900000E+03  0.27375186E-12  0.27830133E-12  0.25596663E-12 -0.24700924E-13  0.10166190E+01  0.11101860E+01
  0.17000000E+03  0.25033857E-12  0.25686129E-12  0.23508577E-12 -0.24505680E-13  0.10260556E+01  0.11281655E+01
  0.17100000E+03  0.22573652E-12  0.23158087E-12  0.21190862E-12 -0.19931139E-13  0.10258901E+01  0.11185318E+01
  0.17200000E+03  0.21016300E-12  0.21528330E-12  0.19608089E-12 -0.16642786E-13  0.10243635E+01  0.11079389E+01
  0.17300000E+03  0.19152094E-12  0.19598282E-12  0.17845736E-12 -0.16885908E-13  0.10232971E+01  0.11168882E+01
  0.17400000E+03  0.17632734E-12  0.17949318E-12  0.16358755E-12 -0.17260865E-13  0.10179543E+01  0.11224678E+01
  0.17500000E+03  0.15768214E-12  0.16184576E-12  0.14666449E-12 -0.15011448E-13  0.10264051E+01  0.11286304E+01
  0.17600000E+03  0.14658298E-12  0.15041028E-12  0.13661899E-12 -0.11549711E-13  0.10261102E+01  0.11112005E+01
  0.17700000E+03  0.13370345E-12  0.13735482E-12  0.12435646E-12 -0.11881030E-13  0.10273095E+01  0.11238178E+01
  0.17800000E+03  0.12309430E-12  0.12662907E-12  0.11457442E-12 -0.10573529E-13  0.10287160E+01  0.11225331E+01
  0.17900000E+03  0.11234505E-12  0.11635651E-12  0.10465715E-12 -0.10417320E-13  0.10357066E+01  0.11375505E+01
  0.18000000E+03  0.10259815E-12  0.10603097E-12  0.95604629E-13 -0.86622239E-14  0.10334589E+01  0.11267076E+01
  0.18100000E+03  0.94742106E-13  0.98069685E-13  0.87983311E-13 -0.81418416E-14  0.10351225E+01  0.11305642E+01
  0.18200000E+03  0.86217430E-13  0.89164048E-13  0.79704418E-13 -0.79727628E-14  0.10341766E+01  0.11374444E+01
  0.18300000E+03  0.79001401E-13  0.81482232E-13  0.73222231E-13 -0.69274721E-14  0.10314023E+01  0.11298649E+01
  0.18400000E+03  0.72345646E-13  0.75093991E-13  0.67141523E-13 -0.59873354E-14  0.10379890E+01  0.11314261E+01
  0.18500000E+03  0.66897470E-13  0.69433967E-13  0.61956672E-13 -0.55028813E-14  0.10379162E+01  0.11312915E+01
  0.18600000E+03  0.61234024E-13  0.63305819E-13  0.56818757E-13 -0.54197657E-14  0.10338341E+01  0.11348479E+01
  0.18700000E+03  0.56143007E-13  0.58478701E-13  0.52098835E-13 -0.49461756E-14  0.10416026E+01  0.11426896E+01
  0.18800000E+03  0.51347134E-13  0.53300087E-13  0.47678367E-13 -0.44427179E-14  0.10380343E+01  0.11378434E+01
  0.18900000E+03  0.47156462E-13  0.49115273E-13  0.43716885E-13 -0.44206167E-14  0.10415386E+01  0.11502520E+01
  0.19000000E+03  0.42654279E-13  0.44393383E-13  0.39581158E-13 -0.37583059E-14  0.10407721E+01  0.11434940E+01
  0.19100000E+03  0.39647569E-13  0.41350753E-13  0.36592796E-13 -0.30083214E-14  0.10429580E+01  0.11318824E+01
  0.19200000E+03  0.36375667E-13  0.38041337E-13  0.33709316E-13 -0.33871693E-14  0.10457908E+01  0.11554909E+01
  0.19300000E+03  0.33027431E-13  0.34542718E-13  0.30483401E-13 -0.30298049E-14  0.10458797E+01  0.11545165E+01
  0.19400000E+03  0.30339196E-13  0.31874761E-13  0.28088648E-13 -0.26207091E-14  0.10506133E+01  0.11534377E+01
  0.19500000E+03  0.27713448E-13  0.28941320E-13  0.25317076E-13 -0.25287544E-14  0.10443060E+01  0.11534828E+01
  0.19600000E+03  0.25312318E-13  0.26505113E-13  0.23295668E-13 -0.22733342E-14  0.10471231E+01  0.11551340E+01
  0.19700000E+03  0.23157464E-13  0.24273942E-13  0.21287427E-13 -0.20653651E-14  0.10482124E+01  0.11560206E+01
  0.19800000E+03  0.21171336E-13  0.22266380E-13  0.19426137E-13 -0.18822332E-14  0.10517230E+01  0.11597346E+01
  0.19900000E+03  0.19369978E-13  0.20288967E-13  0.17632734E-13 -0.18207886E-14  0.10474440E+01  0.11622232E+01
  0.20000000E+03  0.17599229E-13  0.18457897E-13  0.16091759E-13 -0.14228552E-14  0.10487901E+01  0.11480050E+01
  0.20100000E+03  0.16430061E-13  0.17203573E-13  0.14831369E-13 -0.14157437E-14  0.10470791E+01  0.11533517E+01
  0.20200000E+03  0.14726262E-13  0.15418780E-13  0.13292054E-13 -0.15950157E-14  0.10470260E+01  0.11812727E+01
  0.20300000E+03  0.13375171E-13  0.14019044E-13  0.12092993E-13 -0.11895189E-14  0.10481395E+01  0.11589160E+01
  0.20400000E+03  0.12300301E-13  0.12885449E-13  0.11066614E-13 -0.10042317E-14  0.10475719E+01  0.11497666E+01
  0.20500000E+03  0.11296594E-13  0.11799282E-13  0.10110939E-13 -0.10999949E-14  0.10444990E+01  0.11669824E+01
  0.20600000E+03  0.10148422E-13  0.10614294E-13  0.90906269E-14 -0.97320136E-15  0.10459059E+01  0.11671195E+01
  0.20700000E+03  0.93600800E-14  0.97618175E-14  0.82983233E-14 -0.81240343E-15  0.10429204E+01  0.11531612E+01
  0.20800000E+03  0.84866044E-14  0.88853223E-14  0.75580826E-14 -0.81498588E-15  0.10469820E+01  0.11695451E+01
  0.20900000E+03  0.77508970E-14  0.80616090E-14  0.68630887E-14 -0.70264406E-15  0.10400872E+01  0.11563417E+01
  0.21000000E+03  0.70547883E-14  0.73512380E-14  0.62249629E-14 -0.72328837E-15  0.10420210E+01  0.11741283E+01
  0.21100000E+03  0.63372790E-14  0.66015745E-14  0.55635881E-14 -0.59118268E-15  0.10417049E+01  0.11624811E+01
  0.21200000E+03  0.58571206E-14  0.60829883E-14  0.51398332E-14 -0.52789550E-15  0.10385629E+01  0.11558039E+01
  0.21300000E+03  0.52637461E-14  0.54610014E-14  0.46229144E-14 -0.53902503E-15  0.10374743E+01  0.11713104E+01
  0.21400000E+03  0.48012699E-14  0.49715015E-14  0.41928410E-14 -0.44285087E-15  0.10354556E+01  0.11565697E+01
  0.21500000E+03  0.43587735E-14  0.45108265E-14  0.37820559E-14 -0.44030829E-15  0.10348843E+01  0.11681478E+01
  0.21600000E+03  0.39315517E-14  0.40693864E-14  0.34221753E-14 -0.38432010E-15  0.10350586E+01  0.11646162E+01
  0.21700000E+03  0.35896998E-14  0.36966026E-14  0.31111706E-14 -0.33087412E-15  0.10297804E+01  0.11525086E+01
  0.21800000E+03  0.32605218E-14  0.33606303E-14  0.28059224E-14 -0.31366046E-15  0.10307032E+01  0.11593827E+01
  0.21900000E+03  0.29610239E-14  0.30450866E-14  0.25384828E-14 -0.30027519E-15  0.10283897E+01  0.11646602E+01
  0.22000000E+03  0.26660709E-14  0.27280740E-14  0.22932286E-14 -0.25984890E-15  0.10232563E+01  0.11548249E+01
  0.22100000E+03  0.24373949E-14  0.24944307E-14  0.20939050E-14 -0.23734385E-15  0.10234003E+01  0.11554461E+01
  0.22200000E+03  0.21896774E-14  0.22349117E-14  0.18682741E-14 -0.22066161E-15  0.10206580E+01  0.11579293E+01
  0.22300000E+03  0.19980012E-14  0.20294958E-14  0.16998636E-14 -0.19390158E-15  0.10157630E+01  0.11485546E+01
  0.22400000E+03  0.17988612E-14  0.18332950E-14  0.15275432E-14 -0.18072777E-15  0.10191420E+01  0.11572298E+01
  0.22500000E+03  0.16376852E-14  0.16610970E-14  0.13832964E-14 -0.15974495E-15  0.10142957E+01  0.11489621E+01
  0.22600000E+03  0.14758823E-14  0.14921811E-14  0.12459306E-14 -0.15486342E-15  0.10110434E+01  0.11565510E+01
  0.22700000E+03  0.13311085E-14  0.13447680E-14  0.11229234E-14 -0.13543426E-15  0.10102618E+01  0.11519785E+01
  0.22800000E+03  0.12046084E-14  0.12133051E-14  0.10114929E-14 -0.11774293E-15  0.10072196E+01  0.11439620E+01
  0.22900000E+03  0.10927057E-14  0.10975713E-14  0.92036737E-15 -0.11104189E-15  0.10044528E+01  0.11472431E+01
  0.23000000E+03  0.98157577E-15  0.98520234E-15  0.82819033E-15 -0.10927194E-15  0.00000000E+00  0.00000000E+00
  0.23100000E+03  0.87934958E-15  0.88200085E-15  0.73769433E-15 -0.84098745E-16  0.00000000E+00  0.00000000E+00
  0.23200000E+03  0.80902245E-15  0.80751267E-15  0.67688192E-15 -0.77724226E-16  0.00000000E+00  0.00000000E+00
  0.23300000E+03  0.72146418E-15  0.71669925E-15  0.60101837E-15 -0.80669353E-16  0.00000000E+00  0.00000000E+00
  0.23400000E+03  0.65118347E-15  0.64714037E-15  0.54453429E-15 -0.67734393E-16  0.00000000E+00  0.00000000E+00
  0.23500000E+03  0.58466994E-15  0.58122639E-15  0.49131056E-15 -0.62377233E-16  0.00000000E+00  0.00000000E+00
  0.23600000E+03  0.52748119E-15  0.52026648E-15  0.44046176E-15 -0.50914499E-16  0.00000000E+00  0.00000000E+00
  0.23700000E+03  0.48037250E-15  0.47319829E-15  0.40136971E-15 -0.50167965E-16  0.00000000E+00  0.00000000E+00
  0.23800000E+03  0.42777795E-15  0.42179236E-15  0.35835399E-15 -0.46046855E-16  0.00000000E+00  0.00000000E+00
  0.23900000E+03  0.38905970E-15  0.38152908E-15  0.32481474E-15 -0.38593733E-16  0.00000000E+00  0.00000000E+00
  0.24000000E+03  0.34954106E-15  0.34251360E-15  0.29204357E-15 -0.35494982E-16  0.00000000E+00  0.00000000E+00
  0.24100000E+03  0.31760231E-15  0.31025361E-15  0.26570426E-15 -0.33832676E-16  0.00000000E+00  0.00000000E+00
  0.24200000E+03  0.28205866E-15  0.27541938E-15  0.23679394E-15 -0.31793540E-16  0.00000000E+00  0.00000000E+00
  0.24300000E+03  0.25519266E-15  0.24857828E-15  0.21476482E-15 -0.24341512E-16  0.00000000E+00  0.00000000E+00
  0.24400000E+03  0.23178630E-15  0.22462401E-15  0.19472466E-15 -0.23859580E-16  0.00000000E+00  0.00000000E+00
  0.24500000E+03  0.20752163E-15  0.20035487E-15  0.17431861E-15 -0.22432243E-16  0.00000000E+00  0.00000000E+00
  0.24600000E+03  0.18700541E-15  0.17962521E-15  0.15691273E-15 -0.20915230E-16  0.00000000E+00  0.00000000E+00
  0.24700000E+03  0.16613236E-15  0.16048409E-15  0.14047745E-15 -0.17612123E-16  0.00000000E+00  0.00000000E+00
  0.24800000E+03  0.15165486E-15  0.14574515E-15  0.12787809E-15 -0.14690435E-16  0.00000000E+00  0.00000000E+00
  0.24900000E+03  0.13606274E-15  0.13075314E-15  0.11566146E-15 -0.14588495E-16  0.00000000E+00  0.00000000E+00
  0.25000000E+03  0.12273368E-15  0.11751469E-15  0.10462001E-15 -0.13221437E-16  0.00000000E+00  0.00000000E+00
  0.25100000E+03  0.10982494E-15  0.10551378E-15  0.93803155E-16 -0.11048294E-16  0.00000000E+00  0.00000000E+00
  0.25200000E+03  0.10040969E-15  0.95206887E-16  0.86278624E-16 -0.97128615E-17  0.00000000E+00  0.00000000E+00
  0.25300000E+03  0.90050356E-16  0.85605398E-16  0.77774208E-16 -0.97791649E-17  0.00000000E+00  0.00000000E+00
  0.25400000E+03  0.81091341E-16  0.77304694E-16  0.69900659E-16 -0.87950938E-17  0.00000000E+00  0.00000000E+00
  0.25500000E+03  0.72628092E-16  0.69043085E-16  0.63472043E-16 -0.72593139E-17  0.00000000E+00  0.00000000E+00
  0.25600000E+03  0.66572713E-16  0.62836193E-16  0.57778579E-16 -0.60553790E-17  0.00000000E+00  0.00000000E+00
