 # Isotropy Coefficients: Standard IC = E₂₂/E₁₁ (should be 4/3 for isotropy)
 # Derivative-based IC = [2E₂₂ - k dE₁₁/dk] / [2E₁₁] (alternative definition)
 # Columns: k, E11(k), E22(k), E33(k), dE11/dk, IC_standard, IC_derivative
  0.10000000E+01  0.40167774E-05  0.20550556E-05  0.17017990E-05  0.25038147E-04  0.51161796E+00  0.47337037E+00
  0.20000000E+01  0.29054925E-04  0.27795448E-04  0.28310769E-04 -0.19192453E-06  0.95665187E+00  0.95673293E+00
  0.30000000E+01  0.36329284E-05  0.44933040E-05  0.25412739E-05 -0.17048524E-04  0.12368270E+01  0.13232106E+01
  0.40000000E+01  0.33191695E-05  0.36471665E-05  0.34566951E-05  0.16215308E-05  0.10988190E+01  0.10868286E+01
  0.50000000E+01  0.27130272E-05  0.26394630E-05  0.30443598E-05 -0.56701987E-06  0.97288483E+00  0.97929680E+00
  0.60000000E+01  0.22373451E-05  0.22100169E-05  0.21981241E-05 -0.47058722E-06  0.98778540E+00  0.99552894E+00
  0.70000000E+01  0.17825715E-05  0.17050788E-05  0.18953568E-05 -0.38386278E-06  0.95652759E+00  0.96577680E+00
  0.80000000E+01  0.15225708E-05  0.13500774E-05  0.14688919E-05 -0.29076546E-07  0.88670909E+00  0.88764656E+00
  0.90000000E+01  0.16011850E-05  0.14184485E-05  0.14634450E-05 -0.19108172E-06  0.88587421E+00  0.89246446E+00
  0.10000000E+02  0.11351717E-05  0.11285720E-05  0.11042647E-05 -0.35664434E-06  0.99418610E+00  0.10134637E+01
  0.11000000E+02  0.97635973E-06  0.97101326E-06  0.97925511E-06 -0.14603923E-06  0.99452406E+00  0.10046197E+01
  0.12000000E+02  0.80370086E-06  0.80735703E-06  0.83055079E-06 -0.13601368E-06  0.10045491E+01  0.10170101E+01
  0.13000000E+02  0.70188895E-06  0.69838478E-06  0.66990663E-06 -0.11111847E-06  0.99500751E+00  0.10076357E+01
  0.14000000E+02  0.57156973E-06  0.58090365E-06  0.57631917E-06 -0.13550709E-06  0.10163304E+01  0.10366961E+01
  0.15000000E+02  0.45273251E-06  0.46673895E-06  0.43673845E-06 -0.62664370E-07  0.10309376E+01  0.10436770E+01
  0.16000000E+02  0.43653455E-06  0.45385497E-06  0.42393356E-06 -0.32140552E-07  0.10396770E+01  0.10469053E+01
  0.17000000E+02  0.37358001E-06  0.36494879E-06  0.37095086E-06 -0.58844147E-07  0.97689593E+00  0.99332631E+00
  0.18000000E+02  0.32403634E-06  0.34161579E-06  0.31606956E-06 -0.60965114E-07  0.10542514E+01  0.10750312E+01
  0.19000000E+02  0.25887653E-06  0.25966486E-06  0.25839554E-06 -0.35628201E-07  0.10030452E+01  0.10190901E+01
  0.20000000E+02  0.25048803E-06  0.23404829E-06  0.23203654E-06 -0.18091653E-07  0.93436915E+00  0.94323254E+00
  0.21000000E+02  0.21273200E-06  0.20637005E-06  0.20780547E-06 -0.43180762E-07  0.97009403E+00  0.99624914E+00
  0.22000000E+02  0.17198001E-06  0.17238443E-06  0.17233681E-06 -0.32866257E-07  0.10023516E+01  0.10281489E+01
  0.23000000E+02  0.14898143E-06  0.14666119E-06  0.15045786E-06 -0.17016612E-07  0.98442602E+00  0.10005454E+01
  0.24000000E+02  0.13487856E-06  0.13586929E-06  0.13607483E-06 -0.13593127E-07  0.10073453E+01  0.10221865E+01
  0.25000000E+02  0.12011975E-06  0.12006574E-06  0.12214306E-06 -0.15208570E-07  0.99955034E+00  0.10189723E+01
  0.26000000E+02  0.10420408E-06  0.10688107E-06  0.10483785E-06 -0.18179962E-07  0.10256898E+01  0.10535229E+01
  0.27000000E+02  0.86088441E-07  0.86895071E-07  0.84840337E-07 -0.11409393E-07  0.10093697E+01  0.10313262E+01
  0.28000000E+02  0.80787608E-07  0.80451052E-07  0.77782978E-07 -0.72341559E-08  0.99583405E+00  0.10112184E+01
  0.29000000E+02  0.69700661E-07  0.69495492E-07  0.67399895E-07 -0.11332074E-07  0.99705642E+00  0.10259866E+01
  0.30000000E+02  0.59911706E-07  0.58969118E-07  0.60822430E-07 -0.69080355E-08  0.98426706E+00  0.10054919E+01
  0.31000000E+02  0.55066113E-07  0.54092183E-07  0.54054624E-07 -0.66374426E-08  0.98231345E+00  0.10052410E+01
  0.32000000E+02  0.46607664E-07  0.46505772E-07  0.45942382E-07 -0.63220238E-08  0.99781382E+00  0.10244473E+01
  0.33000000E+02  0.42917627E-07  0.41230766E-07  0.41943206E-07 -0.35198733E-08  0.96069539E+00  0.97730219E+00
  0.34000000E+02  0.38588084E-07  0.37553271E-07  0.37433150E-07 -0.51203166E-08  0.97318310E+00  0.10008655E+01
  0.35000000E+02  0.33147945E-07  0.33186595E-07  0.33162546E-07 -0.44168753E-08  0.10011660E+01  0.10297818E+01
  0.36000000E+02  0.29894018E-07  0.29937631E-07  0.29417862E-07 -0.32938594E-08  0.10014589E+01  0.10257980E+01
  0.37000000E+02  0.26367596E-07  0.25998474E-07  0.25600846E-07 -0.29506315E-08  0.98600096E+00  0.10114064E+01
  0.38000000E+02  0.23871603E-07  0.23397888E-07  0.23534577E-07 -0.30642469E-08  0.98015571E+00  0.10100856E+01
  0.39000000E+02  0.20376207E-07  0.20238124E-07  0.20549081E-07 -0.26225202E-08  0.99322331E+00  0.10240225E+01
  0.40000000E+02  0.18733873E-07  0.18604297E-07  0.18754561E-07 -0.16666600E-08  0.99308330E+00  0.10149186E+01
  0.41000000E+02  0.16735996E-07  0.17005624E-07  0.17045629E-07 -0.20703497E-08  0.10161107E+01  0.10472318E+01
  0.42000000E+02  0.14749827E-07  0.14545446E-07  0.14797483E-07 -0.16902560E-08  0.98614347E+00  0.10156757E+01
  0.43000000E+02  0.13348037E-07  0.13237648E-07  0.13552745E-07 -0.14200214E-08  0.99172992E+00  0.10197989E+01
  0.44000000E+02  0.11913280E-07  0.11804183E-07  0.11644341E-07 -0.10675386E-08  0.99084234E+00  0.10150350E+01
  0.45000000E+02  0.11083875E-07  0.10673586E-07  0.10694335E-07 -0.12519092E-08  0.96298331E+00  0.99417031E+00
  0.46000000E+02  0.94469916E-08  0.94263992E-08  0.94034736E-08 -0.12962863E-08  0.99782020E+00  0.10365499E+01
  0.47000000E+02  0.86406402E-08  0.85138483E-08  0.85328420E-08 -0.68427114E-09  0.98532611E+00  0.10081642E+01
  0.48000000E+02  0.79228339E-08  0.76784028E-08  0.78570555E-08 -0.77514800E-09  0.96914852E+00  0.99796396E+00
  0.49000000E+02  0.71018662E-08  0.70003776E-08  0.70175479E-08 -0.74284784E-09  0.98570961E+00  0.10171584E+01
  0.50000000E+02  0.64385755E-08  0.63422041E-08  0.63145222E-08 -0.72010325E-09  0.98503220E+00  0.10193449E+01
  0.51000000E+02  0.56807479E-08  0.56646221E-08  0.56041998E-08 -0.63286604E-09  0.99716133E+00  0.10320237E+01
  0.52000000E+02  0.51951257E-08  0.51174420E-08  0.51495945E-08 -0.43281501E-09  0.98504680E+00  0.10116290E+01
  0.53000000E+02  0.47486584E-08  0.46164952E-08  0.46666306E-08 -0.52511068E-09  0.97216833E+00  0.10081296E+01
  0.54000000E+02  0.41756398E-08  0.41217016E-08  0.41161479E-08 -0.47489318E-09  0.98708266E+00  0.10247657E+01
  0.55000000E+02  0.38261887E-08  0.37192525E-08  0.37072641E-08 -0.31057690E-09  0.97205150E+00  0.99944484E+00
  0.56000000E+02  0.35140870E-08  0.34227030E-08  0.34082481E-08 -0.31949685E-09  0.97399497E+00  0.10052358E+01
  0.57000000E+02  0.31831591E-08  0.31467737E-08  0.31649285E-08 -0.32471983E-09  0.98856944E+00  0.10242479E+01
  0.58000000E+02  0.28653642E-08  0.28047678E-08  0.27995357E-08 -0.33908135E-09  0.97885209E+00  0.10209666E+01
  0.59000000E+02  0.25330438E-08  0.25243492E-08  0.25377318E-08 -0.23409286E-09  0.99656755E+00  0.10300238E+01
  0.60000000E+02  0.23821405E-08  0.23517359E-08  0.23530058E-08 -0.19176695E-09  0.98723644E+00  0.10168736E+01
  0.61000000E+02  0.21264834E-08  0.21257436E-08  0.21162803E-08 -0.24486171E-09  0.99965209E+00  0.10427512E+01
  0.62000000E+02  0.19140842E-08  0.19255282E-08  0.19094573E-08 -0.20085654E-09  0.10059788E+01  0.10458994E+01
  0.63000000E+02  0.17269343E-08  0.17092485E-08  0.17119212E-08 -0.15603278E-09  0.98975891E+00  0.10246859E+01
  0.64000000E+02  0.15960259E-08  0.15697595E-08  0.15865260E-08 -0.13094560E-09  0.98354268E+00  0.10157616E+01
  0.65000000E+02  0.14544103E-08  0.14483700E-08  0.14661656E-08 -0.15054401E-09  0.99584693E+00  0.10371298E+01
  0.66000000E+02  0.13052394E-08  0.12994762E-08  0.12890099E-08 -0.12148109E-09  0.99558461E+00  0.10332760E+01
  0.67000000E+02  0.12071699E-08  0.11993734E-08  0.12022402E-08 -0.11634010E-09  0.99354148E+00  0.10331615E+01
  0.68000000E+02  0.10758762E-08  0.10757262E-08  0.10701376E-08 -0.93855784E-10  0.99986058E+00  0.10362594E+01
  0.69000000E+02  0.10155861E-08  0.10096174E-08  0.99838626E-09 -0.86029517E-10  0.99412292E+00  0.10299870E+01
  0.70000000E+02  0.89883784E-09  0.89956914E-09  0.89886243E-09 -0.10209700E-09  0.10008136E+01  0.10496013E+01
  0.71000000E+02  0.82321744E-09  0.81549684E-09  0.81459794E-09 -0.63838067E-10  0.99062145E+00  0.10244049E+01
  0.72000000E+02  0.76209150E-09  0.75519291E-09  0.75951356E-09 -0.68595428E-10  0.99094784E+00  0.10307127E+01
  0.73000000E+02  0.68767225E-09  0.69099104E-09  0.68004530E-09 -0.62332549E-10  0.10048261E+01  0.10454271E+01
  0.74000000E+02  0.63762129E-09  0.64207495E-09  0.63612027E-09 -0.55362475E-10  0.10069848E+01  0.10464091E+01
  0.75000000E+02  0.57544652E-09  0.57602273E-09  0.56355842E-09 -0.55555328E-10  0.10010014E+01  0.10454299E+01
  0.76000000E+02  0.52863525E-09  0.53118315E-09  0.52754068E-09 -0.45241127E-10  0.10048198E+01  0.10447288E+01
  0.77000000E+02  0.48244803E-09  0.48552318E-09  0.48181359E-09 -0.47380825E-10  0.10063740E+01  0.10527745E+01
  0.78000000E+02  0.43652679E-09  0.43740603E-09  0.43528611E-09 -0.36975877E-10  0.10020142E+01  0.10425540E+01
  0.79000000E+02  0.40714879E-09  0.40652537E-09  0.40359019E-09 -0.32681233E-10  0.99846882E+00  0.10373780E+01
  0.80000000E+02  0.36995182E-09  0.36867540E-09  0.36584732E-09 -0.32985229E-10  0.99654979E+00  0.10403165E+01
  0.81000000E+02  0.34202313E-09  0.34463862E-09  0.33972489E-09 -0.28880377E-10  0.10076472E+01  0.10496145E+01
  0.82000000E+02  0.31134417E-09  0.31035605E-09  0.30790823E-09 -0.28977100E-10  0.99682623E+00  0.10436544E+01
  0.83000000E+02  0.28485206E-09  0.28544542E-09  0.28388278E-09 -0.25443736E-10  0.10020831E+01  0.10475734E+01
  0.84000000E+02  0.26030839E-09  0.26120472E-09  0.26110583E-09 -0.22956970E-10  0.10034434E+01  0.10488988E+01
  0.85000000E+02  0.23906171E-09  0.24246860E-09  0.24237176E-09 -0.19364323E-10  0.10142511E+01  0.10564976E+01
  0.86000000E+02  0.22050502E-09  0.22037010E-09  0.21807080E-09 -0.20476737E-10  0.99938816E+00  0.10483909E+01
  0.87000000E+02  0.19879702E-09  0.20076227E-09  0.19733465E-09 -0.18593094E-10  0.10098857E+01  0.10598134E+01
  0.88000000E+02  0.18391161E-09  0.18446562E-09  0.18490841E-09 -0.14285493E-10  0.10030124E+01  0.10449543E+01
  0.89000000E+02  0.16943159E-09  0.17048558E-09  0.16951875E-09 -0.13204971E-10  0.10062207E+01  0.10487819E+01
  0.90000000E+02  0.15700755E-09  0.15794291E-09  0.15676391E-09 -0.13858807E-10  0.10059575E+01  0.10547022E+01
  0.91000000E+02  0.14202413E-09  0.14283628E-09  0.14169320E-09 -0.13220224E-10  0.10057185E+01  0.10576938E+01
  0.92000000E+02  0.13095762E-09  0.13286780E-09  0.13038311E-09 -0.10966147E-10  0.10145862E+01  0.10618567E+01
  0.93000000E+02  0.11967487E-09  0.12194830E-09  0.12034489E-09 -0.10708900E-10  0.10189967E+01  0.10700595E+01
  0.94000000E+02  0.10980724E-09  0.11196203E-09  0.11004406E-09 -0.90954015E-11  0.10196234E+01  0.10673982E+01
  0.95000000E+02  0.10132792E-09  0.10283952E-09  0.10122751E-09 -0.81783573E-11  0.10149180E+01  0.10619658E+01
  0.96000000E+02  0.93326832E-10  0.94866809E-10  0.93839311E-10 -0.77423510E-11  0.10165009E+01  0.10653681E+01
  0.97000000E+02  0.85971882E-10  0.88163102E-10  0.86309161E-10 -0.65340810E-11  0.10254877E+01  0.10707232E+01
  0.98000000E+02  0.79867168E-10  0.81881307E-10  0.80316039E-10 -0.70444865E-11  0.10252186E+01  0.10782566E+01
  0.99000000E+02  0.72059560E-10  0.73227327E-10  0.72118929E-10 -0.68732763E-11  0.10162055E+01  0.10741467E+01
  0.10000000E+03  0.66562089E-10  0.68201292E-10  0.67388727E-10 -0.47649267E-11  0.10246266E+01  0.10685514E+01
  0.10100000E+03  0.62010570E-10  0.63230553E-10  0.61633525E-10 -0.49916013E-11  0.10196738E+01  0.10695593E+01
  0.10200000E+03  0.56654372E-10  0.58388315E-10  0.56727102E-10 -0.46241600E-11  0.10306057E+01  0.10816890E+01
  0.10300000E+03  0.52697034E-10  0.53524119E-10  0.52281266E-10 -0.46811739E-11  0.10156951E+01  0.10718368E+01
  0.10400000E+03  0.47543726E-10  0.48684317E-10  0.47644007E-10 -0.36162026E-11  0.10239904E+01  0.10725274E+01
  0.10500000E+03  0.45299500E-10  0.46231040E-10  0.45302331E-10 -0.31959372E-11  0.10205640E+01  0.10660182E+01
  0.10600000E+03  0.40868538E-10  0.41999085E-10  0.40945240E-10 -0.40231633E-11  0.10276630E+01  0.10916902E+01
  0.10700000E+03  0.37646782E-10  0.38520524E-10  0.37584182E-10 -0.31044345E-11  0.10232090E+01  0.10773489E+01
  0.10800000E+03  0.34599948E-10  0.35670831E-10  0.34736328E-10 -0.25478803E-11  0.10309504E+01  0.10797490E+01
  0.10900000E+03  0.32403986E-10  0.33274182E-10  0.32366037E-10 -0.25115819E-11  0.10268546E+01  0.10786934E+01
  0.11000000E+03  0.29500735E-10  0.30405189E-10  0.29781136E-10 -0.28035987E-11  0.10306587E+01  0.10948026E+01
  0.11100000E+03  0.26992065E-10  0.27867904E-10  0.26822228E-10 -0.22742789E-11  0.10324481E+01  0.10898346E+01
  0.11200000E+03  0.24947766E-10  0.25834107E-10  0.25145762E-10 -0.18063514E-11  0.10355278E+01  0.10852865E+01
  0.11300000E+03  0.23271577E-10  0.23957385E-10  0.23207047E-10 -0.17336546E-11  0.10294697E+01  0.10811226E+01
  0.11400000E+03  0.21413055E-10  0.22117646E-10  0.21433732E-10 -0.19434465E-11  0.10329047E+01  0.10963908E+01
  0.11500000E+03  0.19518238E-10  0.20082856E-10  0.19642088E-10 -0.15761803E-11  0.10289277E+01  0.10859104E+01
  0.11600000E+03  0.18242415E-10  0.18894608E-10  0.18314151E-10 -0.12896741E-11  0.10357515E+01  0.10860709E+01
  0.11700000E+03  0.16820613E-10  0.17336218E-10  0.16910773E-10 -0.15099307E-11  0.10306531E+01  0.10950969E+01
  0.11800000E+03  0.15308138E-10  0.15948078E-10  0.15493133E-10 -0.13558333E-11  0.10418038E+01  0.11059316E+01
  0.11900000E+03  0.14163198E-10  0.14629924E-10  0.14219222E-10 -0.99298076E-12  0.10329534E+01  0.10841459E+01
  0.12000000E+03  0.13253097E-10  0.13799036E-10  0.13368439E-10 -0.90948066E-12  0.10411932E+01  0.10917219E+01
  0.12100000E+03  0.12296056E-10  0.12663017E-10  0.12181388E-10 -0.10003132E-11  0.10298438E+01  0.10902437E+01
  0.12200000E+03  0.11284766E-10  0.11624938E-10  0.11270848E-10 -0.94639194E-12  0.10301443E+01  0.10929239E+01
  0.12300000E+03  0.10420304E-10  0.10712288E-10  0.10414948E-10 -0.83866632E-12  0.10280207E+01  0.10887634E+01
  0.12400000E+03  0.96037856E-11  0.98590502E-11  0.95376363E-11 -0.74512147E-12  0.10265796E+01  0.10856115E+01
  0.12500000E+03  0.89122130E-11  0.91923465E-11  0.89708839E-11 -0.72208325E-12  0.10314325E+01  0.10935755E+01
  0.12600000E+03  0.81615027E-11  0.83880004E-11  0.81199812E-11 -0.68566718E-12  0.10277519E+01  0.10927041E+01
  0.12700000E+03  0.75470411E-11  0.77198265E-11  0.75327921E-11 -0.62568771E-12  0.10228945E+01  0.10874993E+01
  0.12800000E+03  0.69104158E-11  0.71412477E-11  0.69193011E-11 -0.56513214E-12  0.10334035E+01  0.10976332E+01
  0.12900000E+03  0.64117696E-11  0.66179280E-11  0.64715572E-11 -0.51863998E-12  0.10321531E+01  0.10961794E+01
  0.13000000E+03  0.58609142E-11  0.60511960E-11  0.58788994E-11 -0.53493185E-12  0.10324663E+01  0.11052704E+01
  0.13100000E+03  0.53747081E-11  0.55520176E-11  0.54319097E-11 -0.39994779E-12  0.10329896E+01  0.10928031E+01
  0.13200000E+03  0.50331067E-11  0.52001198E-11  0.50365467E-11 -0.38947998E-12  0.10331829E+01  0.10958591E+01
  0.13300000E+03  0.45886853E-11  0.47305927E-11  0.46200947E-11 -0.39894734E-12  0.10309255E+01  0.11018765E+01
  0.13400000E+03  0.42464938E-11  0.43703153E-11  0.42843680E-11 -0.36135670E-12  0.10291585E+01  0.10991251E+01
  0.13500000E+03  0.38691715E-11  0.40095418E-11  0.38989519E-11 -0.32101418E-12  0.10362792E+01  0.11050049E+01
  0.13600000E+03  0.36132770E-11  0.37210729E-11  0.36194502E-11 -0.22913529E-12  0.10298333E+01  0.10827520E+01
  0.13700000E+03  0.33751222E-11  0.34619061E-11  0.33628293E-11 -0.29174051E-12  0.10257128E+01  0.10983750E+01
  0.13800000E+03  0.30437226E-11  0.31270041E-11  0.30476622E-11 -0.29039339E-12  0.10273618E+01  0.11081486E+01
  0.13900000E+03  0.28136222E-11  0.28831991E-11  0.28098151E-11 -0.20958546E-12  0.10247287E+01  0.10882602E+01
  0.14000000E+03  0.26059972E-11  0.26748207E-11  0.26081086E-11 -0.21404585E-12  0.10264096E+01  0.10969667E+01
  0.14100000E+03  0.23883447E-11  0.24671782E-11  0.23922966E-11 -0.19704004E-12  0.10330075E+01  0.11043843E+01
  0.14200000E+03  0.22100529E-11  0.22699839E-11  0.22059648E-11 -0.18915402E-12  0.10271175E+01  0.11016903E+01
  0.14300000E+03  0.20105486E-11  0.20593861E-11  0.19959945E-11 -0.18036304E-12  0.10242906E+01  0.11030041E+01
  0.14400000E+03  0.18534766E-11  0.18992735E-11  0.18410178E-11 -0.15276621E-12  0.10247086E+01  0.10975341E+01
  0.14500000E+03  0.17000905E-11  0.17460344E-11  0.17055365E-11 -0.14839636E-12  0.10270244E+01  0.11046847E+01
  0.14600000E+03  0.15595822E-11  0.16028733E-11  0.15585131E-11 -0.12825158E-12  0.10277581E+01  0.11014276E+01
  0.14700000E+03  0.14401498E-11  0.14739076E-11  0.14289238E-11 -0.12315055E-12  0.10234405E+01  0.11005709E+01
  0.14800000E+03  0.13129695E-11  0.13469708E-11  0.13096093E-11 -0.11849579E-12  0.10258965E+01  0.11078542E+01
  0.14900000E+03  0.12049950E-11  0.12341971E-11  0.12033022E-11 -0.10571776E-12  0.10242342E+01  0.11044443E+01
  0.15000000E+03  0.11002935E-11  0.11274542E-11  0.11014553E-11 -0.98778787E-13  0.10246850E+01  0.11073129E+01
  0.15100000E+03  0.10073545E-11  0.10307602E-11  0.10047014E-11 -0.92479762E-13  0.10232348E+01  0.11082940E+01
  0.15200000E+03  0.91719091E-12  0.93680944E-12  0.91949289E-12 -0.78114923E-13  0.10213898E+01  0.11008222E+01
  0.15300000E+03  0.84993156E-12  0.86169619E-12  0.84159052E-12 -0.67050810E-13  0.10138419E+01  0.10879033E+01
  0.15400000E+03  0.77828938E-12  0.79327343E-12  0.77624788E-12 -0.77280582E-13  0.10192525E+01  0.11130800E+01
  0.15500000E+03  0.70075206E-12  0.71348916E-12  0.69994222E-12 -0.63451787E-13  0.10181763E+01  0.11042937E+01
  0.15600000E+03  0.65112184E-12  0.65772913E-12  0.64791976E-12 -0.50991614E-13  0.10101476E+01  0.10851095E+01
  0.15700000E+03  0.59401258E-12  0.60307575E-12  0.59151122E-12 -0.58564041E-13  0.10152576E+01  0.11102338E+01
  0.15800000E+03  0.53627301E-12  0.54546661E-12  0.53275326E-12 -0.56230384E-13  0.10171435E+01  0.11187969E+01
  0.15900000E+03  0.48472993E-12  0.49804659E-12  0.48766573E-12 -0.41459718E-13  0.10274724E+01  0.11109179E+01
  0.16000000E+03  0.45162528E-12  0.45621720E-12  0.44840222E-12 -0.33169021E-13  0.10101676E+01  0.10822707E+01
  0.16100000E+03  0.41434735E-12  0.41836939E-12  0.41278778E-12 -0.41864675E-13  0.10097070E+01  0.11095203E+01
  0.16200000E+03  0.37124066E-12  0.37909452E-12  0.37087805E-12 -0.35219061E-13  0.10211557E+01  0.11154568E+01
  0.16300000E+03  0.34402906E-12  0.34569605E-12  0.34141952E-12 -0.29006457E-13  0.10048455E+01  0.10891726E+01
  0.16400000E+03  0.31170775E-12  0.31533096E-12  0.30868870E-12 -0.29100413E-13  0.10116237E+01  0.11055691E+01
  0.16500000E+03  0.28616158E-12  0.29008423E-12  0.28549016E-12 -0.27305505E-13  0.10137078E+01  0.11103135E+01
  0.16600000E+03  0.25750574E-12  0.25975036E-12  0.25585174E-12 -0.24173765E-13  0.10087168E+01  0.11043360E+01
  0.16700000E+03  0.23807911E-12  0.23871207E-12  0.23667450E-12 -0.19579131E-13  0.10026586E+01  0.10869278E+01
  0.16800000E+03  0.21713313E-12  0.21800125E-12  0.21582977E-12 -0.20302812E-13  0.10039982E+01  0.11003853E+01
  0.16900000E+03  0.19813019E-12  0.19803788E-12  0.19765531E-12 -0.17512040E-13  0.99953407E+00  0.10911883E+01
  0.17000000E+03  0.18154814E-12  0.18158287E-12  0.18059729E-12 -0.17488247E-13  0.10001913E+01  0.11006721E+01
  0.17100000E+03  0.16354362E-12  0.16413882E-12  0.16261013E-12 -0.15912054E-13  0.10036393E+01  0.11057260E+01
  0.17200000E+03  0.15029944E-12  0.15028407E-12  0.14926840E-12 -0.11703664E-13  0.99989772E+00  0.10820791E+01
  0.17300000E+03  0.13908521E-12  0.13820949E-12  0.13847915E-12 -0.11904236E-13  0.99370366E+00  0.10845582E+01
  0.17400000E+03  0.12632480E-12  0.12603258E-12  0.12580225E-12 -0.12597091E-13  0.99768674E+00  0.11041528E+01
  0.17500000E+03  0.11459736E-12  0.11433617E-12  0.11398112E-12 -0.10301541E-13  0.99772072E+00  0.10942470E+01
  0.17600000E+03  0.10556177E-12  0.10461692E-12  0.10512592E-12 -0.88347739E-14  0.99104941E+00  0.10814314E+01
  0.17700000E+03  0.96599432E-13  0.96167059E-13  0.96670888E-13 -0.86682718E-14  0.99552405E+00  0.10929806E+01
  0.17800000E+03  0.88358621E-13  0.87660307E-13  0.87453177E-13 -0.78500312E-14  0.99209684E+00  0.10891305E+01
  0.17900000E+03  0.80991474E-13  0.80221440E-13  0.80688338E-13 -0.66420936E-14  0.99049240E+00  0.10805662E+01
  0.18000000E+03  0.74898475E-13  0.73816807E-13  0.75021037E-13 -0.60248352E-14  0.98555821E+00  0.10744015E+01
  0.18100000E+03  0.68623404E-13  0.67914675E-13  0.68753068E-13 -0.67895925E-14  0.98967218E+00  0.10995551E+01
  0.18200000E+03  0.61712063E-13  0.61516798E-13  0.62042141E-13 -0.58946560E-14  0.99683589E+00  0.11035053E+01
  0.18300000E+03  0.56975285E-13  0.56546239E-13  0.57243191E-13 -0.44604107E-14  0.99246961E+00  0.10803758E+01
  0.18400000E+03  0.52449391E-13  0.52030090E-13  0.52527278E-13 -0.44619362E-14  0.99200559E+00  0.10880519E+01
  0.18500000E+03  0.48046955E-13  0.47698397E-13  0.48313397E-13 -0.43642640E-14  0.99274546E+00  0.10958545E+01
  0.18600000E+03  0.43828666E-13  0.43490670E-13  0.43938655E-13 -0.38041152E-14  0.99228823E+00  0.10913459E+01
  0.18700000E+03  0.40380646E-13  0.40068253E-13  0.40656911E-13 -0.34986984E-14  0.99226379E+00  0.10916795E+01
  0.18800000E+03  0.36768304E-13  0.36356823E-13  0.36683364E-13 -0.34663267E-14  0.98880881E+00  0.10975598E+01
  0.18900000E+03  0.33548444E-13  0.33389266E-13  0.33594109E-13 -0.29873048E-14  0.99525529E+00  0.10985192E+01
  0.19000000E+03  0.30766988E-13  0.30335370E-13  0.30714651E-13 -0.26557949E-14  0.98597139E+00  0.10866051E+01
  0.19100000E+03  0.28217768E-13  0.28002731E-13  0.28359461E-13 -0.23580887E-14  0.99237943E+00  0.10903172E+01
  0.19200000E+03  0.25992436E-13  0.25752773E-13  0.26010659E-13 -0.22926844E-14  0.99077952E+00  0.10946946E+01
  0.19300000E+03  0.23649097E-13  0.23474214E-13  0.23709133E-13 -0.21345154E-14  0.99260509E+00  0.10994914E+01
  0.19400000E+03  0.21729832E-13  0.21562101E-13  0.21727755E-13 -0.19536732E-14  0.99228108E+00  0.10993041E+01
  0.19500000E+03  0.19731121E-13  0.19623553E-13  0.19727094E-13 -0.18383480E-14  0.99454832E+00  0.11060266E+01
  0.19600000E+03  0.18092708E-13  0.17989821E-13  0.18157984E-13 -0.15291298E-14  0.99431330E+00  0.10959562E+01
  0.19700000E+03  0.16612283E-13  0.16423474E-13  0.16599039E-13 -0.14832967E-14  0.98863441E+00  0.10965651E+01
  0.19800000E+03  0.15128691E-13  0.15034725E-13  0.15186723E-13 -0.14009256E-14  0.99378884E+00  0.11062905E+01
  0.19900000E+03  0.13818541E-13  0.13670892E-13  0.13794147E-13 -0.12932881E-14  0.98931509E+00  0.11035939E+01
  0.20000000E+03  0.12553884E-13  0.12490168E-13  0.12532745E-13 -0.11350288E-14  0.99492466E+00  0.11058775E+01
  0.20100000E+03  0.11533279E-13  0.11479563E-13  0.11516753E-13 -0.10373168E-14  0.99534249E+00  0.11062688E+01
  0.20200000E+03  0.10466942E-13  0.10421206E-13  0.10475092E-13 -0.98988664E-15  0.99563038E+00  0.11128491E+01
  0.20300000E+03  0.95708091E-14  0.95168895E-14  0.95408580E-14 -0.86253836E-15  0.99436623E+00  0.11066213E+01
  0.20400000E+03  0.87327615E-14  0.86784412E-14  0.86944595E-14 -0.76632368E-15  0.99377972E+00  0.11036223E+01
  0.20500000E+03  0.80102983E-14  0.79811070E-14  0.79461177E-14 -0.78862828E-15  0.99635577E+00  0.11201948E+01
  0.20600000E+03  0.71787372E-14  0.71458427E-14  0.71416931E-14 -0.71544066E-15  0.99541777E+00  0.11213894E+01
  0.20700000E+03  0.66021555E-14  0.66067854E-14  0.65610579E-14 -0.54033793E-15  0.10007013E+01  0.11046526E+01
  0.20800000E+03  0.60529063E-14  0.59972406E-14  0.59752186E-14 -0.55977125E-15  0.99080348E+00  0.11088328E+01
  0.20900000E+03  0.54877058E-14  0.54309029E-14  0.54169942E-14 -0.54101027E-15  0.98964906E+00  0.11160764E+01
  0.21000000E+03  0.49803945E-14  0.49441656E-14  0.48951703E-14 -0.48894225E-15  0.99272573E+00  0.11192265E+01
  0.21100000E+03  0.45141850E-14  0.44674733E-14  0.44387830E-14 -0.41805682E-15  0.98965222E+00  0.11095520E+01
  0.21200000E+03  0.41320478E-14  0.41043604E-14  0.40687092E-14 -0.39809744E-15  0.99329937E+00  0.11186249E+01
  0.21300000E+03  0.37176128E-14  0.37061397E-14  0.36435931E-14 -0.37712638E-15  0.99691385E+00  0.11294951E+01
  0.21400000E+03  0.33849857E-14  0.33704654E-14  0.33253503E-14 -0.32381765E-15  0.99571037E+00  0.11213242E+01
  0.21500000E+03  0.30632040E-14  0.30300240E-14  0.29881539E-14 -0.30264400E-15  0.98916823E+00  0.11195073E+01
  0.21600000E+03  0.27825894E-14  0.27559481E-14  0.27080524E-14 -0.26339747E-15  0.99042571E+00  0.11158831E+01
  0.21700000E+03  0.25301700E-14  0.25186825E-14  0.24634977E-14 -0.25103719E-15  0.99545979E+00  0.11275675E+01
  0.21800000E+03  0.22814826E-14  0.22645184E-14  0.22180197E-14 -0.23234087E-15  0.99256444E+00  0.11287856E+01
  0.21900000E+03  0.20667960E-14  0.20476702E-14  0.20085527E-14 -0.20937494E-15  0.99074614E+00  0.11268753E+01
  0.22000000E+03  0.18636872E-14  0.18492912E-14  0.17982200E-14 -0.18060999E-15  0.99227554E+00  0.11230947E+01
  0.22100000E+03  0.17003057E-14  0.16925036E-14  0.16408329E-14 -0.17457751E-15  0.99541140E+00  0.11346416E+01
  0.22200000E+03  0.15168805E-14  0.15032093E-14  0.14596119E-14 -0.15773691E-15  0.99098730E+00  0.11326367E+01
  0.22300000E+03  0.13872720E-14  0.13748820E-14  0.13258644E-14 -0.12964844E-15  0.99106872E+00  0.11189451E+01
  0.22400000E+03  0.12522612E-14  0.12388198E-14  0.11975771E-14 -0.12410590E-15  0.98926628E+00  0.11254814E+01
  0.22500000E+03  0.11391334E-14  0.11260968E-14  0.10816666E-14 -0.11582719E-15  0.98855573E+00  0.11289334E+01
  0.22600000E+03  0.10210422E-14  0.10102715E-14  0.96721443E-15 -0.10653679E-15  0.98945129E+00  0.11341432E+01
  0.22700000E+03  0.92744560E-15  0.91665800E-15  0.87752799E-15 -0.90426068E-16  0.00000000E+00  0.00000000E+00
  0.22800000E+03  0.83720006E-15  0.82721741E-15  0.78744201E-15 -0.87651757E-16  0.00000000E+00  0.00000000E+00
  0.22900000E+03  0.75350913E-15  0.74580012E-15  0.71126627E-15 -0.77211427E-16  0.00000000E+00  0.00000000E+00
  0.23000000E+03  0.68137146E-15  0.67341216E-15  0.63914247E-15 -0.73882528E-16  0.00000000E+00  0.00000000E+00
  0.23100000E+03  0.60735380E-15  0.60244170E-15  0.56796603E-15 -0.63145916E-16  0.00000000E+00  0.00000000E+00
  0.23200000E+03  0.55454792E-15  0.54944057E-15  0.51891742E-15 -0.54664300E-16  0.00000000E+00  0.00000000E+00
  0.23300000E+03  0.49667180E-15  0.49312178E-15  0.46265225E-15 -0.51163344E-16  0.00000000E+00  0.00000000E+00
  0.23400000E+03  0.45188694E-15  0.44846064E-15  0.41840286E-15 -0.48510503E-16  0.00000000E+00  0.00000000E+00
  0.23500000E+03  0.40002603E-15  0.39506678E-15  0.36870677E-15 -0.44921575E-16  0.00000000E+00  0.00000000E+00
  0.23600000E+03  0.36350779E-15  0.36113615E-15  0.33386100E-15 -0.34467647E-16  0.00000000E+00  0.00000000E+00
  0.23700000E+03  0.32869743E-15  0.32546534E-15  0.30095038E-15 -0.34441356E-16  0.00000000E+00  0.00000000E+00
  0.23800000E+03  0.29486990E-15  0.29189049E-15  0.26825443E-15 -0.32690320E-16  0.00000000E+00  0.00000000E+00
  0.23900000E+03  0.26421914E-15  0.26253577E-15  0.24111290E-15 -0.27339537E-16  0.00000000E+00  0.00000000E+00
  0.24000000E+03  0.23996528E-15  0.23612544E-15  0.21739944E-15 -0.22601190E-16  0.00000000E+00  0.00000000E+00
  0.24100000E+03  0.21753488E-15  0.21497226E-15  0.19659404E-15 -0.24107808E-16  0.00000000E+00  0.00000000E+00
  0.24200000E+03  0.19261008E-15  0.19037272E-15  0.17373424E-15 -0.21657926E-16  0.00000000E+00  0.00000000E+00
  0.24300000E+03  0.17467119E-15  0.17306013E-15  0.15768158E-15 -0.17462706E-16  0.00000000E+00  0.00000000E+00
  0.24400000E+03  0.15695090E-15  0.15594794E-15  0.14171905E-15 -0.16442245E-16  0.00000000E+00  0.00000000E+00
  0.24500000E+03  0.14181398E-15  0.14051395E-15  0.12722009E-15 -0.14867769E-16  0.00000000E+00  0.00000000E+00
  0.24600000E+03  0.12705927E-15  0.12619883E-15  0.11422571E-15 -0.14095851E-16  0.00000000E+00  0.00000000E+00
  0.24700000E+03  0.11395134E-15  0.11325388E-15  0.10150408E-15 -0.11829705E-16  0.00000000E+00  0.00000000E+00
  0.24800000E+03  0.10320005E-15  0.10371372E-15  0.92499234E-16 -0.10464754E-16  0.00000000E+00  0.00000000E+00
  0.24900000E+03  0.92896671E-16  0.92656213E-16  0.82849570E-16 -0.94327136E-17  0.00000000E+00  0.00000000E+00
  0.25000000E+03  0.84198920E-16  0.84281214E-16  0.75038602E-16 -0.89738252E-17  0.00000000E+00  0.00000000E+00
  0.25100000E+03  0.75134866E-16  0.75366007E-16  0.66814819E-16 -0.76772395E-17  0.00000000E+00  0.00000000E+00
  0.25200000E+03  0.68791536E-16  0.69205470E-16  0.61187781E-16 -0.65839404E-17  0.00000000E+00  0.00000000E+00
  0.25300000E+03  0.61764478E-16  0.62148482E-16  0.54726584E-16 -0.63187975E-17  0.00000000E+00  0.00000000E+00
  0.25400000E+03  0.56243107E-16  0.56448711E-16  0.49691985E-16 -0.55872394E-17  0.00000000E+00  0.00000000E+00
  0.25500000E+03  0.50572995E-16  0.50720472E-16  0.44639758E-16 -0.49682718E-17  0.00000000E+00  0.00000000E+00
  0.25600000E+03  0.46306563E-16  0.46516432E-16  0.40792961E-16 -0.42664322E-17  0.00000000E+00  0.00000000E+00
