 # Isotropy Coefficients: Standard IC = E₂₂/E₁₁ (should be 4/3 for isotropy)
 # Derivative-based IC = [2E₂₂ - k dE₁₁/dk] / [2E₁₁] (alternative definition)
 # Columns: k, E11(k), E22(k), E33(k), dE11/dk, IC_standard, IC_derivative
  0.10000000E+01  0.36797678E-05  0.30405786E-05  0.20028447E-05  0.30562409E-04  0.82629633E+00  0.77533418E+00
  0.20000000E+01  0.34242177E-04  0.24702395E-04  0.23161096E-04  0.29310968E-06  0.72140259E+00  0.72129756E+00
  0.30000000E+01  0.42659872E-05  0.31912439E-05  0.39750935E-05 -0.20844045E-04  0.74806690E+00  0.83800912E+00
  0.40000000E+01  0.28566319E-05  0.36012959E-05  0.33118681E-05  0.16566697E-05  0.12606790E+01  0.12464452E+01
  0.50000000E+01  0.27239539E-05  0.26515650E-05  0.29014745E-05 -0.34119901E-06  0.97342503E+00  0.97726792E+00
  0.60000000E+01  0.20258733E-05  0.17837156E-05  0.17917189E-05 -0.54256128E-06  0.88046747E+00  0.89032727E+00
  0.70000000E+01  0.17143070E-05  0.15543470E-05  0.16436029E-05 -0.37594046E-06  0.90669113E+00  0.91611022E+00
  0.80000000E+01  0.12901922E-05  0.12785664E-05  0.12789866E-05 -0.15337126E-06  0.99098909E+00  0.99682426E+00
  0.90000000E+01  0.13497913E-05  0.13900595E-05  0.12260989E-05 -0.15089074E-06  0.10298330E+01  0.10360062E+01
  0.10000000E+02  0.95020283E-06  0.10621505E-05  0.94006282E-06 -0.31520730E-06  0.11178145E+01  0.11381691E+01
  0.11000000E+02  0.80508084E-06  0.78708206E-06  0.80099278E-06 -0.98162467E-07  0.97764349E+00  0.98587310E+00
  0.12000000E+02  0.71499619E-06  0.77378428E-06  0.71516183E-06 -0.72300352E-07  0.10822215E+01  0.10896671E+01
  0.13000000E+02  0.64608776E-06  0.60785709E-06  0.63052272E-06 -0.79508006E-07  0.94082743E+00  0.95064366E+00
  0.14000000E+02  0.54586224E-06  0.56458248E-06  0.55475493E-06 -0.13527939E-06  0.10342948E+01  0.10555838E+01
  0.15000000E+02  0.40610536E-06  0.43228331E-06  0.41962670E-06 -0.59955447E-07  0.10644610E+01  0.10780492E+01
  0.16000000E+02  0.41848963E-06  0.42480218E-06  0.40230759E-06 -0.19541034E-07  0.10150841E+01  0.10196683E+01
  0.17000000E+02  0.34657216E-06  0.34190649E-06  0.32004979E-06 -0.62888411E-07  0.98653764E+00  0.10054656E+01
  0.18000000E+02  0.30408910E-06  0.30225328E-06  0.28422653E-06 -0.50953975E-07  0.99396288E+00  0.10124696E+01
  0.19000000E+02  0.24556201E-06  0.24415186E-06  0.21833166E-06 -0.42107814E-07  0.99425751E+00  0.10142485E+01
  0.20000000E+02  0.22185610E-06  0.21057777E-06  0.20907477E-06 -0.22495726E-07  0.94916373E+00  0.96160716E+00
  0.21000000E+02  0.19400197E-06  0.19149029E-06  0.18166752E-06 -0.31007779E-07  0.98705333E+00  0.10076485E+01
  0.22000000E+02  0.16155747E-06  0.15158454E-06  0.15343879E-06 -0.30835452E-07  0.93827015E+00  0.96403486E+00
  0.23000000E+02  0.13526633E-06  0.13648078E-06  0.13665927E-06 -0.19232322E-07  0.10089781E+01  0.10290437E+01
  0.24000000E+02  0.12199645E-06  0.11849107E-06  0.11270018E-06 -0.12335657E-07  0.97126657E+00  0.98615694E+00
  0.25000000E+02  0.10830175E-06  0.10706617E-06  0.10426954E-06 -0.14006496E-07  0.98859137E+00  0.10084300E+01
  0.26000000E+02  0.93868657E-07  0.94280530E-07  0.88984322E-07 -0.15708364E-07  0.10043877E+01  0.10310849E+01
  0.27000000E+02  0.78321946E-07  0.77428574E-07  0.74241754E-07 -0.11566629E-07  0.98859358E+00  0.10130599E+01
  0.28000000E+02  0.70658402E-07  0.69482084E-07  0.67618167E-07 -0.78774400E-08  0.98335207E+00  0.10025060E+01
  0.29000000E+02  0.61419243E-07  0.60608890E-07  0.59143193E-07 -0.90888586E-08  0.98680621E+00  0.10131382E+01
  0.30000000E+02  0.53176308E-07  0.52243465E-07  0.49882168E-07 -0.68215784E-08  0.98245752E+00  0.10060714E+01
  0.31000000E+02  0.47531490E-07  0.47482192E-07  0.45908997E-07 -0.58574692E-08  0.99896282E+00  0.10224035E+01
  0.32000000E+02  0.41415312E-07  0.40089191E-07  0.39283933E-07 -0.49466422E-08  0.96797991E+00  0.99143183E+00
  0.33000000E+02  0.37620918E-07  0.36786915E-07  0.36351690E-07 -0.38722292E-08  0.97783142E+00  0.99867272E+00
  0.34000000E+02  0.33251450E-07  0.32854878E-07  0.31555221E-07 -0.46563269E-08  0.98807353E+00  0.10172876E+01
  0.35000000E+02  0.28687333E-07  0.28486166E-07  0.27441747E-07 -0.37362944E-08  0.99298757E+00  0.10209579E+01
  0.36000000E+02  0.25822565E-07  0.26046493E-07  0.24939197E-07 -0.27252300E-08  0.10086718E+01  0.10319841E+01
  0.37000000E+02  0.23025375E-07  0.22174772E-07  0.21437556E-07 -0.25105458E-08  0.96305799E+00  0.98781186E+00
  0.38000000E+02  0.20658552E-07  0.20152962E-07  0.19575415E-07 -0.29066012E-08  0.97552633E+00  0.10083320E+01
  0.39000000E+02  0.17501780E-07  0.17462449E-07  0.16652438E-07 -0.20603101E-08  0.99775279E+00  0.10259234E+01
  0.40000000E+02  0.16513017E-07  0.15880241E-07  0.15598456E-07 -0.12843476E-08  0.96168017E+00  0.98076981E+00
  0.41000000E+02  0.14584811E-07  0.14393438E-07  0.13917361E-07 -0.20231743E-08  0.98687857E+00  0.10217763E+01
  0.42000000E+02  0.12734973E-07  0.12423278E-07  0.11922493E-07 -0.14747471E-08  0.97552449E+00  0.10053679E+01
  0.43000000E+02  0.11555520E-07  0.11457321E-07  0.10888805E-07 -0.14154132E-08  0.99150199E+00  0.10238199E+01
  0.44000000E+02  0.99756550E-08  0.10019834E-07  0.99034683E-08 -0.10020694E-08  0.10044286E+01  0.10315486E+01
  0.45000000E+02  0.94952251E-08  0.93355776E-08  0.89852730E-08 -0.77750556E-09  0.98318654E+00  0.10057961E+01
  0.46000000E+02  0.82774498E-08  0.80474916E-08  0.77691622E-08 -0.11891527E-08  0.97221869E+00  0.10127676E+01
  0.47000000E+02  0.72999460E-08  0.72816846E-08  0.69699033E-08 -0.77436774E-09  0.99749839E+00  0.10280902E+01
  0.48000000E+02  0.66832531E-08  0.65960859E-08  0.63969106E-08 -0.61921107E-09  0.98695737E+00  0.10142454E+01
  0.49000000E+02  0.60340635E-08  0.59518994E-08  0.57200369E-08 -0.52481630E-09  0.98638332E+00  0.10125334E+01
  0.50000000E+02  0.55809215E-08  0.54367590E-08  0.51810085E-08 -0.64983530E-09  0.97416872E+00  0.10098916E+01
  0.51000000E+02  0.47790878E-08  0.47173097E-08  0.44409227E-08 -0.58692434E-09  0.98707324E+00  0.10255047E+01
  0.52000000E+02  0.44414694E-08  0.43478625E-08  0.41616408E-08 -0.37529277E-09  0.97892433E+00  0.10058848E+01
  0.53000000E+02  0.39615373E-08  0.39208059E-08  0.36635224E-08 -0.46487772E-09  0.98971826E+00  0.10278802E+01
  0.54000000E+02  0.35440300E-08  0.34548955E-08  0.33343666E-08 -0.39456335E-09  0.97484940E+00  0.10117381E+01
  0.55000000E+02  0.31781047E-08  0.31337750E-08  0.29526952E-08 -0.31730732E-09  0.98605156E+00  0.10197457E+01
  0.56000000E+02  0.29087683E-08  0.28584002E-08  0.27063420E-08 -0.22946216E-09  0.98268402E+00  0.10097903E+01
  0.57000000E+02  0.26871327E-08  0.26420053E-08  0.25073785E-08 -0.27150018E-09  0.98320609E+00  0.10185436E+01
  0.58000000E+02  0.23697997E-08  0.23940534E-08  0.22026594E-08 -0.29766709E-09  0.10102345E+01  0.10549365E+01
  0.59000000E+02  0.21243569E-08  0.21061748E-08  0.19988380E-08 -0.18426789E-09  0.99144113E+00  0.10228429E+01
  0.60000000E+02  0.19785664E-08  0.19480186E-08  0.18440758E-08 -0.17345575E-09  0.98456067E+00  0.10168359E+01
  0.61000000E+02  0.17684815E-08  0.17246429E-08  0.16365745E-08 -0.19304268E-09  0.97521114E+00  0.10160677E+01
  0.62000000E+02  0.16042653E-08  0.16009831E-08  0.15008901E-08 -0.16054930E-09  0.99795413E+00  0.10360260E+01
  0.63000000E+02  0.14464600E-08  0.14284037E-08  0.13304412E-08 -0.13849409E-09  0.98751694E+00  0.10245292E+01
  0.64000000E+02  0.13289859E-08  0.13053919E-08  0.12206074E-08 -0.10201454E-09  0.98224658E+00  0.10123907E+01
  0.65000000E+02  0.12281761E-08  0.12071811E-08  0.11454445E-08 -0.12829625E-09  0.98290557E+00  0.10245682E+01
  0.66000000E+02  0.10821691E-08  0.10631157E-08  0.10131833E-08 -0.10774554E-09  0.98239332E+00  0.10227139E+01
  0.67000000E+02  0.10114806E-08  0.98305597E-09  0.92239444E-09 -0.96386059E-10  0.97189802E+00  0.10110732E+01
  0.68000000E+02  0.88836805E-09  0.87485130E-09  0.81962603E-09 -0.89968581E-10  0.98478472E+00  0.10270406E+01
  0.69000000E+02  0.83440033E-09  0.81272672E-09  0.76461926E-09 -0.67522703E-10  0.97402495E+00  0.10082862E+01
  0.70000000E+02  0.74515000E-09  0.72783030E-09  0.68870876E-09 -0.83636799E-10  0.97675675E+00  0.10249661E+01
  0.71000000E+02  0.67600842E-09  0.67202011E-09  0.62569055E-09 -0.57759963E-10  0.99410021E+00  0.10313233E+01
  0.72000000E+02  0.62487432E-09  0.61673372E-09  0.58449245E-09 -0.55471714E-10  0.98697239E+00  0.10261910E+01
  0.73000000E+02  0.56531446E-09  0.55199706E-09  0.52392646E-09 -0.48930023E-10  0.97644252E+00  0.10152118E+01
  0.74000000E+02  0.52525895E-09  0.51258647E-09  0.48460913E-09 -0.49824631E-10  0.97587383E+00  0.10189446E+01
  0.75000000E+02  0.46624554E-09  0.45467827E-09  0.43682621E-09 -0.49004745E-10  0.97519058E+00  0.10235593E+01
  0.76000000E+02  0.43021844E-09  0.42540915E-09  0.39634526E-09 -0.34768650E-10  0.98882127E+00  0.10265083E+01
  0.77000000E+02  0.39304732E-09  0.38735676E-09  0.36137177E-09 -0.37703077E-10  0.98552197E+00  0.10308433E+01
  0.78000000E+02  0.35689704E-09  0.34935113E-09  0.32780675E-09 -0.29932563E-10  0.97885692E+00  0.10189967E+01
  0.79000000E+02  0.33211123E-09  0.32330874E-09  0.30469915E-09 -0.27204039E-10  0.97349536E+00  0.10132015E+01
  0.80000000E+02  0.30192046E-09  0.29685243E-09  0.27450905E-09 -0.26297920E-10  0.98321402E+00  0.10259701E+01
  0.81000000E+02  0.27968325E-09  0.27333161E-09  0.25338842E-09 -0.24276905E-10  0.97728986E+00  0.10204310E+01
  0.82000000E+02  0.25304825E-09  0.25043626E-09  0.23190262E-09 -0.24046804E-10  0.98967791E+00  0.10374911E+01
  0.83000000E+02  0.23245640E-09  0.22542480E-09  0.21233340E-09 -0.19872283E-10  0.96975088E+00  0.10132885E+01
  0.84000000E+02  0.21266734E-09  0.20623320E-09  0.19463606E-09 -0.18697275E-10  0.96974552E+00  0.10150599E+01
  0.85000000E+02  0.19510341E-09  0.19076465E-09  0.17785347E-09 -0.16892846E-10  0.97776181E+00  0.10229200E+01
  0.86000000E+02  0.17859163E-09  0.17461020E-09  0.16223639E-09 -0.16410585E-10  0.97770655E+00  0.10261954E+01
  0.87000000E+02  0.16256488E-09  0.15835905E-09  0.14752602E-09 -0.14753400E-10  0.97412831E+00  0.10225750E+01
  0.88000000E+02  0.14928619E-09  0.14538466E-09  0.13748340E-09 -0.12280738E-10  0.97386545E+00  0.10182843E+01
  0.89000000E+02  0.13770070E-09  0.13375984E-09  0.12488960E-09 -0.10861953E-10  0.97138095E+00  0.10144576E+01
  0.90000000E+02  0.12704707E-09  0.12352262E-09  0.11640188E-09 -0.11523250E-10  0.97225875E+00  0.10223466E+01
  0.91000000E+02  0.11499527E-09  0.11250780E-09  0.10525435E-09 -0.10686548E-10  0.97836894E+00  0.10302584E+01
  0.92000000E+02  0.10592178E-09  0.10288995E-09  0.96902375E-10 -0.89107818E-11  0.97137678E+00  0.10188663E+01
  0.93000000E+02  0.96936958E-10  0.94445195E-10  0.88926290E-10 -0.81771551E-11  0.97429502E+00  0.10224316E+01
  0.94000000E+02  0.89509934E-10  0.86887587E-10  0.80820996E-10 -0.75481236E-11  0.97070330E+00  0.10193412E+01
  0.95000000E+02  0.81826400E-10  0.79200035E-10  0.74743732E-10 -0.70263981E-11  0.96790320E+00  0.10179577E+01
  0.96000000E+02  0.75614806E-10  0.73500192E-10  0.69141755E-10 -0.57997422E-11  0.97203439E+00  0.10172151E+01
  0.97000000E+02  0.70092716E-10  0.67953046E-10  0.63801769E-10 -0.49448575E-11  0.96947372E+00  0.10114625E+01
  0.98000000E+02  0.65237371E-10  0.63153795E-10  0.58660056E-10 -0.61795603E-11  0.96806163E+00  0.10250212E+01
  0.99000000E+02  0.58145211E-10  0.56892973E-10  0.52934893E-10 -0.56858056E-11  0.97846359E+00  0.10378646E+01
  0.10000000E+03  0.54189479E-10  0.53004216E-10  0.49011663E-10 -0.38257730E-11  0.97812742E+00  0.10214471E+01
  0.10100000E+03  0.49939240E-10  0.48829659E-10  0.45315141E-10 -0.44519687E-11  0.97778136E+00  0.10330287E+01
  0.10200000E+03  0.45498893E-10  0.44458229E-10  0.41804990E-10 -0.39075253E-11  0.97712773E+00  0.10308779E+01
  0.10300000E+03  0.42044153E-10  0.41018938E-10  0.38619004E-10 -0.39049766E-11  0.97561574E+00  0.10343146E+01
  0.10400000E+03  0.37919074E-10  0.37014593E-10  0.34415512E-10 -0.28492987E-11  0.97614706E+00  0.10240976E+01
  0.10500000E+03  0.36160401E-10  0.35215168E-10  0.32866061E-10 -0.25526057E-11  0.97385997E+00  0.10193399E+01
  0.10600000E+03  0.32620465E-10  0.31479073E-10  0.29723474E-10 -0.30681636E-11  0.96500993E+00  0.10261849E+01
  0.10700000E+03  0.30286555E-10  0.29516826E-10  0.27585814E-10 -0.24077851E-11  0.97458518E+00  0.10267805E+01
  0.10800000E+03  0.27746262E-10  0.26916573E-10  0.25413583E-10 -0.20775855E-11  0.97009730E+00  0.10197175E+01
  0.10900000E+03  0.26060199E-10  0.25055621E-10  0.23721797E-10 -0.19561815E-11  0.96145165E+00  0.10116556E+01
  0.11000000E+03  0.23740650E-10  0.22826057E-10  0.21645052E-10 -0.22636617E-11  0.96147567E+00  0.10258319E+01
  0.11100000E+03  0.21715839E-10  0.20919683E-10  0.19820690E-10 -0.17660986E-11  0.96333754E+00  0.10187287E+01
  0.11200000E+03  0.20155318E-10  0.19533054E-10  0.18523436E-10 -0.15480000E-11  0.96912652E+00  0.10219078E+01
  0.11300000E+03  0.18570732E-10  0.18004912E-10  0.16954405E-10 -0.14915799E-11  0.96953166E+00  0.10252215E+01
  0.11400000E+03  0.17155792E-10  0.16658961E-10  0.15626040E-10 -0.15062526E-11  0.97104001E+00  0.10324546E+01
  0.11500000E+03  0.15618593E-10  0.15143860E-10  0.14313555E-10 -0.12586994E-11  0.96960461E+00  0.10264713E+01
  0.11600000E+03  0.14613243E-10  0.14272885E-10  0.13293835E-10 -0.11171936E-11  0.97670895E+00  0.10311241E+01
  0.11700000E+03  0.13334727E-10  0.12987720E-10  0.12380205E-10 -0.11874636E-11  0.97397727E+00  0.10379069E+01
  0.11800000E+03  0.12291181E-10  0.11887476E-10  0.11301599E-10 -0.10185693E-11  0.96715492E+00  0.10271560E+01
  0.11900000E+03  0.11291665E-10  0.10948697E-10  0.10363351E-10 -0.89311626E-12  0.96962649E+00  0.10273798E+01
  0.12000000E+03  0.10491582E-10  0.10222017E-10  0.96468901E-11 -0.80369283E-12  0.97430646E+00  0.10307106E+01
  0.12100000E+03  0.96553330E-11  0.94255506E-11  0.88700765E-11 -0.83915492E-12  0.97620153E+00  0.10407283E+01
  0.12200000E+03  0.88448398E-11  0.86381614E-11  0.81646330E-11 -0.73476706E-12  0.97663289E+00  0.10388199E+01
  0.12300000E+03  0.81875834E-11  0.79735298E-11  0.75595086E-11 -0.62937031E-12  0.97385633E+00  0.10318707E+01
  0.12400000E+03  0.75667909E-11  0.73385733E-11  0.69571657E-11 -0.59581349E-12  0.96983957E+00  0.10297498E+01
  0.12500000E+03  0.69833861E-11  0.68239281E-11  0.64860209E-11 -0.61046849E-12  0.97716612E+00  0.10442142E+01
  0.12600000E+03  0.63610215E-11  0.61832735E-11  0.59283190E-11 -0.56597175E-12  0.97205669E+00  0.10408455E+01
  0.12700000E+03  0.58670490E-11  0.57505272E-11  0.54544542E-11 -0.46247061E-12  0.98013961E+00  0.10415651E+01
  0.12800000E+03  0.54277572E-11  0.53109479E-11  0.50472417E-11 -0.38706346E-12  0.97847927E+00  0.10344875E+01
  0.12900000E+03  0.50669195E-11  0.49518380E-11  0.47115645E-11 -0.41332801E-12  0.97728765E+00  0.10418562E+01
  0.13000000E+03  0.46047458E-11  0.45014999E-11  0.42837717E-11 -0.42672449E-12  0.97757834E+00  0.10514989E+01
  0.13100000E+03  0.42428951E-11  0.41265342E-11  0.39194182E-11 -0.30915112E-12  0.97257513E+00  0.10311430E+01
  0.13200000E+03  0.39562559E-11  0.38697452E-11  0.36868343E-11 -0.32981845E-12  0.97813320E+00  0.10456551E+01
  0.13300000E+03  0.35888133E-11  0.34943630E-11  0.33372235E-11 -0.31627053E-12  0.97368205E+00  0.10456004E+01
  0.13400000E+03  0.33299123E-11  0.32552704E-11  0.30948018E-11 -0.27894494E-12  0.97758442E+00  0.10464609E+01
  0.13500000E+03  0.30273924E-11  0.29752823E-11  0.28607470E-11 -0.26425506E-12  0.98278719E+00  0.10550922E+01
  0.13600000E+03  0.28122274E-11  0.27568085E-11  0.26381163E-11 -0.19108200E-12  0.98029357E+00  0.10369942E+01
  0.13700000E+03  0.26183944E-11  0.25630049E-11  0.24518280E-11 -0.23609820E-12  0.97884601E+00  0.10546441E+01
  0.13800000E+03  0.23509120E-11  0.23078742E-11  0.22088824E-11 -0.23120774E-12  0.98169315E+00  0.10649701E+01
  0.13900000E+03  0.21700465E-11  0.21364243E-11  0.20377649E-11 -0.16825999E-12  0.98450625E+00  0.10506375E+01
  0.14000000E+03  0.19999360E-11  0.19677109E-11  0.18933845E-11 -0.17182479E-12  0.98388696E+00  0.10576906E+01
  0.14100000E+03  0.18297070E-11  0.18048780E-11  0.17356307E-11 -0.15342630E-12  0.98643005E+00  0.10589768E+01
  0.14200000E+03  0.16900935E-11  0.16632936E-11  0.16054608E-11 -0.14966354E-12  0.98414296E+00  0.10612997E+01
  0.14300000E+03  0.15324221E-11  0.15068964E-11  0.14550424E-11 -0.13708865E-12  0.98334289E+00  0.10618374E+01
  0.14400000E+03  0.14176196E-11  0.13821995E-11  0.13477640E-11 -0.11671443E-12  0.97501439E+00  0.10477600E+01
  0.14500000E+03  0.12949800E-11  0.12760874E-11  0.12311718E-11 -0.11462595E-12  0.98541093E+00  0.10641640E+01
  0.14600000E+03  0.11911298E-11  0.11716998E-11  0.11418580E-11 -0.97499327E-13  0.98368776E+00  0.10570167E+01
  0.14700000E+03  0.10960149E-11  0.10725791E-11  0.10407288E-11 -0.98085440E-13  0.97861725E+00  0.10593381E+01
  0.14800000E+03  0.99589065E-12  0.98178312E-12  0.95715992E-12 -0.94275994E-13  0.98583424E+00  0.10718011E+01
  0.14900000E+03  0.91009253E-12  0.89282970E-12  0.87264365E-12 -0.79105877E-13  0.98103178E+00  0.10604992E+01
  0.15000000E+03  0.83506287E-12  0.81894973E-12  0.80682412E-12 -0.75705304E-13  0.98070425E+00  0.10641451E+01
  0.15100000E+03  0.75866310E-12  0.74516039E-12  0.72686963E-12 -0.71278432E-13  0.98220199E+00  0.10692514E+01
  0.15200000E+03  0.69291865E-12  0.68668140E-12  0.67210018E-12 -0.65795175E-13  0.99099857E+00  0.10795581E+01
  0.15300000E+03  0.62827987E-12  0.62331211E-12  0.61065351E-12 -0.54733019E-13  0.99209309E+00  0.10738770E+01
  0.15400000E+03  0.58153905E-12  0.57343469E-12  0.56607773E-12 -0.51302834E-13  0.98606396E+00  0.10694250E+01
  0.15500000E+03  0.52442230E-12  0.51511470E-12  0.50728600E-12 -0.53221669E-13  0.98225170E+00  0.10787721E+01
  0.15600000E+03  0.47769194E-12  0.47170324E-12  0.46617490E-12 -0.43334612E-13  0.98746324E+00  0.10742975E+01
  0.15700000E+03  0.43616301E-12  0.43360229E-12  0.42735496E-12 -0.41068640E-13  0.99412900E+00  0.10848360E+01
  0.15800000E+03  0.39548009E-12  0.39107346E-12  0.38854320E-12 -0.38506684E-13  0.98885751E+00  0.10832524E+01
  0.15900000E+03  0.35955115E-12  0.35508998E-12  0.35430415E-12 -0.34555458E-13  0.98759240E+00  0.10813558E+01
  0.16000000E+03  0.32687717E-12  0.32465185E-12  0.32566807E-12 -0.27870699E-13  0.99319220E+00  0.10768994E+01
  0.16100000E+03  0.30200508E-12  0.29772289E-12  0.30002026E-12 -0.28962547E-13  0.98582077E+00  0.10805597E+01
  0.16200000E+03  0.26956001E-12  0.26775506E-12  0.26968087E-12 -0.26977112E-13  0.99330407E+00  0.10927839E+01
  0.16300000E+03  0.24856446E-12  0.24405635E-12  0.24740873E-12 -0.22996252E-13  0.98186338E+00  0.10743941E+01
  0.16400000E+03  0.22307752E-12  0.22137775E-12  0.22398605E-12 -0.21116814E-13  0.99238038E+00  0.10876373E+01
  0.16500000E+03  0.20610023E-12  0.20333094E-12  0.20805463E-12 -0.19932655E-13  0.98656332E+00  0.10844786E+01
  0.16600000E+03  0.18324795E-12  0.18208492E-12  0.18527871E-12 -0.18815199E-13  0.99365330E+00  0.10982355E+01
  0.16700000E+03  0.16911971E-12  0.16753386E-12  0.17147514E-12 -0.14540379E-13  0.99062294E+00  0.10787233E+01
  0.16800000E+03  0.15301569E-12  0.15314251E-12  0.15625478E-12 -0.15563532E-13  0.10008289E+01  0.11056771E+01
  0.16900000E+03  0.13872666E-12  0.13863442E-12  0.14235383E-12 -0.12855525E-13  0.99933511E+00  0.10954292E+01
  0.17000000E+03  0.12686594E-12  0.12721168E-12  0.12941768E-12 -0.12288238E-13  0.10027252E+01  0.11037605E+01
  0.17100000E+03  0.11418801E-12  0.11420385E-12  0.11668960E-12 -0.11501582E-13  0.10001388E+01  0.11058238E+01
  0.17200000E+03  0.10416533E-12  0.10508371E-12  0.10775145E-12 -0.93410683E-14  0.10088166E+01  0.11034580E+01
  0.17300000E+03  0.95140719E-13  0.95885939E-13  0.98585480E-13 -0.87144782E-14  0.10078328E+01  0.11050630E+01
  0.17400000E+03  0.86580421E-13  0.87270394E-13  0.90243439E-13 -0.86879416E-14  0.10079691E+01  0.11151029E+01
  0.17500000E+03  0.78082519E-13  0.78691068E-13  0.81395353E-13 -0.72636099E-14  0.10077937E+01  0.11076825E+01
  0.17600000E+03  0.71955008E-13  0.72253232E-13  0.74941938E-13 -0.62767407E-14  0.10041445E+01  0.10983478E+01
  0.17700000E+03  0.65300731E-13  0.66067045E-13  0.68758814E-13 -0.62188062E-14  0.10117352E+01  0.11151642E+01
  0.17800000E+03  0.59647017E-13  0.60046857E-13  0.62397902E-13 -0.54984877E-14  0.10067035E+01  0.11073860E+01
  0.17900000E+03  0.54244254E-13  0.54830499E-13  0.57107307E-13 -0.51005440E-14  0.10108075E+01  0.11140827E+01
  0.18000000E+03  0.49485044E-13  0.49897074E-13  0.52160536E-13 -0.44692677E-14  0.10083264E+01  0.11080768E+01
  0.18100000E+03  0.45211478E-13  0.45986513E-13  0.47831812E-13 -0.42553089E-14  0.10171424E+01  0.11216724E+01
  0.18200000E+03  0.41016019E-13  0.41480220E-13  0.43213483E-13 -0.38173721E-14  0.10113176E+01  0.11152527E+01
  0.18300000E+03  0.37555771E-13  0.38003363E-13  0.39682687E-13 -0.34634701E-14  0.10119181E+01  0.11154718E+01
  0.18400000E+03  0.34047862E-13  0.34638501E-13  0.36222774E-13 -0.32903188E-14  0.10173473E+01  0.11264526E+01
  0.18500000E+03  0.31027857E-13  0.31729404E-13  0.33095115E-13 -0.28649210E-14  0.10226102E+01  0.11274226E+01
  0.18600000E+03  0.28276528E-13  0.28840909E-13  0.30260886E-13 -0.26306948E-14  0.10199593E+01  0.11261380E+01
  0.18700000E+03  0.25764150E-13  0.26401895E-13  0.27466341E-13 -0.23746492E-14  0.10247532E+01  0.11305093E+01
  0.18800000E+03  0.23506548E-13  0.24107335E-13  0.25179252E-13 -0.21973430E-14  0.10255582E+01  0.11333901E+01
  0.18900000E+03  0.21363804E-13  0.22036941E-13  0.22962655E-13 -0.20443528E-14  0.10315083E+01  0.11424817E+01
  0.19000000E+03  0.19441874E-13  0.19989810E-13  0.20895324E-13 -0.17916811E-14  0.10281832E+01  0.11356208E+01
  0.19100000E+03  0.17778995E-13  0.18332730E-13  0.19045106E-13 -0.15127156E-14  0.10311456E+01  0.11308612E+01
  0.19200000E+03  0.16328244E-13  0.16694963E-13  0.17467242E-13 -0.16119883E-14  0.10224593E+01  0.11387656E+01
  0.19300000E+03  0.14607344E-13  0.14949601E-13  0.15610058E-13 -0.14731075E-14  0.10234305E+01  0.11428570E+01
  0.19400000E+03  0.13412530E-13  0.13749771E-13  0.14394805E-13 -0.12120689E-14  0.10251437E+01  0.11327155E+01
  0.19500000E+03  0.12130575E-13  0.12428122E-13  0.13017839E-13 -0.11895942E-14  0.10245287E+01  0.11418649E+01
  0.19600000E+03  0.11058916E-13  0.11309984E-13  0.11881437E-13 -0.10260336E-14  0.10227027E+01  0.11342824E+01
  0.19700000E+03  0.10053562E-13  0.10289007E-13  0.10758251E-13 -0.97515917E-15  0.10234190E+01  0.11406660E+01
  0.19800000E+03  0.91088288E-14  0.93034719E-14  0.97526171E-14 -0.91424893E-15  0.10213686E+01  0.11433089E+01
  0.19900000E+03  0.82317838E-14  0.83408156E-14  0.87975036E-14 -0.83754512E-15  0.10132452E+01  0.11374811E+01
  0.20000000E+03  0.74556780E-14  0.76028331E-14  0.79706597E-14 -0.65807774E-15  0.10197374E+01  0.11280552E+01
  0.20100000E+03  0.68788977E-14  0.69778468E-14  0.73679584E-14 -0.62823592E-15  0.10143844E+01  0.11270211E+01
  0.20200000E+03  0.61826726E-14  0.62729176E-14  0.65959891E-14 -0.66184788E-15  0.10145965E+01  0.11472788E+01
  0.20300000E+03  0.55865719E-14  0.56640992E-14  0.59631412E-14 -0.56260685E-15  0.10138774E+01  0.11393173E+01
  0.20400000E+03  0.50592473E-14  0.51242647E-14  0.53796380E-14 -0.45545528E-15  0.10128512E+01  0.11255373E+01
  0.20500000E+03  0.46427769E-14  0.46790087E-14  0.49423153E-14 -0.48906131E-15  0.10078039E+01  0.11403049E+01
  0.20600000E+03  0.40977751E-14  0.41594743E-14  0.43483228E-14 -0.44526738E-15  0.10150567E+01  0.11524041E+01
  0.20700000E+03  0.37635313E-14  0.37932774E-14  0.39978672E-14 -0.35736407E-15  0.10079038E+01  0.11285088E+01
  0.20800000E+03  0.33684912E-14  0.34123372E-14  0.35802520E-14 -0.33315720E-15  0.10130165E+01  0.11392449E+01
  0.20900000E+03  0.30968736E-14  0.31143104E-14  0.32843302E-14 -0.29901409E-15  0.10056305E+01  0.11294514E+01
  0.21000000E+03  0.27623991E-14  0.27895203E-14  0.29346909E-14 -0.30353817E-15  0.10098180E+01  0.11514059E+01
  0.21100000E+03  0.25029629E-14  0.25029735E-14  0.26514166E-14 -0.24891101E-15  0.10000042E+01  0.11287557E+01
  0.21200000E+03  0.22596628E-14  0.22652903E-14  0.23878462E-14 -0.21696359E-15  0.10024904E+01  0.11273894E+01
  0.21300000E+03  0.20619156E-14  0.20463626E-14  0.21728392E-14 -0.21131009E-15  0.99245703E+00  0.11263967E+01
  0.21400000E+03  0.18375838E-14  0.18251540E-14  0.19303095E-14 -0.20279924E-15  0.99323583E+00  0.11381507E+01
  0.21500000E+03  0.16620510E-14  0.16406616E-14  0.17495885E-14 -0.17117969E-15  0.98713070E+00  0.11230015E+01
  0.21600000E+03  0.14943373E-14  0.14811419E-14  0.15606443E-14 -0.14403831E-15  0.99116975E+00  0.11189204E+01
  0.21700000E+03  0.13700999E-14  0.13445385E-14  0.14310158E-14 -0.13022401E-15  0.98134339E+00  0.11078981E+01
  0.21800000E+03  0.12304350E-14  0.12068181E-14  0.12829978E-14 -0.12910560E-15  0.98080611E+00  0.11211594E+01
  0.21900000E+03  0.11135203E-14  0.10880231E-14  0.11585839E-14 -0.12069758E-15  0.97710222E+00  0.11227568E+01
  0.22000000E+03  0.99096735E-15  0.97061040E-15  0.10333845E-14 -0.10526585E-15  0.00000000E+00  0.00000000E+00
  0.22100000E+03  0.90272970E-15  0.88195114E-15  0.93582582E-15 -0.90240753E-16  0.00000000E+00  0.00000000E+00
  0.22200000E+03  0.80730033E-15  0.78596055E-15  0.83398499E-15 -0.89384019E-16  0.00000000E+00  0.00000000E+00
  0.22300000E+03  0.72707328E-15  0.71216757E-15  0.75663325E-15 -0.73600341E-16  0.00000000E+00  0.00000000E+00
  0.22400000E+03  0.65832433E-15  0.64257698E-15  0.68710984E-15 -0.65833201E-16  0.00000000E+00  0.00000000E+00
  0.22500000E+03  0.59412585E-15  0.58280091E-15  0.61877811E-15 -0.62306076E-16  0.00000000E+00  0.00000000E+00
  0.22600000E+03  0.53371927E-15  0.51858322E-15  0.55546917E-15 -0.58822382E-16  0.00000000E+00  0.00000000E+00
  0.22700000E+03  0.47790573E-15  0.46420206E-15  0.49567320E-15 -0.49185509E-16  0.00000000E+00  0.00000000E+00
  0.22800000E+03  0.43443195E-15  0.41926622E-15  0.45100121E-15 -0.43536541E-16  0.00000000E+00  0.00000000E+00
  0.22900000E+03  0.39005338E-15  0.37832600E-15  0.40496328E-15 -0.40243647E-16  0.00000000E+00  0.00000000E+00
  0.23000000E+03  0.35333897E-15  0.34119731E-15  0.36888610E-15 -0.39767949E-16  0.00000000E+00  0.00000000E+00
  0.23100000E+03  0.31208572E-15  0.30308610E-15  0.32358387E-15 -0.32398851E-16  0.00000000E+00  0.00000000E+00
  0.23200000E+03  0.28790608E-15  0.27837674E-15  0.29998130E-15 -0.27780633E-16  0.00000000E+00  0.00000000E+00
  0.23300000E+03  0.25537641E-15  0.24645112E-15  0.26443204E-15 -0.27804806E-16  0.00000000E+00  0.00000000E+00
  0.23400000E+03  0.23303205E-15  0.22495562E-15  0.24259529E-15 -0.24143184E-16  0.00000000E+00  0.00000000E+00
  0.23500000E+03  0.20675117E-15  0.19847373E-15  0.21357351E-15 -0.22401816E-16  0.00000000E+00  0.00000000E+00
  0.23600000E+03  0.18862238E-15  0.18123893E-15  0.19738448E-15 -0.18508821E-16  0.00000000E+00  0.00000000E+00
  0.23700000E+03  0.16892083E-15  0.16301694E-15  0.17581224E-15 -0.18348140E-16  0.00000000E+00  0.00000000E+00
  0.23800000E+03  0.15249517E-15  0.14743356E-15  0.15954460E-15 -0.15305956E-16  0.00000000E+00  0.00000000E+00
  0.23900000E+03  0.13791116E-15  0.13343585E-15  0.14415692E-15 -0.14164163E-16  0.00000000E+00  0.00000000E+00
  0.24000000E+03  0.12421655E-15  0.12120889E-15  0.13145840E-15 -0.12403129E-16  0.00000000E+00  0.00000000E+00
  0.24100000E+03  0.11266184E-15  0.10988355E-15  0.11850984E-15 -0.12634611E-16  0.00000000E+00  0.00000000E+00
  0.24200000E+03  0.99338125E-16  0.97395005E-16  0.10526618E-15 -0.11204943E-16  0.00000000E+00  0.00000000E+00
  0.24300000E+03  0.90499104E-16  0.89139365E-16  0.96188466E-16 -0.87556646E-17  0.00000000E+00  0.00000000E+00
  0.24400000E+03  0.81373966E-16  0.80701600E-16  0.86711444E-16 -0.82358726E-17  0.00000000E+00  0.00000000E+00
  0.24500000E+03  0.74016538E-16  0.73833579E-16  0.79644172E-16 -0.74843889E-17  0.00000000E+00  0.00000000E+00
  0.24600000E+03  0.66308049E-16  0.66356740E-16  0.71177846E-16 -0.72614406E-17  0.00000000E+00  0.00000000E+00
  0.24700000E+03  0.59784446E-16  0.60274110E-16  0.64562790E-16 -0.57402215E-17  0.00000000E+00  0.00000000E+00
  0.24800000E+03  0.54654520E-16  0.55136180E-16  0.58846992E-16 -0.49780540E-17  0.00000000E+00  0.00000000E+00
  0.24900000E+03  0.49670958E-16  0.50277785E-16  0.53544265E-16 -0.47459335E-17  0.00000000E+00  0.00000000E+00
  0.25000000E+03  0.45136798E-16  0.45791266E-16  0.48447237E-16 -0.46113040E-17  0.00000000E+00  0.00000000E+00
  0.25100000E+03  0.40593879E-16  0.41482324E-16  0.43869481E-16 -0.38705861E-17  0.00000000E+00  0.00000000E+00
  0.25200000E+03  0.37373526E-16  0.38226461E-16  0.40174210E-16 -0.32197046E-17  0.00000000E+00  0.00000000E+00
  0.25300000E+03  0.34011814E-16  0.35010019E-16  0.36725122E-16 -0.31519819E-17  0.00000000E+00  0.00000000E+00
  0.25400000E+03  0.31116731E-16  0.32207885E-16  0.33703388E-16 -0.28119302E-17  0.00000000E+00  0.00000000E+00
  0.25500000E+03  0.28363305E-16  0.29371867E-16  0.30692599E-16 -0.25940541E-17  0.00000000E+00  0.00000000E+00
  0.25600000E+03  0.25928623E-16  0.27342607E-16  0.28082686E-16 -0.24346821E-17  0.00000000E+00  0.00000000E+00
