 # Isotropy Coefficients: Standard IC = E₂₂/E₁₁ (should be 4/3 for isotropy)
 # Derivative-based IC = [2E₂₂ - k dE₁₁/dk] / [2E₁₁] (alternative definition)
 # Columns: k, E11(k), E22(k), E33(k), dE11/dk, IC_standard, IC_derivative
  0.10000000E+01  0.29099369E-05  0.52351515E-05  0.25225631E-05  0.21320820E-04  0.17990601E+01  0.17541028E+01
  0.20000000E+01  0.24230758E-04  0.31157379E-04  0.23662771E-04  0.12903172E-05  0.12858607E+01  0.12852072E+01
  0.30000000E+01  0.54905713E-05  0.36139231E-05  0.40334389E-05 -0.14138380E-04  0.65820527E+00  0.70560580E+00
  0.40000000E+01  0.29901757E-05  0.35235269E-05  0.34239488E-05 -0.64826658E-07  0.11783679E+01  0.11789000E+01
  0.50000000E+01  0.26458354E-05  0.28285147E-05  0.28175477E-05 -0.17705838E-06  0.10690441E+01  0.10710971E+01
  0.60000000E+01  0.22507902E-05  0.24181388E-05  0.22057436E-05 -0.50409312E-06  0.10743511E+01  0.10825964E+01
  0.70000000E+01  0.17001878E-05  0.17379383E-05  0.15964541E-05 -0.42144416E-06  0.10222037E+01  0.10328506E+01
  0.80000000E+01  0.14741131E-05  0.14582765E-05  0.13693374E-05 -0.50961564E-07  0.98925686E+00  0.99095386E+00
  0.90000000E+01  0.14897486E-05  0.15952577E-05  0.15003434E-05 -0.13422753E-06  0.10708234E+01  0.10757991E+01
  0.10000000E+02  0.11788152E-05  0.11770571E-05  0.10718794E-05 -0.30730590E-06  0.99850863E+00  0.10145044E+01
  0.11000000E+02  0.94853499E-06  0.10246105E-05  0.90301961E-06 -0.16821996E-06  0.10802032E+01  0.10921732E+01
  0.12000000E+02  0.83207550E-06  0.82888010E-06  0.80021999E-06 -0.94019391E-07  0.99615973E+00  0.10044795E+01
  0.13000000E+02  0.73447080E-06  0.75868047E-06  0.69400693E-06 -0.11844048E-06  0.10329621E+01  0.10458252E+01
  0.14000000E+02  0.59453453E-06  0.62752235E-06  0.58580002E-06 -0.14408714E-06  0.10554851E+01  0.10763040E+01
  0.15000000E+02  0.46949302E-06  0.48071831E-06  0.46368558E-06 -0.71451673E-07  0.10239094E+01  0.10379167E+01
  0.16000000E+02  0.44129877E-06  0.43297561E-06  0.44378672E-06 -0.46132101E-07  0.98113942E+00  0.99140227E+00
  0.17000000E+02  0.36600488E-06  0.37342383E-06  0.36076864E-06 -0.61731122E-07  0.10202701E+01  0.10378634E+01
  0.18000000E+02  0.32021475E-06  0.31878182E-06  0.31739555E-06 -0.65251612E-07  0.99552506E+00  0.10180312E+01
  0.19000000E+02  0.24159425E-06  0.26214943E-06  0.25423327E-06 -0.47226781E-07  0.10850815E+01  0.11078709E+01
  0.20000000E+02  0.22903308E-06  0.24298680E-06  0.22820132E-06 -0.12759995E-07  0.10609245E+01  0.10677614E+01
  0.21000000E+02  0.20327290E-06  0.21080797E-06  0.20440241E-06 -0.34349526E-07  0.10370687E+01  0.10588428E+01
  0.22000000E+02  0.16676397E-06  0.17288259E-06  0.17449605E-06 -0.23457430E-07  0.10366904E+01  0.10556784E+01
  0.23000000E+02  0.15563566E-06  0.15729135E-06  0.15109723E-06 -0.17894257E-07  0.10106382E+01  0.10268643E+01
  0.24000000E+02  0.12942424E-06  0.13345860E-06  0.13044287E-06 -0.18522496E-07  0.10311716E+01  0.10522469E+01
  0.25000000E+02  0.11928617E-06  0.11790805E-06  0.11657635E-06 -0.15069249E-07  0.98844695E+00  0.10078255E+01
  0.26000000E+02  0.98238004E-07  0.10299716E-06  0.99181058E-07 -0.17246075E-07  0.10484452E+01  0.10764520E+01
  0.27000000E+02  0.86976826E-07  0.87924796E-07  0.87640643E-07 -0.91538057E-08  0.10108991E+01  0.10283350E+01
  0.28000000E+02  0.77902385E-07  0.80720270E-07  0.79704670E-07 -0.10591363E-07  0.10361720E+01  0.10595301E+01
  0.29000000E+02  0.66446916E-07  0.71861017E-07  0.69252820E-07 -0.84053982E-08  0.10814801E+01  0.11039894E+01
  0.30000000E+02  0.61095086E-07  0.60621211E-07  0.57537992E-07 -0.60569612E-08  0.99224365E+00  0.10104930E+01
  0.31000000E+02  0.53383207E-07  0.55299992E-07  0.51344138E-07 -0.79917131E-08  0.10359062E+01  0.10643820E+01
  0.32000000E+02  0.46076263E-07  0.47496684E-07  0.45589928E-07 -0.54384532E-08  0.10308276E+01  0.10540031E+01
  0.33000000E+02  0.42196874E-07  0.43195282E-07  0.42575941E-07 -0.43784789E-08  0.10236608E+01  0.10446713E+01
  0.34000000E+02  0.36865870E-07  0.38505956E-07  0.37127766E-07 -0.52470726E-08  0.10444880E+01  0.10741807E+01
  0.35000000E+02  0.32241811E-07  0.32994819E-07  0.31932210E-07 -0.36294014E-08  0.10233550E+01  0.10475298E+01
  0.36000000E+02  0.29400635E-07  0.30231835E-07  0.29033147E-07 -0.30076492E-08  0.10282716E+01  0.10508685E+01
  0.37000000E+02  0.26027806E-07  0.26249412E-07  0.25389349E-07 -0.31001905E-08  0.10085142E+01  0.10355558E+01
  0.38000000E+02  0.23245619E-07  0.24124326E-07  0.22837323E-07 -0.29720502E-08  0.10378010E+01  0.10676121E+01
  0.39000000E+02  0.20203975E-07  0.21093435E-07  0.19832363E-07 -0.24163203E-08  0.10440240E+01  0.10726434E+01
  0.40000000E+02  0.18474596E-07  0.19037397E-07  0.18348125E-07 -0.15035996E-08  0.10304636E+01  0.10504390E+01
  0.41000000E+02  0.16855463E-07  0.17298861E-07  0.16368684E-07 -0.20924331E-08  0.10263059E+01  0.10575361E+01
  0.42000000E+02  0.14500708E-07  0.14519627E-07  0.14407838E-07 -0.16570115E-08  0.10013047E+01  0.10307534E+01
  0.43000000E+02  0.13522069E-07  0.13711645E-07  0.13269060E-07 -0.13639072E-08  0.10140197E+01  0.10406325E+01
  0.44000000E+02  0.11691580E-07  0.11822531E-07  0.11609651E-07 -0.14120626E-08  0.10112004E+01  0.10438075E+01
  0.45000000E+02  0.10749328E-07  0.11184983E-07  0.10666538E-07 -0.12003755E-08  0.10405285E+01  0.10713625E+01
  0.46000000E+02  0.92635295E-08  0.95933554E-08  0.92073522E-08 -0.11669287E-08  0.10356048E+01  0.10711602E+01
  0.47000000E+02  0.85021696E-08  0.87389100E-08  0.83099323E-08 -0.71875045E-09  0.10278447E+01  0.10522243E+01
  0.48000000E+02  0.77174613E-08  0.80018001E-08  0.75142239E-08 -0.75019818E-09  0.10368435E+01  0.10654736E+01
  0.49000000E+02  0.70057866E-08  0.72491733E-08  0.67646333E-08 -0.70939671E-09  0.10347408E+01  0.10651853E+01
  0.50000000E+02  0.62948446E-08  0.65514167E-08  0.61679146E-08 -0.70757467E-09  0.10407591E+01  0.10752447E+01
  0.51000000E+02  0.56339977E-08  0.57691318E-08  0.55159908E-08 -0.51809412E-09  0.10239855E+01  0.10527623E+01
  0.52000000E+02  0.52340443E-08  0.52199245E-08  0.50059961E-08 -0.42100065E-09  0.99730229E+00  0.10229665E+01
  0.53000000E+02  0.47365134E-08  0.47343667E-08  0.45621635E-08 -0.55844179E-09  0.99954677E+00  0.10378888E+01
  0.54000000E+02  0.41669797E-08  0.42298738E-08  0.41117909E-08 -0.47658960E-09  0.10150934E+01  0.10529898E+01
  0.55000000E+02  0.37987817E-08  0.39154582E-08  0.36666488E-08 -0.34542649E-09  0.10307142E+01  0.10614011E+01
  0.56000000E+02  0.34512653E-08  0.35523522E-08  0.33836116E-08 -0.31762740E-09  0.10292898E+01  0.10609131E+01
  0.57000000E+02  0.31559173E-08  0.32385044E-08  0.30531897E-08 -0.30920719E-09  0.10261689E+01  0.10604361E+01
  0.58000000E+02  0.28355935E-08  0.29238434E-08  0.27827955E-08 -0.28933750E-09  0.10311222E+01  0.10674357E+01
  0.59000000E+02  0.25838944E-08  0.26207356E-08  0.25167890E-08 -0.24051836E-09  0.10142580E+01  0.10479561E+01
  0.60000000E+02  0.23471327E-08  0.24235245E-08  0.23055315E-08 -0.22627482E-09  0.10325469E+01  0.10680388E+01
  0.61000000E+02  0.21344504E-08  0.21550817E-08  0.20668229E-08 -0.18915465E-09  0.10096658E+01  0.10428355E+01
  0.62000000E+02  0.19553397E-08  0.19795459E-08  0.18822548E-08 -0.21564443E-09  0.10123795E+01  0.10543349E+01
  0.63000000E+02  0.17194061E-08  0.17700207E-08  0.16883804E-08 -0.17265230E-09  0.10294373E+01  0.10682536E+01
  0.64000000E+02  0.16145110E-08  0.16218132E-08  0.15522218E-08 -0.10711796E-09  0.10045229E+01  0.10305773E+01
  0.65000000E+02  0.14796488E-08  0.15060985E-08  0.14556708E-08 -0.15315274E-09  0.10178756E+01  0.10591575E+01
  0.66000000E+02  0.13226973E-08  0.13438685E-08  0.12892949E-08 -0.12728753E-09  0.10160061E+01  0.10549778E+01
  0.67000000E+02  0.12227298E-08  0.12492016E-08  0.11989605E-08 -0.11910550E-09  0.10216497E+01  0.10616955E+01
  0.68000000E+02  0.10866089E-08  0.11311705E-08  0.10574877E-08 -0.10163512E-09  0.10410098E+01  0.10800363E+01
  0.69000000E+02  0.10202077E-08  0.10404396E-08  0.98537023E-09 -0.76877033E-10  0.10198312E+01  0.10517346E+01
  0.70000000E+02  0.92214208E-09  0.94123598E-09  0.89452895E-09 -0.10154608E-09  0.10207061E+01  0.10680041E+01
  0.71000000E+02  0.82951962E-09  0.84902824E-09  0.80851614E-09 -0.68293503E-10  0.10235180E+01  0.10593846E+01
  0.72000000E+02  0.77965734E-09  0.79868773E-09  0.75277612E-09 -0.64266988E-10  0.10244087E+01  0.10608250E+01
  0.73000000E+02  0.69985179E-09  0.71568368E-09  0.68359834E-09 -0.61884567E-10  0.10226218E+01  0.10622294E+01
  0.74000000E+02  0.65600309E-09  0.67793665E-09  0.63983119E-09 -0.58307907E-10  0.10334351E+01  0.10737935E+01
  0.75000000E+02  0.58290062E-09  0.59006788E-09  0.56115246E-09 -0.58015884E-10  0.10122958E+01  0.10580988E+01
  0.76000000E+02  0.54374300E-09  0.55758531E-09  0.52352123E-09 -0.39777528E-10  0.10254575E+01  0.10595719E+01
  0.77000000E+02  0.49796151E-09  0.51311450E-09  0.48337856E-09 -0.45757526E-10  0.10304301E+01  0.10738448E+01
  0.78000000E+02  0.45382054E-09  0.46115817E-09  0.43406118E-09 -0.43107504E-10  0.10161686E+01  0.10616300E+01
  0.79000000E+02  0.41261139E-09  0.42360102E-09  0.40029305E-09 -0.38211892E-10  0.10266343E+01  0.10715259E+01
  0.80000000E+02  0.37823217E-09  0.39149572E-09  0.36835032E-09 -0.29419595E-10  0.10350672E+01  0.10732483E+01
  0.81000000E+02  0.35179729E-09  0.36188491E-09  0.34206823E-09 -0.28782560E-10  0.10286745E+01  0.10693378E+01
  0.82000000E+02  0.32034281E-09  0.33230177E-09  0.31075201E-09 -0.28920749E-10  0.10373318E+01  0.10827560E+01
  0.83000000E+02  0.29488728E-09  0.30187222E-09  0.28778158E-09 -0.25133394E-10  0.10236868E+01  0.10670931E+01
  0.84000000E+02  0.27000122E-09  0.27671729E-09  0.26201710E-09 -0.21734786E-10  0.10248742E+01  0.10663648E+01
  0.85000000E+02  0.25066521E-09  0.25645014E-09  0.24299268E-09 -0.21194079E-10  0.10230783E+01  0.10671763E+01
  0.86000000E+02  0.22738368E-09  0.23450544E-09  0.22072449E-09 -0.21905850E-10  0.10313205E+01  0.10821574E+01
  0.87000000E+02  0.20827595E-09  0.21356097E-09  0.19954093E-09 -0.16517598E-10  0.10253751E+01  0.10677109E+01
  0.88000000E+02  0.19375739E-09  0.19899529E-09  0.18701247E-09 -0.13673459E-10  0.10270333E+01  0.10651383E+01
  0.89000000E+02  0.17986597E-09  0.18334617E-09  0.17261528E-09 -0.14894003E-10  0.10193489E+01  0.10645691E+01
  0.90000000E+02  0.16418530E-09  0.16810023E-09  0.15882050E-09 -0.15038448E-10  0.10238446E+01  0.10744261E+01
  0.91000000E+02  0.15042731E-09  0.15359521E-09  0.14373085E-09 -0.12629429E-10  0.10210593E+01  0.10679383E+01
  0.92000000E+02  0.13870949E-09  0.14090755E-09  0.13178161E-09 -0.11356534E-10  0.10158465E+01  0.10620641E+01
  0.93000000E+02  0.12761255E-09  0.12984261E-09  0.12182934E-09 -0.10306180E-10  0.10174752E+01  0.10635611E+01
  0.94000000E+02  0.11794561E-09  0.12094689E-09  0.11266769E-09 -0.99797852E-11  0.10254463E+01  0.10742494E+01
  0.95000000E+02  0.10799044E-09  0.10982410E-09  0.10261261E-09 -0.81418379E-11  0.10169799E+01  0.10609281E+01
  0.96000000E+02  0.10149005E-09  0.10293254E-09  0.95281665E-10 -0.70107795E-11  0.10142131E+01  0.10549037E+01
  0.97000000E+02  0.93670079E-10  0.94088702E-10  0.87685942E-10 -0.68444985E-11  0.10044692E+01  0.10479594E+01
  0.98000000E+02  0.87512102E-10  0.88376605E-10  0.81760154E-10 -0.78706893E-11  0.10098786E+01  0.10639604E+01
  0.99000000E+02  0.78300845E-10  0.79539479E-10  0.73886480E-10 -0.74693533E-11  0.10158190E+01  0.10737660E+01
  0.10000000E+03  0.72984438E-10  0.74242279E-10  0.68408890E-10 -0.53388270E-11  0.10172343E+01  0.10621188E+01
  0.10100000E+03  0.67080994E-10  0.68076017E-10  0.63124624E-10 -0.57352127E-11  0.10148332E+01  0.10678180E+01
  0.10200000E+03  0.61819216E-10  0.63070132E-10  0.57976561E-10 -0.44813749E-11  0.10202351E+01  0.10656049E+01
  0.10300000E+03  0.57801625E-10  0.57858593E-10  0.53687568E-10 -0.47392611E-11  0.10009856E+01  0.10528045E+01
  0.10400000E+03  0.52525977E-10  0.52788007E-10  0.48526586E-10 -0.40684630E-11  0.10049886E+01  0.10544162E+01
  0.10500000E+03  0.49606205E-10  0.50051269E-10  0.46299041E-10 -0.36360151E-11  0.10089719E+01  0.10561955E+01
  0.10600000E+03  0.45077421E-10  0.45530163E-10  0.42079982E-10 -0.40306998E-11  0.10100436E+01  0.10682013E+01
  0.10700000E+03  0.41845364E-10  0.42252771E-10  0.38942575E-10 -0.30636654E-11  0.10097361E+01  0.10578041E+01
  0.10800000E+03  0.38807645E-10  0.38863517E-10  0.35847148E-10 -0.27677461E-11  0.10014397E+01  0.10487018E+01
  0.10900000E+03  0.36211985E-10  0.36227875E-10  0.33397882E-10 -0.27892408E-11  0.10004388E+01  0.10519545E+01
  0.11000000E+03  0.33223330E-10  0.33173533E-10  0.30373707E-10 -0.28514524E-11  0.99850112E+00  0.10564301E+01
  0.11100000E+03  0.30641743E-10  0.30386627E-10  0.27787743E-10 -0.23500444E-11  0.99167424E+00  0.10439097E+01
  0.11200000E+03  0.28463138E-10  0.28709816E-10  0.25987287E-10 -0.21401420E-11  0.10086665E+01  0.10603389E+01
  0.11300000E+03  0.26330983E-10  0.26273858E-10  0.24044921E-10 -0.20062571E-11  0.99783051E+00  0.10506603E+01
  0.11400000E+03  0.24418955E-10  0.24414368E-10  0.22132350E-10 -0.20283308E-11  0.99981219E+00  0.10579149E+01
  0.11500000E+03  0.22363358E-10  0.22452529E-10  0.20277958E-10 -0.16730364E-11  0.10039874E+01  0.10567768E+01
  0.11600000E+03  0.21062110E-10  0.20982868E-10  0.18964530E-10 -0.13157332E-11  0.99623770E+00  0.10407013E+01
  0.11700000E+03  0.19552662E-10  0.19415693E-10  0.17663213E-10 -0.17290304E-11  0.99299490E+00  0.10564786E+01
  0.11800000E+03  0.17722188E-10  0.17731448E-10  0.16094567E-10 -0.16373251E-11  0.10005225E+01  0.10674154E+01
  0.11900000E+03  0.16392341E-10  0.16409808E-10  0.14905188E-10 -0.10892748E-11  0.10010656E+01  0.10495858E+01
  0.12000000E+03  0.15427442E-10  0.15307566E-10  0.13891767E-10 -0.10405817E-11  0.99222964E+00  0.10418938E+01
  0.12100000E+03  0.14265990E-10  0.14157355E-10  0.12782708E-10 -0.11352711E-11  0.99238503E+00  0.10514681E+01
  0.12200000E+03  0.13198369E-10  0.13025694E-10  0.11739654E-10 -0.10404810E-11  0.98691690E+00  0.10459307E+01
  0.12300000E+03  0.12183011E-10  0.12021847E-10  0.10927743E-10 -0.98590819E-12  0.98677146E+00  0.10478469E+01
  0.12400000E+03  0.11249377E-10  0.11175223E-10  0.10080495E-10 -0.81736901E-12  0.99340814E+00  0.10486912E+01
  0.12500000E+03  0.10504951E-10  0.10467485E-10  0.94027381E-11 -0.84412924E-12  0.99643344E+00  0.10580652E+01
  0.12600000E+03  0.95823176E-11  0.95206837E-11  0.85489758E-11 -0.76595436E-12  0.99356794E+00  0.10553672E+01
  0.12700000E+03  0.89760855E-11  0.88196672E-11  0.79905171E-11 -0.68299733E-12  0.98257387E+00  0.10418686E+01
  0.12800000E+03  0.82099067E-11  0.81210785E-11  0.74127223E-11 -0.62869528E-12  0.98918039E+00  0.10493243E+01
  0.12900000E+03  0.77216324E-11  0.75884967E-11  0.68797802E-11 -0.54021354E-12  0.98275810E+00  0.10381346E+01
  0.13000000E+03  0.70910348E-11  0.69912327E-11  0.62567304E-11 -0.63280181E-12  0.98592561E+00  0.10571094E+01
  0.13100000E+03  0.65076720E-11  0.63740358E-11  0.57651353E-11 -0.48936723E-12  0.97946483E+00  0.10399098E+01
  0.13200000E+03  0.60918471E-11  0.60375546E-11  0.54404250E-11 -0.44863053E-12  0.99108768E+00  0.10507354E+01
  0.13300000E+03  0.56005391E-11  0.54740999E-11  0.49426908E-11 -0.43828951E-12  0.97742373E+00  0.10412887E+01
  0.13400000E+03  0.52175373E-11  0.51190792E-11  0.46119016E-11 -0.41340388E-12  0.98112941E+00  0.10462763E+01
  0.13500000E+03  0.47726675E-11  0.46495442E-11  0.42203324E-11 -0.40331640E-12  0.97420239E+00  0.10442024E+01
  0.13600000E+03  0.44297209E-11  0.43338354E-11  0.39306102E-11 -0.29989214E-12  0.97835404E+00  0.10348487E+01
  0.13700000E+03  0.41378051E-11  0.40347244E-11  0.36379292E-11 -0.35273238E-12  0.97508806E+00  0.10467479E+01
  0.13800000E+03  0.37373425E-11  0.36551651E-11  0.32926047E-11 -0.34644507E-12  0.97801185E+00  0.10565047E+01
  0.13900000E+03  0.34664292E-11  0.33888424E-11  0.30606438E-11 -0.25044200E-12  0.97761768E+00  0.10392374E+01
  0.14000000E+03  0.32160535E-11  0.31294691E-11  0.28322095E-11 -0.24647743E-12  0.97307742E+00  0.10389131E+01
  0.14100000E+03  0.29727974E-11  0.28795930E-11  0.25970250E-11 -0.23326835E-12  0.96864760E+00  0.10365350E+01
  0.14200000E+03  0.27460167E-11  0.26716056E-11  0.24102846E-11 -0.23767856E-12  0.97290212E+00  0.10483167E+01
  0.14300000E+03  0.25053549E-11  0.24344279E-11  0.22013463E-11 -0.20855771E-12  0.97168982E+00  0.10447319E+01
  0.14400000E+03  0.23286559E-11  0.22609193E-11  0.20433505E-11 -0.18175350E-12  0.97091174E+00  0.10398753E+01
  0.14500000E+03  0.21366036E-11  0.20767999E-11  0.18736341E-11 -0.17853163E-12  0.97200990E+00  0.10463527E+01
  0.14600000E+03  0.19770492E-11  0.19128473E-11  0.17394092E-11 -0.14740780E-12  0.96752638E+00  0.10343201E+01
  0.14700000E+03  0.18348803E-11  0.17590062E-11  0.15888262E-11 -0.14630533E-12  0.95864904E+00  0.10305691E+01
  0.14800000E+03  0.16837630E-11  0.16016513E-11  0.14507232E-11 -0.14569476E-12  0.95123321E+00  0.10298119E+01
  0.14900000E+03  0.15459784E-11  0.14827449E-11  0.13386716E-11 -0.13454934E-12  0.95909810E+00  0.10386672E+01
  0.15000000E+03  0.14141710E-11  0.13515918E-11  0.12298426E-11 -0.12761611E-12  0.95574850E+00  0.10388052E+01
  0.15100000E+03  0.12927363E-11  0.12412000E-11  0.11221096E-11 -0.11179558E-12  0.96013391E+00  0.10402595E+01
  0.15200000E+03  0.11892199E-11  0.11404535E-11  0.10342095E-11 -0.10299688E-12  0.95899290E+00  0.10397694E+01
  0.15300000E+03  0.10879172E-11  0.10468403E-11  0.94998998E-12 -0.86516298E-13  0.96224266E+00  0.10369002E+01
  0.15400000E+03  0.10115807E-11  0.96484854E-12  0.88230996E-12 -0.89454106E-13  0.95380282E+00  0.10373633E+01
  0.15500000E+03  0.90981790E-12  0.86909624E-12  0.79626177E-12 -0.88970599E-13  0.95524198E+00  0.10482464E+01
  0.15600000E+03  0.83787502E-12  0.80487179E-12  0.72931646E-12 -0.69896373E-13  0.96061081E+00  0.10404618E+01
  0.15700000E+03  0.76591896E-12  0.73523864E-12  0.66839373E-12 -0.69747837E-13  0.95994312E+00  0.10476689E+01
  0.15800000E+03  0.69914577E-12  0.67231832E-12  0.61236693E-12 -0.65735821E-13  0.96162826E+00  0.10527813E+01
  0.15900000E+03  0.63695815E-12  0.61165217E-12  0.55881314E-12 -0.51310163E-13  0.96027058E+00  0.10388610E+01
  0.16000000E+03  0.59501845E-12  0.56788238E-12  0.51919634E-12 -0.41696017E-13  0.95439458E+00  0.10231907E+01
  0.16100000E+03  0.54862235E-12  0.52243718E-12  0.47857936E-12 -0.52852308E-13  0.95227104E+00  0.10474402E+01
  0.16200000E+03  0.49281136E-12  0.46731862E-12  0.43176332E-12 -0.47925924E-13  0.94827080E+00  0.10449393E+01
  0.16300000E+03  0.45352909E-12  0.43105173E-12  0.39763321E-12 -0.41530456E-13  0.95043898E+00  0.10420250E+01
  0.16400000E+03  0.40938352E-12  0.39047183E-12  0.36262562E-12 -0.36753020E-13  0.95380449E+00  0.10441458E+01
  0.16500000E+03  0.37956500E-12  0.36336692E-12  0.33482196E-12 -0.33382880E-13  0.95732462E+00  0.10463680E+01
  0.16600000E+03  0.34213504E-12  0.32645037E-12  0.30330363E-12 -0.32119394E-13  0.95415652E+00  0.10497785E+01
  0.16700000E+03  0.31613571E-12  0.30119481E-12  0.27929276E-12 -0.26688980E-13  0.95273894E+00  0.10392467E+01
  0.16800000E+03  0.28738199E-12  0.27404129E-12  0.25435082E-12 -0.27733126E-13  0.95357853E+00  0.10530568E+01
  0.16900000E+03  0.26180837E-12  0.24997251E-12  0.23293794E-12 -0.23077729E-13  0.95479190E+00  0.10461982E+01
  0.17000000E+03  0.24031376E-12  0.23003377E-12  0.21450327E-12 -0.22996191E-13  0.95722258E+00  0.10570400E+01
  0.17100000E+03  0.21652261E-12  0.20806318E-12  0.19418837E-12 -0.19630302E-13  0.96093047E+00  0.10560566E+01
  0.17200000E+03  0.20105017E-12  0.19161119E-12  0.18036564E-12 -0.16163545E-13  0.95305163E+00  0.10378994E+01
  0.17300000E+03  0.18326328E-12  0.17562842E-12  0.16553534E-12 -0.16496077E-13  0.95833939E+00  0.10538895E+01
  0.17400000E+03  0.16820163E-12  0.15972317E-12  0.15223936E-12 -0.16081434E-13  0.94959348E+00  0.10516695E+01
  0.17500000E+03  0.15168726E-12  0.14501893E-12  0.13719654E-12 -0.13249173E-13  0.95603895E+00  0.10498292E+01
  0.17600000E+03  0.14141924E-12  0.13533612E-12  0.12883848E-12 -0.11589663E-13  0.95698518E+00  0.10454875E+01
  0.17700000E+03  0.12799413E-12  0.12278988E-12  0.11719145E-12 -0.12031595E-13  0.95933992E+00  0.10614307E+01
  0.17800000E+03  0.11773261E-12  0.11303484E-12  0.10812045E-12 -0.10686455E-13  0.96009797E+00  0.10592352E+01
  0.17900000E+03  0.10657331E-12  0.10334765E-12  0.99009349E-13 -0.98793679E-14  0.96973288E+00  0.10715483E+01
  0.18000000E+03  0.98290117E-13  0.94663514E-13  0.91090628E-13 -0.74451384E-14  0.96310306E+00  0.10467626E+01
  0.18100000E+03  0.91006623E-13  0.87097471E-13  0.84760039E-13 -0.79182419E-14  0.95704544E+00  0.10536759E+01
  0.18200000E+03  0.82540752E-13  0.79332415E-13  0.77363578E-13 -0.77980581E-14  0.96113026E+00  0.10666343E+01
  0.18300000E+03  0.75597284E-13  0.72714255E-13  0.70855295E-13 -0.69960229E-14  0.96186334E+00  0.10657778E+01
  0.18400000E+03  0.68592111E-13  0.66361819E-13  0.64916605E-13 -0.60974078E-14  0.96748471E+00  0.10678467E+01
  0.18500000E+03  0.63369754E-13  0.61519935E-13  0.60575026E-13 -0.52207397E-14  0.97080910E+00  0.10643286E+01
  0.18600000E+03  0.57889403E-13  0.56221063E-13  0.55434810E-13 -0.54616180E-14  0.97118056E+00  0.10788556E+01
  0.18700000E+03  0.52624493E-13  0.51317796E-13  0.50838131E-13 -0.48624926E-14  0.97516942E+00  0.10811906E+01
  0.18800000E+03  0.48169453E-13  0.47092853E-13  0.46573927E-13 -0.43008200E-14  0.97764975E+00  0.10806451E+01
  0.18900000E+03  0.43960061E-13  0.42606747E-13  0.42593750E-13 -0.40332295E-14  0.96921492E+00  0.10756136E+01
  0.19000000E+03  0.40183775E-13  0.39262261E-13  0.39133481E-13 -0.33659753E-14  0.97706753E+00  0.10747224E+01
  0.19100000E+03  0.37137821E-13  0.36258380E-13  0.36416925E-13 -0.30458424E-14  0.97631955E+00  0.10724375E+01
  0.19200000E+03  0.33983223E-13  0.33161699E-13  0.33559303E-13 -0.31743517E-14  0.97582561E+00  0.10858710E+01
  0.19300000E+03  0.30905745E-13  0.30244375E-13  0.30609355E-13 -0.27589957E-14  0.97860044E+00  0.10843184E+01
  0.19400000E+03  0.28419389E-13  0.27684698E-13  0.28170679E-13 -0.25809791E-14  0.97414827E+00  0.10822546E+01
  0.19500000E+03  0.25735092E-13  0.25005061E-13  0.25532700E-13 -0.24440577E-14  0.97163290E+00  0.10852648E+01
  0.19600000E+03  0.23589749E-13  0.23006877E-13  0.23449135E-13 -0.20257282E-14  0.97529131E+00  0.10785660E+01
  0.19700000E+03  0.21597323E-13  0.21084493E-13  0.21655409E-13 -0.19828616E-14  0.97625494E+00  0.10872334E+01
  0.19800000E+03  0.19625974E-13  0.19313193E-13  0.19822763E-13 -0.19093226E-14  0.98406291E+00  0.11022563E+01
  0.19900000E+03  0.17819234E-13  0.17531859E-13  0.18069608E-13 -0.16822039E-14  0.98387277E+00  0.10991445E+01
  0.20000000E+03  0.16276910E-13  0.16028938E-13  0.16583951E-13 -0.13822875E-14  0.98476541E+00  0.10889819E+01
  0.20100000E+03  0.14991265E-13  0.14666731E-13  0.15236540E-13 -0.13281083E-14  0.97835177E+00  0.10876143E+01
  0.20200000E+03  0.13589678E-13  0.13359778E-13  0.13891605E-13 -0.14052265E-14  0.98308277E+00  0.11112474E+01
  0.20300000E+03  0.12258673E-13  0.12045058E-13  0.12615255E-13 -0.11498448E-14  0.98257440E+00  0.10994090E+01
  0.20400000E+03  0.11278893E-13  0.11089094E-13  0.11684989E-13 -0.94180323E-15  0.98317230E+00  0.10876933E+01
  0.20500000E+03  0.10303121E-13  0.10164679E-13  0.10703949E-13 -0.10474619E-14  0.98656315E+00  0.11144433E+01
  0.20600000E+03  0.92468977E-14  0.91268359E-14  0.96552057E-14 -0.86054609E-15  0.98701596E+00  0.11046479E+01
  0.20700000E+03  0.85722597E-14  0.83981928E-14  0.89287200E-14 -0.72027515E-15  0.97969413E+00  0.10864160E+01
  0.20800000E+03  0.77585558E-14  0.75948938E-14  0.80807765E-14 -0.78177737E-15  0.97890562E+00  0.11075070E+01
  0.20900000E+03  0.70396862E-14  0.69071513E-14  0.73738097E-14 -0.69193089E-15  0.98117322E+00  0.11072210E+01
  0.21000000E+03  0.63676362E-14  0.62604718E-14  0.67179657E-14 -0.65329322E-15  0.98317045E+00  0.11153698E+01
  0.21100000E+03  0.57480727E-14  0.56981283E-14  0.61319311E-14 -0.54611470E-15  0.99131107E+00  0.11143165E+01
  0.21200000E+03  0.52651674E-14  0.52198139E-14  0.56416748E-14 -0.48128227E-15  0.99138612E+00  0.11102920E+01
  0.21300000E+03  0.47733136E-14  0.47035138E-14  0.51244223E-14 -0.46090123E-15  0.98537707E+00  0.11115736E+01
  0.21400000E+03  0.43449516E-14  0.42640515E-14  0.46579693E-14 -0.42810678E-15  0.98138064E+00  0.11107588E+01
  0.21500000E+03  0.39171606E-14  0.38452700E-14  0.42028229E-14 -0.40047210E-15  0.98164725E+00  0.11165185E+01
  0.21600000E+03  0.35532253E-14  0.34889476E-14  0.38385746E-14 -0.32691086E-15  0.98191005E+00  0.11038485E+01
  0.21700000E+03  0.32451677E-14  0.31933479E-14  0.35203034E-14 -0.33404290E-15  0.98403174E+00  0.11210898E+01
  0.21800000E+03  0.28919378E-14  0.28731015E-14  0.31884201E-14 -0.30774880E-15  0.99348658E+00  0.11358322E+01
  0.21900000E+03  0.26353747E-14  0.26190816E-14  0.29103014E-14 -0.25843626E-15  0.99381757E+00  0.11255932E+01
  0.22000000E+03  0.23678671E-14  0.23527014E-14  0.26458237E-14 -0.23963454E-15  0.99359518E+00  0.11302090E+01
  0.22100000E+03  0.21538369E-14  0.21406223E-14  0.24052280E-14 -0.22887068E-15  0.99386466E+00  0.11379598E+01
  0.22200000E+03  0.19152495E-14  0.18958484E-14  0.21566094E-14 -0.19620904E-15  0.98987019E+00  0.11294192E+01
  0.22300000E+03  0.17608824E-14  0.17451800E-14  0.19827036E-14 -0.16495065E-15  0.99108267E+00  0.11192592E+01
  0.22400000E+03  0.15787395E-14  0.15512584E-14  0.17833328E-14 -0.16217875E-15  0.98259300E+00  0.11237854E+01
  0.22500000E+03  0.14411649E-14  0.14321908E-14  0.16531556E-14 -0.13418787E-15  0.99377304E+00  0.11223201E+01
  0.22600000E+03  0.13036544E-14  0.12782625E-14  0.14938057E-14 -0.13672815E-15  0.98052251E+00  0.11259625E+01
  0.22700000E+03  0.11704564E-14  0.11557944E-14  0.13587017E-14 -0.12625497E-15  0.98747325E+00  0.11377180E+01
  0.22800000E+03  0.10538089E-14  0.10418664E-14  0.12311465E-14 -0.10511933E-15  0.98866725E+00  0.11282190E+01
  0.22900000E+03  0.95746074E-15  0.94007443E-15  0.11200231E-14 -0.95086258E-16  0.00000000E+00  0.00000000E+00
  0.23000000E+03  0.86112122E-15  0.84679970E-15  0.10144441E-14 -0.95753581E-16  0.00000000E+00  0.00000000E+00
  0.23100000E+03  0.76998995E-15  0.75871250E-15  0.91103296E-15 -0.78494325E-16  0.00000000E+00  0.00000000E+00
  0.23200000E+03  0.70308552E-15  0.69529467E-15  0.84727366E-15 -0.65900679E-16  0.00000000E+00  0.00000000E+00
  0.23300000E+03  0.63510716E-15  0.62075064E-15  0.76312523E-15 -0.65282861E-16  0.00000000E+00  0.00000000E+00
  0.23400000E+03  0.57286696E-15  0.56292227E-15  0.69476861E-15 -0.62299703E-16  0.00000000E+00  0.00000000E+00
  0.23500000E+03  0.51163596E-15  0.49891553E-15  0.62533478E-15 -0.55561536E-16  0.00000000E+00  0.00000000E+00
  0.23600000E+03  0.46291251E-15  0.45084710E-15  0.56604771E-15 -0.43130693E-16  0.00000000E+00  0.00000000E+00
  0.23700000E+03  0.42220995E-15  0.40792371E-15  0.51817426E-15 -0.44474990E-16  0.00000000E+00  0.00000000E+00
  0.23800000E+03  0.37502730E-15  0.36482654E-15  0.46533031E-15 -0.40375953E-16  0.00000000E+00  0.00000000E+00
  0.23900000E+03  0.34225417E-15  0.33289562E-15  0.42756995E-15 -0.32986179E-16  0.00000000E+00  0.00000000E+00
  0.24000000E+03  0.30777768E-15  0.29917656E-15  0.38682626E-15 -0.31019045E-16  0.00000000E+00  0.00000000E+00
  0.24100000E+03  0.28004701E-15  0.27264866E-15  0.35482020E-15 -0.29172440E-16  0.00000000E+00  0.00000000E+00
  0.24200000E+03  0.24959864E-15  0.24184469E-15  0.31733306E-15 -0.26870550E-16  0.00000000E+00  0.00000000E+00
  0.24300000E+03  0.22689106E-15  0.21861750E-15  0.28854521E-15 -0.21805176E-16  0.00000000E+00  0.00000000E+00
  0.24400000E+03  0.20497668E-15  0.19639380E-15  0.26150107E-15 -0.21194842E-16  0.00000000E+00  0.00000000E+00
  0.24500000E+03  0.18473349E-15  0.17770275E-15  0.23591871E-15 -0.19124014E-16  0.00000000E+00  0.00000000E+00
  0.24600000E+03  0.16667619E-15  0.15950395E-15  0.21480508E-15 -0.17450573E-16  0.00000000E+00  0.00000000E+00
  0.24700000E+03  0.14997539E-15  0.14423576E-15  0.19355101E-15 -0.15122040E-16  0.00000000E+00  0.00000000E+00
  0.24800000E+03  0.13631873E-15  0.13107051E-15  0.17729215E-15 -0.13099099E-16  0.00000000E+00  0.00000000E+00
  0.24900000E+03  0.12333824E-15  0.11800773E-15  0.16039675E-15 -0.12872144E-16  0.00000000E+00  0.00000000E+00
  0.25000000E+03  0.11076819E-15  0.10575981E-15  0.14448573E-15 -0.11751435E-16  0.00000000E+00  0.00000000E+00
  0.25100000E+03  0.10003677E-15  0.94775701E-16  0.12974137E-15 -0.98184511E-17  0.00000000E+00  0.00000000E+00
  0.25200000E+03  0.90924202E-16  0.87030379E-16  0.11856161E-15 -0.87449890E-17  0.00000000E+00  0.00000000E+00
  0.25300000E+03  0.82407789E-16  0.78431055E-16  0.10677950E-15 -0.81431795E-17  0.00000000E+00  0.00000000E+00
  0.25400000E+03  0.74676185E-16  0.71920912E-16  0.97432651E-16 -0.73034283E-17  0.00000000E+00  0.00000000E+00
  0.25500000E+03  0.67770769E-16  0.64595394E-16  0.87465489E-16 -0.66034986E-17  0.00000000E+00  0.00000000E+00
  0.25600000E+03  0.61469188E-16  0.58968720E-16  0.80115678E-16 -0.63015810E-17  0.00000000E+00  0.00000000E+00
