 # Isotropy Coefficients: Standard IC = E₂₂/E₁₁ (should be 4/3 for isotropy)
 # Derivative-based IC = [2E₂₂ - k dE₁₁/dk] / [2E₁₁] (alternative definition)
 # Columns: k, E11(k), E22(k), E33(k), dE11/dk, IC_standard, IC_derivative
  0.10000000E+01  0.47972458E-05  0.38551698E-05  0.26847697E-05  0.18845452E-04  0.80362147E+00  0.77951717E+00
  0.20000000E+01  0.23642699E-04  0.25192196E-04  0.23273611E-04 -0.55303826E-06  0.10655380E+01  0.10658251E+01
  0.30000000E+01  0.36911692E-05  0.42639608E-05  0.38499479E-05 -0.13235574E-04  0.11551789E+01  0.12211844E+01
  0.40000000E+01  0.36012286E-05  0.29166611E-05  0.27110323E-05  0.15369602E-05  0.80990720E+00  0.79943228E+00
  0.50000000E+01  0.32923647E-05  0.28725215E-05  0.24013691E-05 -0.89578288E-06  0.87247974E+00  0.88082701E+00
  0.60000000E+01  0.20087384E-05  0.23753325E-05  0.21030773E-05 -0.87847366E-06  0.11824996E+01  0.11986001E+01
  0.70000000E+01  0.17006423E-05  0.18004831E-05  0.18792214E-05 -0.24214211E-06  0.10587077E+01  0.10648233E+01
  0.80000000E+01  0.14091336E-05  0.14992985E-05  0.13849589E-05 -0.11968940E-06  0.10639861E+01  0.10681554E+01
  0.90000000E+01  0.14012307E-05  0.14035926E-05  0.14237514E-05 -0.16893894E-06  0.10016855E+01  0.10083436E+01
  0.10000000E+02  0.10497183E-05  0.11550736E-05  0.10212625E-05 -0.31085523E-06  0.11003653E+01  0.11185358E+01
  0.11000000E+02  0.85258739E-06  0.87364037E-06  0.82790677E-06 -0.13981928E-06  0.10246930E+01  0.10357618E+01
  0.12000000E+02  0.75024946E-06  0.84452790E-06  0.77431548E-06 -0.72915178E-07  0.11256628E+01  0.11328188E+01
  0.13000000E+02  0.68331121E-06  0.68193464E-06  0.62142732E-06 -0.87287368E-07  0.99798542E+00  0.10081750E+01
  0.14000000E+02  0.57049107E-06  0.55451761E-06  0.55928132E-06 -0.11921391E-06  0.97200054E+00  0.98995137E+00
  0.15000000E+02  0.46196857E-06  0.46189723E-06  0.41536828E-06 -0.80421302E-07  0.99984556E+00  0.10158681E+01
  0.16000000E+02  0.41007524E-06  0.44256086E-06  0.39523852E-06 -0.42475349E-07  0.10792186E+01  0.10893875E+01
  0.17000000E+02  0.36504031E-06  0.38592205E-06  0.35780192E-06 -0.51647547E-07  0.10572039E+01  0.10719622E+01
  0.18000000E+02  0.30476909E-06  0.31982529E-06  0.29964266E-06 -0.69001992E-07  0.10494020E+01  0.10744079E+01
  0.19000000E+02  0.23928982E-06  0.24574811E-06  0.24619561E-06 -0.35280166E-07  0.10269895E+01  0.10441780E+01
  0.20000000E+02  0.23209522E-06  0.22279661E-06  0.21862523E-06 -0.10125317E-07  0.95993626E+00  0.96528995E+00
  0.21000000E+02  0.20701131E-06  0.20563941E-06  0.19425771E-06 -0.34773993E-07  0.99337280E+00  0.10150179E+01
  0.22000000E+02  0.16804478E-06  0.17051507E-06  0.15983238E-06 -0.33026186E-07  0.10147002E+01  0.10412301E+01
  0.23000000E+02  0.14417422E-06  0.14401471E-06  0.14620045E-06 -0.20410722E-07  0.99889356E+00  0.10188727E+01
  0.24000000E+02  0.12571279E-06  0.12508508E-06  0.12241883E-06 -0.14878665E-07  0.99500680E+00  0.10124359E+01
  0.25000000E+02  0.11328407E-06  0.11659566E-06  0.11173947E-06 -0.12992190E-07  0.10292327E+01  0.10468254E+01
  0.26000000E+02  0.99467485E-07  0.10104880E-06  0.99107829E-07 -0.11532356E-07  0.10158978E+01  0.10343943E+01
  0.27000000E+02  0.90118100E-07  0.86887290E-07  0.82059202E-07 -0.99814415E-08  0.96414918E+00  0.98249871E+00
  0.28000000E+02  0.78773333E-07  0.77049094E-07  0.76341415E-07 -0.11658540E-07  0.97811139E+00  0.10035388E+01
  0.29000000E+02  0.67508154E-07  0.69194634E-07  0.65221286E-07 -0.10477346E-07  0.10249819E+01  0.10525986E+01
  0.30000000E+02  0.58490386E-07  0.58715603E-07  0.56767924E-07 -0.64708483E-08  0.10038505E+01  0.10242151E+01
  0.31000000E+02  0.53582671E-07  0.52780408E-07  0.51722960E-07 -0.68372472E-08  0.98502755E+00  0.10092992E+01
  0.32000000E+02  0.45019654E-07  0.46214723E-07  0.44915659E-07 -0.60711911E-08  0.10265455E+01  0.10530244E+01
  0.33000000E+02  0.41789253E-07  0.42676191E-07  0.40752049E-07 -0.35351524E-08  0.10212241E+01  0.10383533E+01
  0.34000000E+02  0.36997339E-07  0.38002959E-07  0.36175102E-07 -0.52456000E-08  0.10271809E+01  0.10567600E+01
  0.35000000E+02  0.31825984E-07  0.32310364E-07  0.30522624E-07 -0.44738813E-08  0.10152197E+01  0.10454088E+01
  0.36000000E+02  0.28260693E-07  0.29405792E-07  0.28750534E-07 -0.29895786E-08  0.10405191E+01  0.10638864E+01
  0.37000000E+02  0.25582670E-07  0.25452106E-07  0.24738384E-07 -0.25560016E-08  0.99489641E+00  0.10175792E+01
  0.38000000E+02  0.22925773E-07  0.22958840E-07  0.22267745E-07 -0.30159928E-08  0.10014423E+01  0.10321163E+01
  0.39000000E+02  0.19818648E-07  0.20034216E-07  0.19548418E-07 -0.22927398E-08  0.10108770E+01  0.10385607E+01
  0.40000000E+02  0.18340435E-07  0.18219589E-07  0.17764792E-07 -0.15357400E-08  0.99341100E+00  0.10139626E+01
  0.41000000E+02  0.16412848E-07  0.16741204E-07  0.15696662E-07 -0.22760438E-08  0.10200061E+01  0.10548928E+01
  0.42000000E+02  0.14108255E-07  0.14414987E-07  0.14058614E-07 -0.15162960E-08  0.10217413E+01  0.10494387E+01
  0.43000000E+02  0.13273732E-07  0.13230482E-07  0.12709265E-07 -0.12945195E-08  0.99674171E+00  0.10224731E+01
  0.44000000E+02  0.11423062E-07  0.11615014E-07  0.10963520E-07 -0.14696081E-08  0.10168040E+01  0.10515378E+01
  0.45000000E+02  0.10465532E-07  0.10604907E-07  0.10155681E-07 -0.10137066E-08  0.10133176E+01  0.10400627E+01
  0.46000000E+02  0.92779482E-08  0.92643537E-08  0.89759533E-08 -0.11409685E-08  0.99853474E+00  0.10332451E+01
  0.47000000E+02  0.82773068E-08  0.83619964E-08  0.80209004E-08 -0.81305207E-09  0.10102315E+01  0.10385590E+01
  0.48000000E+02  0.76088851E-08  0.77150917E-08  0.73934552E-08 -0.67518929E-09  0.10139582E+01  0.10400934E+01
  0.49000000E+02  0.68696520E-08  0.68785231E-08  0.66434489E-08 -0.75508705E-09  0.10012914E+01  0.10343388E+01
  0.50000000E+02  0.61189804E-08  0.62680732E-08  0.60254544E-08 -0.74453577E-09  0.10243657E+01  0.10616955E+01
  0.51000000E+02  0.54191145E-08  0.54256217E-08  0.53409623E-08 -0.58859401E-09  0.10012008E+01  0.10351897E+01
  0.52000000E+02  0.49390145E-08  0.49173758E-08  0.48410977E-08 -0.43975731E-09  0.99561882E+00  0.10240278E+01
  0.53000000E+02  0.44930544E-08  0.45452615E-08  0.43539892E-08 -0.48168208E-09  0.10116196E+01  0.10464833E+01
  0.54000000E+02  0.39875863E-08  0.40697792E-08  0.38589105E-08 -0.46178780E-09  0.10206122E+01  0.10589834E+01
  0.55000000E+02  0.35878736E-08  0.36806584E-08  0.35479546E-08 -0.37272410E-09  0.10258607E+01  0.10609192E+01
  0.56000000E+02  0.32390208E-08  0.33041148E-08  0.32288294E-08 -0.29672806E-09  0.10200968E+01  0.10515752E+01
  0.57000000E+02  0.29772207E-08  0.30507636E-08  0.29798091E-08 -0.28362004E-09  0.10247018E+01  0.10580200E+01
  0.58000000E+02  0.26630993E-08  0.27198506E-08  0.26138547E-08 -0.31296352E-09  0.10213102E+01  0.10631331E+01
  0.59000000E+02  0.23839419E-08  0.24396811E-08  0.23834130E-08 -0.19534015E-09  0.10233811E+01  0.10530450E+01
  0.60000000E+02  0.22483522E-08  0.22607025E-08  0.21977931E-08 -0.18584517E-09  0.10054930E+01  0.10359242E+01
  0.61000000E+02  0.20033248E-08  0.20244781E-08  0.19433024E-08 -0.20222342E-09  0.10105591E+01  0.10483415E+01
  0.62000000E+02  0.18483042E-08  0.18772381E-08  0.18074314E-08 -0.19927204E-09  0.10156543E+01  0.10566695E+01
  0.63000000E+02  0.16102392E-08  0.16286842E-08  0.15842648E-08 -0.18463725E-09  0.10114548E+01  0.10557798E+01
  0.64000000E+02  0.14949313E-08  0.15180229E-08  0.14709177E-08 -0.94582307E-10  0.10154467E+01  0.10402921E+01
  0.65000000E+02  0.13919885E-08  0.14080704E-08  0.13517146E-08 -0.13248432E-09  0.10115532E+01  0.10495129E+01
  0.66000000E+02  0.12372866E-08  0.12451499E-08  0.12094350E-08 -0.12960988E-09  0.10063553E+01  0.10487773E+01
  0.67000000E+02  0.11388933E-08  0.11474287E-08  0.11103980E-08 -0.10440169E-09  0.10074944E+01  0.10451803E+01
  0.68000000E+02  0.10254882E-08  0.10177824E-08  0.99951192E-09 -0.92947920E-10  0.99248570E+00  0.10303036E+01
  0.69000000E+02  0.95042196E-09  0.95370933E-09  0.93639119E-09 -0.89430845E-10  0.10034589E+01  0.10432972E+01
  0.70000000E+02  0.84489066E-09  0.84971452E-09  0.82368595E-09 -0.95989543E-10  0.10057094E+01  0.10545074E+01
  0.71000000E+02  0.76728257E-09  0.77730733E-09  0.74104706E-09 -0.62625162E-10  0.10130652E+01  0.10486228E+01
  0.72000000E+02  0.71224776E-09  0.71449535E-09  0.69614725E-09 -0.63470687E-10  0.10031556E+01  0.10425247E+01
  0.73000000E+02  0.64078087E-09  0.64456740E-09  0.62381161E-09 -0.59205058E-10  0.10059092E+01  0.10472951E+01
  0.74000000E+02  0.59452510E-09  0.59828581E-09  0.58520383E-09 -0.51917345E-10  0.10063256E+01  0.10459765E+01
  0.75000000E+02  0.53596200E-09  0.53480753E-09  0.51857779E-09 -0.49616949E-10  0.99784601E+00  0.10404488E+01
  0.76000000E+02  0.49670484E-09  0.49299831E-09  0.48799281E-09 -0.39043286E-10  0.99253774E+00  0.10291934E+01
  0.77000000E+02  0.45362233E-09  0.45130605E-09  0.43704043E-09 -0.47811418E-10  0.99489379E+00  0.10446913E+01
  0.78000000E+02  0.40432732E-09  0.41026810E-09  0.39753451E-09 -0.42436468E-10  0.10146930E+01  0.10649250E+01
  0.79000000E+02  0.37067877E-09  0.37744272E-09  0.36600484E-09 -0.29831481E-10  0.10182475E+01  0.10572582E+01
  0.80000000E+02  0.34239381E-09  0.34788603E-09  0.33848641E-09 -0.26634854E-10  0.10160407E+01  0.10542258E+01
  0.81000000E+02  0.31613195E-09  0.31719066E-09  0.31387859E-09 -0.27261199E-10  0.10033489E+01  0.10462079E+01
  0.82000000E+02  0.28757102E-09  0.29047184E-09  0.28561284E-09 -0.28992010E-10  0.10100874E+01  0.10608128E+01
  0.83000000E+02  0.25923094E-09  0.26540140E-09  0.25810071E-09 -0.26938484E-10  0.10238029E+01  0.10767260E+01
  0.84000000E+02  0.23508984E-09  0.24157623E-09  0.23678168E-09 -0.19400198E-10  0.10275911E+01  0.10701246E+01
  0.85000000E+02  0.21954424E-09  0.22468542E-09  0.21912232E-09 -0.15138744E-10  0.10234175E+01  0.10593814E+01
  0.86000000E+02  0.20287984E-09  0.20577309E-09  0.20020673E-09 -0.18600418E-10  0.10142609E+01  0.10626405E+01
  0.87000000E+02  0.18321586E-09  0.18633120E-09  0.18082769E-09 -0.18172401E-10  0.10170037E+01  0.10699515E+01
  0.88000000E+02  0.16766780E-09  0.17134057E-09  0.16678774E-09 -0.13239612E-10  0.10219051E+01  0.10645422E+01
  0.89000000E+02  0.15591671E-09  0.15717207E-09  0.15295201E-09 -0.11735754E-10  0.10080515E+01  0.10491558E+01
  0.90000000E+02  0.14336200E-09  0.14544377E-09  0.14090580E-09 -0.13557815E-10  0.10145210E+01  0.10667460E+01
  0.91000000E+02  0.12959854E-09  0.13201529E-09  0.12866619E-09 -0.11944585E-10  0.10186479E+01  0.10701106E+01
  0.92000000E+02  0.11981621E-09  0.12206994E-09  0.11915283E-09 -0.89679783E-11  0.10188098E+01  0.10610617E+01
  0.93000000E+02  0.11088543E-09  0.11291607E-09  0.10943375E-09 -0.92092367E-11  0.10183129E+01  0.10657057E+01
  0.94000000E+02  0.10127290E-09  0.10245272E-09  0.99533264E-10 -0.99236270E-11  0.10116500E+01  0.10681677E+01
  0.95000000E+02  0.91762847E-10  0.93035080E-10  0.90783756E-10 -0.76076671E-11  0.10138644E+01  0.10621911E+01
  0.96000000E+02  0.85919077E-10  0.87207006E-10  0.84911037E-10 -0.59404777E-11  0.10149900E+01  0.10557170E+01
  0.97000000E+02  0.79346883E-10  0.79981619E-10  0.78584708E-10 -0.62981126E-11  0.10079995E+01  0.10552419E+01
  0.98000000E+02  0.73230901E-10  0.74624584E-10  0.72604027E-10 -0.69390930E-11  0.10190314E+01  0.10760103E+01
  0.99000000E+02  0.65834789E-10  0.67388109E-10  0.65077894E-10 -0.61624022E-11  0.10235943E+01  0.10804546E+01
  0.10000000E+03  0.61091431E-10  0.62086822E-10  0.60085180E-10 -0.46367649E-11  0.10162935E+01  0.10628644E+01
  0.10100000E+03  0.56179939E-10  0.57723014E-10  0.55849731E-10 -0.47878338E-11  0.10274667E+01  0.10802819E+01
  0.10200000E+03  0.51633288E-10  0.52662725E-10  0.51244405E-10 -0.41851275E-11  0.10199375E+01  0.10706668E+01
  0.10300000E+03  0.47623658E-10  0.48275439E-10  0.47163339E-10 -0.45729865E-11  0.10136861E+01  0.10743729E+01
  0.10400000E+03  0.42862706E-10  0.43592678E-10  0.42590105E-10 -0.32680289E-11  0.10170305E+01  0.10656846E+01
  0.10500000E+03  0.40891113E-10  0.41833887E-10  0.40786326E-10 -0.27900642E-11  0.10230557E+01  0.10670153E+01
  0.10600000E+03  0.36989287E-10  0.37773323E-10  0.36704577E-10 -0.35583925E-11  0.10211962E+01  0.10837659E+01
  0.10700000E+03  0.34117074E-10  0.34721861E-10  0.33647408E-10 -0.27650345E-11  0.10177268E+01  0.10709368E+01
  0.10800000E+03  0.31371111E-10  0.32039926E-10  0.31060585E-10 -0.24542070E-11  0.10213195E+01  0.10731618E+01
  0.10900000E+03  0.29126125E-10  0.29537869E-10  0.28988966E-10 -0.24252772E-11  0.10141366E+01  0.10698276E+01
  0.11000000E+03  0.26512187E-10  0.27191100E-10  0.26471257E-10 -0.24613983E-11  0.10256076E+01  0.10882703E+01
  0.11100000E+03  0.24349016E-10  0.24900134E-10  0.24161650E-10 -0.18496576E-11  0.10226341E+01  0.10743725E+01
  0.11200000E+03  0.22691014E-10  0.23203354E-10  0.22492008E-10 -0.17977895E-11  0.10225790E+01  0.10770271E+01
  0.11300000E+03  0.20752634E-10  0.21345002E-10  0.20791528E-10 -0.16741799E-11  0.10285442E+01  0.10844797E+01
  0.11400000E+03  0.19314602E-10  0.19782819E-10  0.19195758E-10 -0.16879219E-11  0.10242417E+01  0.10853711E+01
  0.11500000E+03  0.17427884E-10  0.17918075E-10  0.17465321E-10 -0.15081872E-11  0.10281268E+01  0.10891912E+01
  0.11600000E+03  0.16348081E-10  0.16759670E-10  0.16272489E-10 -0.10733796E-11  0.10251766E+01  0.10719097E+01
  0.11700000E+03  0.15118714E-10  0.15489917E-10  0.15026055E-10 -0.13561399E-11  0.10245526E+01  0.10889480E+01
  0.11800000E+03  0.13721796E-10  0.14111040E-10  0.13735221E-10 -0.12336447E-11  0.10283668E+01  0.10934609E+01
  0.11900000E+03  0.12691286E-10  0.12900076E-10  0.12653582E-10 -0.97576558E-12  0.10164514E+01  0.10725907E+01
  0.12000000E+03  0.11732402E-10  0.12003424E-10  0.11771646E-10 -0.87564434E-12  0.10231004E+01  0.10780547E+01
  0.12100000E+03  0.10912739E-10  0.11172545E-10  0.10879151E-10 -0.86615605E-12  0.10238075E+01  0.10827364E+01
  0.12200000E+03  0.10001149E-10  0.10210104E-10  0.99866079E-11 -0.84743773E-12  0.10208931E+01  0.10843235E+01
  0.12300000E+03  0.92351439E-11  0.93814791E-11  0.92024461E-11 -0.76315489E-12  0.10158454E+01  0.10782124E+01
  0.12400000E+03  0.84808913E-11  0.86625238E-11  0.84494642E-11 -0.64566321E-12  0.10214167E+01  0.10793417E+01
  0.12500000E+03  0.79085358E-11  0.80865002E-11  0.79419691E-11 -0.67731844E-12  0.10225028E+01  0.10881909E+01
  0.12600000E+03  0.71362443E-11  0.73402413E-11  0.72118101E-11 -0.67097733E-12  0.10285860E+01  0.11012783E+01
  0.12700000E+03  0.66057888E-11  0.68251719E-11  0.66314749E-11 -0.49830761E-12  0.10332108E+01  0.10919944E+01
  0.12800000E+03  0.61106428E-11  0.62569849E-11  0.61666176E-11 -0.45249384E-12  0.10239488E+01  0.10821075E+01
  0.12900000E+03  0.56834164E-11  0.58163938E-11  0.57221801E-11 -0.46064655E-12  0.10233974E+01  0.10875521E+01
  0.13000000E+03  0.51871918E-11  0.53388062E-11  0.52020432E-11 -0.48715985E-12  0.10292286E+01  0.11041425E+01
  0.13100000E+03  0.47459389E-11  0.48882326E-11  0.47733623E-11 -0.34960308E-12  0.10299822E+01  0.10891935E+01
  0.13200000E+03  0.44567405E-11  0.45625175E-11  0.44707792E-11 -0.35244168E-12  0.10237341E+01  0.10877849E+01
  0.13300000E+03  0.40350440E-11  0.41382436E-11  0.40334233E-11 -0.37536779E-12  0.10255759E+01  0.11014930E+01
  0.13400000E+03  0.37293319E-11  0.38462896E-11  0.37613077E-11 -0.29417888E-12  0.10313616E+01  0.10962198E+01
  0.13500000E+03  0.34310833E-11  0.35134404E-11  0.34445762E-11 -0.29011667E-12  0.10240033E+01  0.10940447E+01
  0.13600000E+03  0.31552011E-11  0.32437792E-11  0.31939692E-11 -0.24867109E-12  0.10280737E+01  0.10938420E+01
  0.13700000E+03  0.29233970E-11  0.30022922E-11  0.29457008E-11 -0.25225137E-12  0.10269876E+01  0.10995222E+01
  0.13800000E+03  0.26518945E-11  0.27405478E-11  0.26607796E-11 -0.25321187E-12  0.10334302E+01  0.11142814E+01
  0.13900000E+03  0.24316475E-11  0.25024386E-11  0.24668709E-11 -0.18935655E-12  0.10291123E+01  0.10955287E+01
  0.14000000E+03  0.22597475E-11  0.23159758E-11  0.22650905E-11 -0.18630914E-12  0.10248826E+01  0.10957068E+01
  0.14100000E+03  0.20584996E-11  0.21103115E-11  0.20781458E-11 -0.17966981E-12  0.10251697E+01  0.11006830E+01
  0.14200000E+03  0.19024205E-11  0.19582398E-11  0.19182915E-11 -0.16504582E-12  0.10293412E+01  0.11049316E+01
  0.14300000E+03  0.17290689E-11  0.17773879E-11  0.17344966E-11 -0.14918171E-12  0.10279450E+01  0.11036491E+01
  0.14400000E+03  0.16048519E-11  0.16361636E-11  0.16081167E-11 -0.12708884E-12  0.10195106E+01  0.10894811E+01
  0.14500000E+03  0.14681314E-11  0.14976823E-11  0.14718252E-11 -0.13488944E-12  0.10201283E+01  0.11018732E+01
  0.14600000E+03  0.13399865E-11  0.13750627E-11  0.13515177E-11 -0.11956138E-12  0.10261766E+01  0.11061090E+01
  0.14700000E+03  0.12288193E-11  0.12537525E-11  0.12365840E-11 -0.10640705E-12  0.10202904E+01  0.10983956E+01
  0.14800000E+03  0.11250919E-11  0.11482790E-11  0.11326160E-11 -0.10201386E-12  0.10206090E+01  0.11029495E+01
  0.14900000E+03  0.10258592E-11  0.10526371E-11  0.10359087E-11 -0.92463018E-13  0.10261029E+01  0.11085067E+01
  0.15000000E+03  0.94047155E-12  0.95820292E-12  0.94681847E-12 -0.81037526E-13  0.10188537E+01  0.10981606E+01
  0.15100000E+03  0.86141310E-12  0.87046066E-12  0.85894963E-12 -0.79802728E-13  0.10105032E+01  0.10963379E+01
  0.15200000E+03  0.78197328E-12  0.79610065E-12  0.78326289E-12 -0.73954955E-13  0.10180663E+01  0.11062725E+01
  0.15300000E+03  0.71550589E-12  0.73009117E-12  0.71803295E-12 -0.58872632E-13  0.10203846E+01  0.10976298E+01
  0.15400000E+03  0.66067328E-12  0.66616542E-12  0.65781077E-12 -0.58768942E-13  0.10083129E+01  0.10923676E+01
  0.15500000E+03  0.59748474E-12  0.60135230E-12  0.59557426E-12 -0.60516723E-13  0.10064731E+01  0.11028028E+01
  0.15600000E+03  0.54303149E-12  0.55250845E-12  0.54739991E-12 -0.47184556E-13  0.10174520E+01  0.11006244E+01
  0.15700000E+03  0.50057219E-12  0.50451949E-12  0.49819323E-12 -0.45475197E-13  0.10078856E+01  0.10954015E+01
  0.15800000E+03  0.45158763E-12  0.45686420E-12  0.45272981E-12 -0.45525565E-13  0.10116845E+01  0.11094195E+01
  0.15900000E+03  0.41163611E-12  0.41473102E-12  0.41100090E-12 -0.36458307E-13  0.10075185E+01  0.10939277E+01
  0.16000000E+03  0.37784955E-12  0.37957902E-12  0.37733927E-12 -0.30737125E-13  0.10045772E+01  0.10844399E+01
  0.16100000E+03  0.34816713E-12  0.34988752E-12  0.34648423E-12 -0.32926217E-13  0.10049412E+01  0.10983655E+01
  0.16200000E+03  0.31268133E-12  0.31484616E-12  0.31230360E-12 -0.31987911E-13  0.10069234E+01  0.11086136E+01
  0.16300000E+03  0.28540497E-12  0.28920513E-12  0.28602652E-12 -0.26164301E-13  0.10133150E+01  0.11050035E+01
  0.16400000E+03  0.25960711E-12  0.25878464E-12  0.25956949E-12 -0.23676876E-13  0.99683183E+00  0.10886084E+01
  0.16500000E+03  0.23754493E-12  0.23895667E-12  0.23903381E-12 -0.23050018E-13  0.10059431E+01  0.11041833E+01
  0.16600000E+03  0.21392351E-12  0.21482746E-12  0.21443943E-12 -0.20603536E-13  0.10042256E+01  0.11023260E+01
  0.16700000E+03  0.19653636E-12  0.19720431E-12  0.19662867E-12 -0.17326623E-13  0.10033987E+01  0.10937359E+01
  0.16800000E+03  0.17878101E-12  0.17930321E-12  0.17979020E-12 -0.16214404E-13  0.10029209E+01  0.10964117E+01
  0.16900000E+03  0.16432442E-12  0.16369523E-12  0.16463968E-12 -0.13599410E-13  0.99617106E+00  0.10819902E+01
  0.17000000E+03  0.15080085E-12  0.15081778E-12  0.15093161E-12 -0.14456303E-13  0.10001123E+01  0.11001081E+01
  0.17100000E+03  0.13588803E-12  0.13681967E-12  0.13660117E-12 -0.13186855E-13  0.10068560E+01  0.11086766E+01
  0.17200000E+03  0.12476557E-12  0.12524216E-12  0.12533647E-12 -0.10541220E-13  0.10038198E+01  0.10929869E+01
  0.17300000E+03  0.11428441E-12  0.11421357E-12  0.11497007E-12 -0.10093566E-13  0.99938017E+00  0.10931327E+01
  0.17400000E+03  0.10446652E-12  0.10478675E-12  0.10532723E-12 -0.10006203E-13  0.10030655E+01  0.11053290E+01
  0.17500000E+03  0.94618446E-13  0.95212344E-13  0.95600204E-13 -0.83802043E-14  0.10062767E+01  0.11013803E+01
  0.17600000E+03  0.87512280E-13  0.87673202E-13  0.88560601E-13 -0.76345400E-14  0.10018388E+01  0.10960510E+01
  0.17700000E+03  0.79212969E-13  0.80108066E-13  0.80180410E-13 -0.74437560E-14  0.10112998E+01  0.11133584E+01
  0.17800000E+03  0.72837203E-13  0.73339297E-13  0.73731901E-13 -0.62414779E-14  0.10068934E+01  0.11004844E+01
  0.17900000E+03  0.66542915E-13  0.66485195E-13  0.67081364E-13 -0.59273201E-14  0.99913257E+00  0.10969665E+01
  0.18000000E+03  0.61049561E-13  0.61472305E-13  0.61974250E-13 -0.51687318E-14  0.10069246E+01  0.11004337E+01
  0.18100000E+03  0.56039673E-13  0.56335921E-13  0.56685600E-13 -0.51424336E-14  0.10052865E+01  0.11071998E+01
  0.18200000E+03  0.50836041E-13  0.51082500E-13  0.51399826E-13 -0.47950395E-14  0.10048481E+01  0.11101829E+01
  0.18300000E+03  0.46543962E-13  0.46590919E-13  0.47100849E-13 -0.40765074E-14  0.10010089E+01  0.10993546E+01
  0.18400000E+03  0.42624341E-13  0.42757041E-13  0.43291115E-13 -0.35773052E-14  0.10031133E+01  0.10978669E+01
  0.18500000E+03  0.39264165E-13  0.39259303E-13  0.39728457E-13 -0.35579310E-14  0.99987620E+00  0.11027377E+01
  0.18600000E+03  0.35525331E-13  0.35711614E-13  0.36090129E-13 -0.34569636E-14  0.10052437E+01  0.11163017E+01
  0.18700000E+03  0.32447047E-13  0.32646313E-13  0.32992370E-13 -0.29518986E-14  0.10061413E+01  0.11105286E+01
  0.18800000E+03  0.29570974E-13  0.29728007E-13  0.30096646E-13 -0.26828981E-14  0.10053104E+01  0.11099693E+01
  0.18900000E+03  0.27052094E-13  0.27122319E-13  0.27570177E-13 -0.25190936E-14  0.10025959E+01  0.11105863E+01
  0.19000000E+03  0.24560481E-13  0.24678547E-13  0.25005419E-13 -0.22037383E-14  0.10048071E+01  0.11094131E+01
  0.19100000E+03  0.22592220E-13  0.22758583E-13  0.23042845E-13 -0.21112836E-14  0.10073637E+01  0.11168855E+01
  0.19200000E+03  0.20336836E-13  0.20449481E-13  0.20804745E-13 -0.20366312E-14  0.10055389E+01  0.11235194E+01
  0.19300000E+03  0.18598340E-13  0.18638138E-13  0.18953148E-13 -0.15926675E-14  0.10021399E+01  0.11035516E+01
  0.19400000E+03  0.17049016E-13  0.17090348E-13  0.17409847E-13 -0.16060099E-14  0.10024242E+01  0.11145566E+01
  0.19500000E+03  0.15401673E-13  0.15397165E-13  0.15707719E-13 -0.15160611E-14  0.99970728E+00  0.11174852E+01
  0.19600000E+03  0.14035621E-13  0.14074844E-13  0.14396316E-13 -0.13597517E-14  0.10027945E+01  0.11193047E+01
  0.19700000E+03  0.12683912E-13  0.12738600E-13  0.13013753E-13 -0.12027869E-14  0.10043116E+01  0.11189371E+01
  0.19800000E+03  0.11623951E-13  0.11616957E-13  0.11904138E-13 -0.10560010E-14  0.99939829E+00  0.11097695E+01
  0.19900000E+03  0.10541753E-13  0.10559878E-13  0.10816669E-13 -0.10377831E-14  0.10017194E+01  0.11219256E+01
  0.20000000E+03  0.95703610E-14  0.95640955E-14  0.98357423E-14 -0.91000911E-15  0.99934530E+00  0.11160337E+01
  0.20100000E+03  0.87085888E-14  0.87273201E-14  0.89590624E-14 -0.83745295E-15  0.10021509E+01  0.11207520E+01
  0.20200000E+03  0.78787490E-14  0.78880299E-14  0.81321058E-14 -0.84325153E-15  0.10011780E+01  0.11338352E+01
  0.20300000E+03  0.70582917E-14  0.70491035E-14  0.72728637E-14 -0.69092965E-15  0.99869823E+00  0.11206281E+01
  0.20400000E+03  0.64870023E-14  0.64448895E-14  0.67191587E-14 -0.57661561E-15  0.99350810E+00  0.11047716E+01
  0.20500000E+03  0.58657709E-14  0.58215058E-14  0.60396092E-14 -0.63470693E-15  0.99245363E+00  0.11285611E+01
  0.20600000E+03  0.52579697E-14  0.52454040E-14  0.54526979E-14 -0.50335579E-15  0.99761015E+00  0.11186154E+01
  0.20700000E+03  0.48425157E-14  0.47973303E-14  0.49736402E-14 -0.44886960E-15  0.99066901E+00  0.11084024E+01
  0.20800000E+03  0.43412302E-14  0.42806131E-14  0.44799492E-14 -0.47229250E-15  0.98603690E+00  0.11248854E+01
  0.20900000E+03  0.39182901E-14  0.38882908E-14  0.40487459E-14 -0.40123360E-15  0.99234378E+00  0.11236625E+01
  0.21000000E+03  0.35316751E-14  0.34859690E-14  0.36512346E-14 -0.37062236E-15  0.98705822E+00  0.11222811E+01
  0.21100000E+03  0.31808776E-14  0.31440590E-14  0.32697653E-14 -0.31729709E-15  0.98842502E+00  0.11175711E+01
  0.21200000E+03  0.28893994E-14  0.28414853E-14  0.29705844E-14 -0.29584277E-15  0.98341727E+00  0.11166065E+01
  0.21300000E+03  0.25876505E-14  0.25378818E-14  0.26573567E-14 -0.27739598E-15  0.98076683E+00  0.11208720E+01
  0.21400000E+03  0.23359708E-14  0.22875599E-14  0.23945403E-14 -0.25311639E-15  0.97927588E+00  0.11215569E+01
  0.21500000E+03  0.20822007E-14  0.20459685E-14  0.21438518E-14 -0.22655926E-15  0.98259908E+00  0.11261406E+01
  0.21600000E+03  0.18831986E-14  0.18378161E-14  0.19281926E-14 -0.19755459E-15  0.97590137E+00  0.11149365E+01
  0.21700000E+03  0.16841845E-14  0.16506019E-14  0.17285247E-14 -0.18016724E-15  0.98005998E+00  0.11224979E+01
  0.21800000E+03  0.15224959E-14  0.14836904E-14  0.15497669E-14 -0.16169990E-15  0.97451198E+00  0.11165779E+01
  0.21900000E+03  0.13585861E-14  0.13229640E-14  0.13887306E-14 -0.15403407E-15  0.97378004E+00  0.11261340E+01
  0.22000000E+03  0.12188103E-14  0.11832083E-14  0.12391145E-14 -0.12450721E-15  0.97078949E+00  0.11086885E+01
  0.22100000E+03  0.11031085E-14  0.10694169E-14  0.11189551E-14 -0.12430407E-15  0.96945763E+00  0.11222632E+01
  0.22200000E+03  0.97276112E-15  0.94269388E-15  0.98607637E-15 -0.11142575E-15  0.00000000E+00  0.00000000E+00
  0.22300000E+03  0.88184134E-15  0.84663474E-15  0.88892042E-15 -0.92162962E-16  0.00000000E+00  0.00000000E+00
  0.22400000E+03  0.78578225E-15  0.75912136E-15  0.79523318E-15 -0.84100763E-16  0.00000000E+00  0.00000000E+00
  0.22500000E+03  0.71323303E-15  0.68506468E-15  0.71688565E-15 -0.75492096E-16  0.00000000E+00  0.00000000E+00
  0.22600000E+03  0.63310371E-15  0.60554804E-15  0.63698471E-15 -0.74531137E-16  0.00000000E+00  0.00000000E+00
  0.22700000E+03  0.56631823E-15  0.54083774E-15  0.56703297E-15 -0.64096154E-16  0.00000000E+00  0.00000000E+00
  0.22800000E+03  0.50483762E-15  0.48104346E-15  0.50651151E-15 -0.54485980E-16  0.00000000E+00  0.00000000E+00
  0.22900000E+03  0.45625827E-15  0.43132572E-15  0.45391712E-15 -0.48648821E-16  0.00000000E+00  0.00000000E+00
  0.23000000E+03  0.40645583E-15  0.38236812E-15  0.40425338E-15 -0.47528779E-16  0.00000000E+00  0.00000000E+00
  0.23100000E+03  0.36304970E-15  0.34112121E-15  0.35970760E-15 -0.37752950E-16  0.00000000E+00  0.00000000E+00
  0.23200000E+03  0.32951435E-15  0.30704995E-15  0.32611499E-15 -0.34298015E-16  0.00000000E+00  0.00000000E+00
  0.23300000E+03  0.29376185E-15  0.27332776E-15  0.29002681E-15 -0.33032720E-16  0.00000000E+00  0.00000000E+00
  0.23400000E+03  0.26372913E-15  0.24332231E-15  0.25790308E-15 -0.30481682E-16  0.00000000E+00  0.00000000E+00
  0.23500000E+03  0.23316069E-15  0.21564891E-15  0.22993167E-15 -0.26832899E-16  0.00000000E+00  0.00000000E+00
  0.23600000E+03  0.21048529E-15  0.19319339E-15  0.20575959E-15 -0.20988035E-16  0.00000000E+00  0.00000000E+00
  0.23700000E+03  0.18980592E-15  0.17276411E-15  0.18481371E-15 -0.21064063E-16  0.00000000E+00  0.00000000E+00
  0.23800000E+03  0.16874743E-15  0.15323345E-15  0.16391674E-15 -0.18953823E-16  0.00000000E+00  0.00000000E+00
  0.23900000E+03  0.15202649E-15  0.13750507E-15  0.14806116E-15 -0.16429516E-16  0.00000000E+00  0.00000000E+00
  0.24000000E+03  0.13569576E-15  0.12190976E-15  0.13067578E-15 -0.14726096E-16  0.00000000E+00  0.00000000E+00
  0.24100000E+03  0.12254682E-15  0.11007277E-15  0.11871353E-15 -0.12904709E-16  0.00000000E+00  0.00000000E+00
  0.24200000E+03  0.10962324E-15  0.97075415E-16  0.10518272E-15 -0.12191665E-16  0.00000000E+00  0.00000000E+00
  0.24300000E+03  0.98302766E-16  0.87396065E-16  0.94230291E-16 -0.10847982E-16  0.00000000E+00  0.00000000E+00
  0.24400000E+03  0.88043324E-16  0.78248937E-16  0.84312713E-16 -0.89475424E-17  0.00000000E+00  0.00000000E+00
  0.24500000E+03  0.80083286E-16  0.70612882E-16  0.76269004E-16 -0.83232427E-17  0.00000000E+00  0.00000000E+00
  0.24600000E+03  0.71237893E-16  0.62225191E-16  0.67497091E-16 -0.84063065E-17  0.00000000E+00  0.00000000E+00
  0.24700000E+03  0.63738210E-16  0.56082951E-16  0.60712159E-16 -0.63885231E-17  0.00000000E+00  0.00000000E+00
  0.24800000E+03  0.58158387E-16  0.50714387E-16  0.54912200E-16 -0.57638793E-17  0.00000000E+00  0.00000000E+00
  0.24900000E+03  0.52109513E-16  0.45563097E-16  0.49356186E-16 -0.54147144E-17  0.00000000E+00  0.00000000E+00
  0.25000000E+03  0.47374884E-16  0.41090362E-16  0.44521762E-16 -0.48359874E-17  0.00000000E+00  0.00000000E+00
  0.25100000E+03  0.42446760E-16  0.36883964E-16  0.40083667E-16 -0.42381078E-17  0.00000000E+00  0.00000000E+00
  0.25200000E+03  0.38888202E-16  0.33758978E-16  0.36296937E-16 -0.36437935E-17  0.00000000E+00  0.00000000E+00
  0.25300000E+03  0.35073361E-16  0.30486522E-16  0.33046438E-16 -0.33945149E-17  0.00000000E+00  0.00000000E+00
  0.25400000E+03  0.32113229E-16  0.27780007E-16  0.29957762E-16 -0.30484126E-17  0.00000000E+00  0.00000000E+00
  0.25500000E+03  0.28981153E-16  0.25245226E-16  0.27262999E-16 -0.26908690E-17  0.00000000E+00  0.00000000E+00
  0.25600000E+03  0.26731491E-16  0.22977425E-16  0.24682239E-16 -0.22496616E-17  0.00000000E+00  0.00000000E+00
