 # Isotropy Coefficients: Standard IC = E₂₂/E₁₁ (should be 4/3 for isotropy)
 # Derivative-based IC = [2E₂₂ - k dE₁₁/dk] / [2E₁₁] (alternative definition)
 # Columns: k, E11(k), E22(k), E33(k), dE11/dk, IC_standard, IC_derivative
  0.10000000E+01  0.20187497E-05  0.38696626E-05  0.16957274E-05  0.15888480E-04  0.19168611E+01  0.18685684E+01
  0.20000000E+01  0.17907229E-04  0.28265171E-04  0.17316514E-04  0.98079806E-06  0.15784224E+01  0.15777503E+01
  0.30000000E+01  0.39803458E-05  0.41589556E-05  0.40784826E-05 -0.97804832E-05  0.10448729E+01  0.10901043E+01
  0.40000000E+01  0.33972569E-05  0.37051309E-05  0.32215214E-05  0.85932743E-06  0.10906243E+01  0.10844160E+01
  0.50000000E+01  0.33047725E-05  0.32070636E-05  0.29947005E-05 -0.62711155E-06  0.97043401E+00  0.97625571E+00
  0.60000000E+01  0.21907133E-05  0.24616504E-05  0.21810667E-05 -0.80860929E-06  0.11236753E+01  0.11372641E+01
  0.70000000E+01  0.18533352E-05  0.17035696E-05  0.18787226E-05 -0.30904806E-06  0.91919130E+00  0.92635357E+00
  0.80000000E+01  0.14890710E-05  0.15047120E-05  0.14321040E-05 -0.21121492E-06  0.10105039E+01  0.10174667E+01
  0.90000000E+01  0.14002104E-05  0.14354642E-05  0.14008069E-05 -0.18132023E-06  0.10251775E+01  0.10323286E+01
  0.10000000E+02  0.11002937E-05  0.10895118E-05  0.97233806E-06 -0.26554937E-06  0.99020088E+00  0.10050095E+01
  0.11000000E+02  0.91895959E-06  0.85642603E-06  0.79839117E-06 -0.12277408E-06  0.93195176E+00  0.94096917E+00
  0.12000000E+02  0.82565714E-06  0.84058286E-06  0.77962619E-06 -0.11983796E-06  0.10180774E+01  0.10287644E+01
  0.13000000E+02  0.67640656E-06  0.66987377E-06  0.62799836E-06 -0.11358878E-06  0.99034190E+00  0.10037371E+01
  0.14000000E+02  0.59792507E-06  0.57563409E-06  0.56706767E-06 -0.11147588E-06  0.96271944E+00  0.97873503E+00
  0.15000000E+02  0.46016822E-06  0.45707716E-06  0.43763649E-06 -0.82903618E-07  0.99328274E+00  0.10098644E+01
  0.16000000E+02  0.43346111E-06  0.42818371E-06  0.39879146E-06 -0.45523390E-07  0.98782498E+00  0.99813563E+00
  0.17000000E+02  0.35553836E-06  0.36901221E-06  0.35156236E-06 -0.67816920E-07  0.10378970E+01  0.10577937E+01
  0.18000000E+02  0.30716674E-06  0.32099197E-06  0.29825244E-06 -0.44319176E-07  0.10450089E+01  0.10609446E+01
  0.19000000E+02  0.26361624E-06  0.26358489E-06  0.24357149E-06 -0.38412846E-07  0.99988109E+00  0.10168689E+01
  0.20000000E+02  0.22991425E-06  0.22823504E-06  0.22763695E-06 -0.31864875E-07  0.99269634E+00  0.10097045E+01
  0.21000000E+02  0.19847252E-06  0.20934779E-06  0.20099863E-06 -0.31193888E-07  0.10547948E+01  0.10750469E+01
  0.22000000E+02  0.16839543E-06  0.17262936E-06  0.16626112E-06 -0.26736339E-07  0.10251428E+01  0.10465753E+01
  0.23000000E+02  0.14579237E-06  0.15262636E-06  0.14572623E-06 -0.19329663E-07  0.10468748E+01  0.10655857E+01
  0.24000000E+02  0.12930916E-06  0.13464758E-06  0.12715917E-06 -0.13174520E-07  0.10412842E+01  0.10562878E+01
  0.25000000E+02  0.11773827E-06  0.11845185E-06  0.11142790E-06 -0.13156549E-07  0.10060607E+01  0.10232019E+01
  0.26000000E+02  0.10205690E-06  0.10353875E-06  0.99654883E-07 -0.16957079E-07  0.10145198E+01  0.10410268E+01
  0.27000000E+02  0.85652935E-07  0.87322441E-07  0.83613372E-07 -0.13060327E-07  0.10194916E+01  0.10447528E+01
  0.28000000E+02  0.76111426E-07  0.78517687E-07  0.77337504E-07 -0.89344825E-08  0.10316150E+01  0.10517827E+01
  0.29000000E+02  0.66898423E-07  0.68870101E-07  0.65377620E-07 -0.85590468E-08  0.10294727E+01  0.10522387E+01
  0.30000000E+02  0.59234587E-07  0.61827258E-07  0.59992658E-07 -0.64845840E-08  0.10437696E+01  0.10639211E+01
  0.31000000E+02  0.53346778E-07  0.54945744E-07  0.53050680E-07 -0.71099677E-08  0.10299730E+01  0.10553244E+01
  0.32000000E+02  0.45513275E-07  0.48496016E-07  0.46140130E-07 -0.54970504E-08  0.10655357E+01  0.10892506E+01
  0.33000000E+02  0.42447525E-07  0.44361393E-07  0.42690271E-07 -0.32230103E-08  0.10450878E+01  0.10604625E+01
  0.34000000E+02  0.38005176E-07  0.38499746E-07  0.37600607E-07 -0.56868097E-08  0.10130132E+01  0.10442297E+01
  0.35000000E+02  0.31958102E-07  0.33898775E-07  0.32061603E-07 -0.40665129E-08  0.10607256E+01  0.10880524E+01
  0.36000000E+02  0.29839612E-07  0.30299951E-07  0.29290661E-07 -0.28300675E-08  0.10154271E+01  0.10363772E+01
  0.37000000E+02  0.25921167E-07  0.27167953E-07  0.25460700E-07 -0.31243494E-08  0.10480992E+01  0.10754637E+01
  0.38000000E+02  0.23670516E-07  0.24229262E-07  0.22900956E-07 -0.29580118E-08  0.10236051E+01  0.10527428E+01
  0.39000000E+02  0.20097536E-07  0.21250688E-07  0.20114440E-07 -0.25120634E-08  0.10573778E+01  0.10872889E+01
  0.40000000E+02  0.18746706E-07  0.19205299E-07  0.18574722E-07 -0.15241817E-08  0.10244626E+01  0.10444176E+01
  0.41000000E+02  0.16675443E-07  0.17195919E-07  0.16600765E-07 -0.22246047E-08  0.10312121E+01  0.10647734E+01
  0.42000000E+02  0.14583952E-07  0.15385448E-07  0.14702551E-07 -0.15436137E-08  0.10549574E+01  0.10822341E+01
  0.43000000E+02  0.13490761E-07  0.14012979E-07  0.13111978E-07 -0.13868480E-08  0.10387094E+01  0.10658326E+01
  0.44000000E+02  0.11792610E-07  0.12223415E-07  0.11609623E-07 -0.12447715E-08  0.10365318E+01  0.10650296E+01
  0.45000000E+02  0.10986889E-07  0.11493443E-07  0.10997699E-07 -0.11315685E-08  0.10461053E+01  0.10745434E+01
  0.46000000E+02  0.94902370E-08  0.98703312E-08  0.92531316E-08 -0.12334913E-08  0.10400511E+01  0.10767368E+01
  0.47000000E+02  0.86505931E-08  0.90569552E-08  0.85707699E-08 -0.73527012E-09  0.10469750E+01  0.10714871E+01
  0.48000000E+02  0.79041396E-08  0.83543803E-08  0.77776106E-08 -0.76505785E-09  0.10569626E+01  0.10854703E+01
  0.49000000E+02  0.71213502E-08  0.73808568E-08  0.69711006E-08 -0.72705114E-09  0.10364406E+01  0.10671365E+01
  0.50000000E+02  0.64369878E-08  0.67263466E-08  0.63293029E-08 -0.76691942E-09  0.10449525E+01  0.10815049E+01
  0.51000000E+02  0.56379919E-08  0.59259166E-08  0.56477223E-08 -0.59571670E-09  0.10510687E+01  0.10841334E+01
  0.52000000E+02  0.52403064E-08  0.55040261E-08  0.51347437E-08 -0.44114992E-09  0.10503253E+01  0.10771856E+01
  0.53000000E+02  0.46965010E-08  0.48630193E-08  0.46288990E-08 -0.54159044E-09  0.10354558E+01  0.10729578E+01
  0.54000000E+02  0.41988617E-08  0.44114508E-08  0.41732626E-08 -0.44784884E-09  0.10506302E+01  0.10859708E+01
  0.55000000E+02  0.38055199E-08  0.39723504E-08  0.37571817E-08 -0.34870787E-09  0.10438391E+01  0.10747627E+01
  0.56000000E+02  0.34866448E-08  0.37237000E-08  0.34086720E-08 -0.30229050E-09  0.10679895E+01  0.10977805E+01
  0.57000000E+02  0.31832597E-08  0.33567080E-08  0.31627860E-08 -0.32126460E-09  0.10544877E+01  0.10897852E+01
  0.58000000E+02  0.28482661E-08  0.29759590E-08  0.28094085E-08 -0.32650230E-09  0.10448319E+01  0.10856274E+01
  0.59000000E+02  0.25536664E-08  0.26684668E-08  0.25189195E-08 -0.23224490E-09  0.10449551E+01  0.10778792E+01
  0.60000000E+02  0.23679263E-08  0.24790863E-08  0.23352116E-08 -0.20875209E-09  0.10469440E+01  0.10793999E+01
  0.61000000E+02  0.21274797E-08  0.22379845E-08  0.20949418E-08 -0.21392520E-09  0.10519416E+01  0.10895779E+01
  0.62000000E+02  0.19437987E-08  0.20322255E-08  0.19007025E-08 -0.20339404E-09  0.10454918E+01  0.10852987E+01
  0.63000000E+02  0.17277478E-08  0.17856863E-08  0.16834656E-08 -0.16934533E-09  0.10335340E+01  0.10714231E+01
  0.64000000E+02  0.16107997E-08  0.16897400E-08  0.15891701E-08 -0.10293679E-09  0.10490069E+01  0.10741020E+01
  0.65000000E+02  0.14956323E-08  0.15580931E-08  0.14481105E-08 -0.15083000E-09  0.10417621E+01  0.10819834E+01
  0.66000000E+02  0.13221158E-08  0.13734192E-08  0.12971051E-08 -0.13511280E-09  0.10388041E+01  0.10801898E+01
  0.67000000E+02  0.12282361E-08  0.12767357E-08  0.11992793E-08 -0.11390686E-09  0.10394872E+01  0.10776134E+01
  0.68000000E+02  0.10929836E-08  0.11325263E-08  0.10777694E-08 -0.98828168E-10  0.10361787E+01  0.10739061E+01
  0.69000000E+02  0.10294571E-08  0.10788880E-08  0.10022728E-08 -0.83612832E-10  0.10480164E+01  0.10824034E+01
  0.70000000E+02  0.91782199E-09  0.96311492E-09  0.88929791E-09 -0.10686924E-09  0.10493482E+01  0.10993601E+01
  0.71000000E+02  0.83029694E-09  0.86304258E-09  0.81040308E-09 -0.63885702E-10  0.10394385E+01  0.10729588E+01
  0.72000000E+02  0.78213358E-09  0.81807894E-09  0.75755474E-09 -0.58237436E-10  0.10459580E+01  0.10788534E+01
  0.73000000E+02  0.71057815E-09  0.72570006E-09  0.68546774E-09 -0.61752957E-10  0.10212811E+01  0.10602080E+01
  0.74000000E+02  0.65892092E-09  0.69022121E-09  0.64344036E-09 -0.63271825E-10  0.10475024E+01  0.10911026E+01
  0.75000000E+02  0.58563099E-09  0.61167382E-09  0.56274035E-09 -0.59820975E-10  0.10444697E+01  0.10914775E+01
  0.76000000E+02  0.54181820E-09  0.56422661E-09  0.52809823E-09 -0.44900639E-10  0.10413578E+01  0.10800028E+01
  0.77000000E+02  0.49160831E-09  0.52090410E-09  0.48299864E-09 -0.49702676E-10  0.10595918E+01  0.11073591E+01
  0.78000000E+02  0.44554707E-09  0.46773202E-09  0.43410803E-09 -0.39503414E-10  0.10497926E+01  0.10922267E+01
  0.79000000E+02  0.41189413E-09  0.43209653E-09  0.40216161E-09 -0.33185971E-10  0.10490476E+01  0.10881025E+01
  0.80000000E+02  0.37814568E-09  0.39565240E-09  0.36925285E-09 -0.30175130E-10  0.10462962E+01  0.10854667E+01
  0.81000000E+02  0.35062880E-09  0.36722472E-09  0.33888412E-09 -0.30333566E-10  0.10473319E+01  0.10903292E+01
  0.82000000E+02  0.31752598E-09  0.33231987E-09  0.30848882E-09 -0.30555804E-10  0.10465912E+01  0.10950092E+01
  0.83000000E+02  0.29093933E-09  0.30603486E-09  0.28012226E-09 -0.24961722E-10  0.10518855E+01  0.10955803E+01
  0.84000000E+02  0.26729963E-09  0.27616434E-09  0.25880631E-09 -0.20769194E-10  0.10331639E+01  0.10732119E+01
  0.85000000E+02  0.24835861E-09  0.25910341E-09  0.24003866E-09 -0.20356813E-10  0.10432632E+01  0.10860126E+01
  0.86000000E+02  0.22611057E-09  0.23612207E-09  0.21792662E-09 -0.21933724E-10  0.10442770E+01  0.10954652E+01
  0.87000000E+02  0.20570869E-09  0.21437695E-09  0.19836024E-09 -0.18362306E-10  0.10421386E+01  0.10897897E+01
  0.88000000E+02  0.18930492E-09  0.20001420E-09  0.18454183E-09 -0.15437382E-10  0.10565716E+01  0.11006042E+01
  0.89000000E+02  0.17426101E-09  0.18413253E-09  0.16839523E-09 -0.14628252E-10  0.10566479E+01  0.11024897E+01
  0.90000000E+02  0.15977779E-09  0.16881174E-09  0.15755879E-09 -0.14967175E-10  0.10565407E+01  0.11082711E+01
  0.91000000E+02  0.14503070E-09  0.15319446E-09  0.14149235E-09 -0.12354852E-10  0.10562899E+01  0.11038561E+01
  0.92000000E+02  0.13506855E-09  0.14126740E-09  0.13118080E-09 -0.97738545E-11  0.10458940E+01  0.10867429E+01
  0.93000000E+02  0.12484536E-09  0.13046279E-09  0.12142908E-09 -0.96719724E-11  0.10449952E+01  0.10892036E+01
  0.94000000E+02  0.11558135E-09  0.12095484E-09  0.11159762E-09 -0.10013066E-10  0.10464910E+01  0.10964586E+01
  0.95000000E+02  0.10519677E-09  0.11034023E-09  0.10196920E-09 -0.88342805E-11  0.10488937E+01  0.10978459E+01
  0.96000000E+02  0.98036641E-10  0.10268997E-09  0.94374564E-10 -0.71044954E-11  0.10474652E+01  0.10901523E+01
  0.97000000E+02  0.90499053E-10  0.94612429E-10  0.87530871E-10 -0.73410280E-11  0.10454521E+01  0.10937319E+01
  0.98000000E+02  0.83253578E-10  0.87596305E-10  0.81299412E-10 -0.79796768E-11  0.10521626E+01  0.11097980E+01
  0.99000000E+02  0.75024584E-10  0.79457177E-10  0.73905278E-10 -0.66794396E-11  0.10590819E+01  0.11131637E+01
  0.10000000E+03  0.69997036E-10  0.74223169E-10  0.68786601E-10 -0.50267564E-11  0.10603759E+01  0.11044403E+01
  0.10100000E+03  0.64599971E-10  0.68182425E-10  0.63532367E-10 -0.49080380E-11  0.10554559E+01  0.11025404E+01
  0.10200000E+03  0.60177766E-10  0.62866434E-10  0.58470777E-10 -0.45044871E-11  0.10446788E+01  0.10915266E+01
  0.10300000E+03  0.55366871E-10  0.57985429E-10  0.53966009E-10 -0.52429584E-11  0.10472946E+01  0.11071419E+01
  0.10400000E+03  0.50186088E-10  0.52560400E-10  0.48853761E-10 -0.37646704E-11  0.10473102E+01  0.10951794E+01
  0.10500000E+03  0.47582039E-10  0.50374732E-10  0.46717252E-10 -0.34500417E-11  0.10586922E+01  0.11054065E+01
  0.10600000E+03  0.43075165E-10  0.45112407E-10  0.41980336E-10 -0.39753075E-11  0.10472951E+01  0.11073197E+01
  0.10700000E+03  0.39879985E-10  0.41630137E-10  0.39164581E-10 -0.34213450E-11  0.10438855E+01  0.11002110E+01
  0.10800000E+03  0.36273332E-10  0.38266824E-10  0.36187761E-10 -0.27810037E-11  0.10549575E+01  0.11057638E+01
  0.10900000E+03  0.34223513E-10  0.35803784E-10  0.33690158E-10 -0.24477772E-11  0.10461750E+01  0.10940108E+01
  0.11000000E+03  0.31195425E-10  0.32691336E-10  0.30730498E-10 -0.29413219E-11  0.10479529E+01  0.11115921E+01
  0.11100000E+03  0.28630051E-10  0.30153047E-10  0.28071981E-10 -0.21268358E-11  0.10531957E+01  0.11037915E+01
  0.11200000E+03  0.26821498E-10  0.28304541E-10  0.26382478E-10 -0.18933221E-11  0.10552931E+01  0.11038040E+01
  0.11300000E+03  0.24754122E-10  0.26072195E-10  0.24482865E-10 -0.19513909E-11  0.10532466E+01  0.11079048E+01
  0.11400000E+03  0.22907853E-10  0.24073918E-10  0.22545318E-10 -0.20749403E-11  0.10509025E+01  0.11142610E+01
  0.11500000E+03  0.20737584E-10  0.22020323E-10  0.20607150E-10 -0.16594047E-11  0.10618558E+01  0.11183199E+01
  0.11600000E+03  0.19588470E-10  0.20529847E-10  0.19266384E-10 -0.12220043E-11  0.10480577E+01  0.10924605E+01
  0.11700000E+03  0.18111910E-10  0.18920306E-10  0.17701750E-10 -0.15612113E-11  0.10446334E+01  0.11065153E+01
  0.11800000E+03  0.16566507E-10  0.17421455E-10  0.16195734E-10 -0.14317864E-11  0.10516070E+01  0.11141832E+01
  0.11900000E+03  0.15296415E-10  0.16064126E-10  0.14970398E-10 -0.11359482E-11  0.10501889E+01  0.11044134E+01
  0.12000000E+03  0.14245951E-10  0.15053356E-10  0.14041316E-10 -0.10390067E-11  0.10566761E+01  0.11103779E+01
  0.12100000E+03  0.13178837E-10  0.13885002E-10  0.13010310E-10 -0.10928459E-11  0.10535831E+01  0.11151501E+01
  0.12200000E+03  0.12093966E-10  0.12740422E-10  0.11992581E-10 -0.99658888E-12  0.10534527E+01  0.11151389E+01
  0.12300000E+03  0.11194683E-10  0.11756113E-10  0.11038725E-10 -0.88092402E-12  0.10501515E+01  0.11095412E+01
  0.12400000E+03  0.10331786E-10  0.10808196E-10  0.10167069E-10 -0.75126011E-12  0.10461111E+01  0.11014355E+01
  0.12500000E+03  0.96524889E-11  0.10194596E-10  0.95681449E-11 -0.78490464E-12  0.10561625E+01  0.11185312E+01
  0.12600000E+03  0.87715321E-11  0.92353174E-11  0.86639845E-11 -0.77613247E-12  0.10528740E+01  0.11212826E+01
  0.12700000E+03  0.81315085E-11  0.86084351E-11  0.80690107E-11 -0.64698838E-12  0.10586517E+01  0.11206542E+01
  0.12800000E+03  0.74775342E-11  0.79424496E-11  0.74697731E-11 -0.51404134E-12  0.10621749E+01  0.11161671E+01
  0.12900000E+03  0.70643652E-11  0.74180089E-11  0.69511840E-11 -0.53209092E-12  0.10500603E+01  0.11096790E+01
  0.13000000E+03  0.64028830E-11  0.67790140E-11  0.63595192E-11 -0.60105897E-12  0.10587440E+01  0.11336238E+01
  0.13100000E+03  0.59193913E-11  0.62235521E-11  0.58269388E-11 -0.41177025E-12  0.10513837E+01  0.11072990E+01
  0.13200000E+03  0.55304502E-11  0.58462978E-11  0.54945163E-11 -0.45225675E-12  0.10571107E+01  0.11233443E+01
  0.13300000E+03  0.50261479E-11  0.53191084E-11  0.49866348E-11 -0.42901899E-12  0.10582873E+01  0.11279455E+01
  0.13400000E+03  0.46840184E-11  0.49494193E-11  0.46412184E-11 -0.35688214E-12  0.10566610E+01  0.11193066E+01
  0.13500000E+03  0.42961633E-11  0.45186593E-11  0.43046430E-11 -0.36350857E-12  0.10517895E+01  0.11218780E+01
  0.13600000E+03  0.39731595E-11  0.42054485E-11  0.39712764E-11 -0.28578661E-12  0.10584645E+01  0.11184886E+01
  0.13700000E+03  0.37013799E-11  0.38716049E-11  0.36913571E-11 -0.31267372E-12  0.10459896E+01  0.11170009E+01
  0.13800000E+03  0.33551920E-11  0.35404986E-11  0.33579292E-11 -0.30690649E-12  0.10552298E+01  0.11326846E+01
  0.13900000E+03  0.31045073E-11  0.32700550E-11  0.30927439E-11 -0.22600884E-12  0.10533249E+01  0.11154158E+01
  0.14000000E+03  0.28810563E-11  0.30238863E-11  0.28751008E-11 -0.24810500E-12  0.10495756E+01  0.11235517E+01
  0.14100000E+03  0.26204000E-11  0.27671142E-11  0.26361914E-11 -0.20742456E-12  0.10559893E+01  0.11244737E+01
  0.14200000E+03  0.24595939E-11  0.25756966E-11  0.24499125E-11 -0.19768419E-12  0.10472040E+01  0.11172328E+01
  0.14300000E+03  0.22219032E-11  0.23251097E-11  0.22287651E-11 -0.20315090E-12  0.10464495E+01  0.11266745E+01
  0.14400000E+03  0.20652926E-11  0.21446614E-11  0.20563878E-11 -0.15289370E-12  0.10384299E+01  0.11038407E+01
  0.14500000E+03  0.19037998E-11  0.19882540E-11  0.19103386E-11 -0.15920403E-12  0.10443609E+01  0.11187621E+01
  0.14600000E+03  0.17494909E-11  0.18242703E-11  0.17424699E-11 -0.15017311E-12  0.10427436E+01  0.11196412E+01
  0.14700000E+03  0.16059375E-11  0.16662525E-11  0.16007959E-11 -0.13137396E-12  0.10375575E+01  0.11113442E+01
  0.14800000E+03  0.14844710E-11  0.15275770E-11  0.14731098E-11 -0.12233561E-12  0.10290380E+01  0.11038761E+01
  0.14900000E+03  0.13601282E-11  0.14064255E-11  0.13590970E-11 -0.11643509E-12  0.10340390E+01  0.11123044E+01
  0.15000000E+03  0.12510433E-11  0.12886726E-11  0.12380588E-11 -0.11274051E-12  0.10300783E+01  0.11130211E+01
  0.15100000E+03  0.11357370E-11  0.11820393E-11  0.11353020E-11 -0.10589584E-12  0.10407685E+01  0.11271574E+01
  0.15200000E+03  0.10422279E-11  0.10834506E-11  0.10405111E-11 -0.85991347E-13  0.10395525E+01  0.11165037E+01
  0.15300000E+03  0.96035506E-12  0.98538875E-12  0.95150298E-12 -0.79748592E-13  0.10260671E+01  0.11040255E+01
  0.15400000E+03  0.87988373E-12  0.91124623E-12  0.88214348E-12 -0.85198992E-13  0.10356439E+01  0.11271416E+01
  0.15500000E+03  0.79396635E-12  0.82078322E-12  0.79157346E-12 -0.73823834E-13  0.10337758E+01  0.11222072E+01
  0.15600000E+03  0.73350630E-12  0.75647957E-12  0.72803428E-12 -0.56902806E-13  0.10313197E+01  0.11055763E+01
  0.15700000E+03  0.67522149E-12  0.70021425E-12  0.67289213E-12 -0.60729281E-13  0.10370141E+01  0.11236567E+01
  0.15800000E+03  0.61275838E-12  0.63286529E-12  0.60976712E-12 -0.60485024E-13  0.10328138E+01  0.11285101E+01
  0.15900000E+03  0.55673418E-12  0.57250233E-12  0.55605070E-12 -0.50653048E-13  0.10283226E+01  0.11170862E+01
  0.16000000E+03  0.51142819E-12  0.52799095E-12  0.51202516E-12 -0.40671744E-13  0.10323853E+01  0.11104596E+01
  0.16100000E+03  0.47241665E-12  0.48363261E-12  0.47065542E-12 -0.43278112E-13  0.10237417E+01  0.11142417E+01
  0.16200000E+03  0.42627899E-12  0.43477889E-12  0.42478171E-12 -0.38908956E-13  0.10199398E+01  0.11106697E+01
  0.16300000E+03  0.39487801E-12  0.40020567E-12  0.38998809E-12 -0.33763696E-13  0.10134919E+01  0.10990093E+01
  0.16400000E+03  0.35802646E-12  0.36295592E-12  0.35374847E-12 -0.31397719E-13  0.10137684E+01  0.11020168E+01
  0.16500000E+03  0.33156082E-12  0.33464911E-12  0.32729052E-12 -0.31043483E-13  0.10093144E+01  0.11041063E+01
  0.16600000E+03  0.29651406E-12  0.29907424E-12  0.29333916E-12 -0.28546254E-13  0.10086342E+01  0.11066942E+01
  0.16700000E+03  0.27530067E-12  0.27478955E-12  0.27014399E-12 -0.22128776E-13  0.99814343E+00  0.10805091E+01
  0.16800000E+03  0.25050036E-12  0.25204860E-12  0.24680504E-12 -0.23744592E-13  0.10061806E+01  0.11038921E+01
  0.16900000E+03  0.22899648E-12  0.22981549E-12  0.22693708E-12 -0.19190211E-13  0.10035765E+01  0.10904760E+01
  0.17000000E+03  0.21101572E-12  0.21077458E-12  0.20827288E-12 -0.19898552E-13  0.99885726E+00  0.10972210E+01
  0.17100000E+03  0.18970608E-12  0.18871718E-12  0.18725257E-12 -0.18335948E-13  0.99478722E+00  0.10962013E+01
  0.17200000E+03  0.17495979E-12  0.17419037E-12  0.17229734E-12 -0.14071647E-13  0.99560231E+00  0.10804842E+01
  0.17300000E+03  0.16058040E-12  0.15884647E-12  0.15829146E-12 -0.14023986E-13  0.98920214E+00  0.10819075E+01
  0.17400000E+03  0.14687006E-12  0.14549017E-12  0.14458476E-12 -0.13865263E-13  0.99060470E+00  0.10913962E+01
  0.17500000E+03  0.13327613E-12  0.13141650E-12  0.13102525E-12 -0.11981963E-13  0.98604673E+00  0.10825837E+01
  0.17600000E+03  0.12290882E-12  0.12050194E-12  0.12096300E-12 -0.10044638E-13  0.98041737E+00  0.10686733E+01
  0.17700000E+03  0.11267396E-12  0.11105872E-12  0.11093210E-12 -0.10250794E-13  0.98566449E+00  0.10844713E+01
  0.17800000E+03  0.10258830E-12  0.10107880E-12  0.10200343E-12 -0.95740583E-14  0.98528582E+00  0.10872149E+01
  0.17900000E+03  0.93721539E-13  0.91911335E-13  0.92416797E-13 -0.82077781E-14  0.98068529E+00  0.10768729E+01
  0.18000000E+03  0.86178209E-13  0.84079655E-13  0.85498889E-13 -0.66942522E-14  0.97564864E+00  0.10614427E+01
  0.18100000E+03  0.79886571E-13  0.78020388E-13  0.78922092E-13 -0.69779104E-14  0.97663957E+00  0.10736481E+01
  0.18200000E+03  0.72239584E-13  0.70618933E-13  0.71632031E-13 -0.71029273E-14  0.97756559E+00  0.10873685E+01
  0.18300000E+03  0.65947451E-13  0.64228869E-13  0.65505713E-13 -0.62016741E-14  0.97394013E+00  0.10795349E+01
  0.18400000E+03  0.59900401E-13  0.58898822E-13  0.59946670E-13 -0.50939426E-14  0.98327923E+00  0.10792905E+01
  0.18500000E+03  0.55593208E-13  0.54609820E-13  0.55508359E-13 -0.46526876E-14  0.98231101E+00  0.10773133E+01
  0.18600000E+03  0.50532962E-13  0.49365443E-13  0.50514528E-13 -0.43840104E-14  0.97689587E+00  0.10759083E+01
  0.18700000E+03  0.46840197E-13  0.45691309E-13  0.46599413E-13 -0.39783367E-14  0.97547215E+00  0.10729272E+01
  0.18800000E+03  0.42484435E-13  0.41687248E-13  0.42645175E-13 -0.39960842E-14  0.98123580E+00  0.10897390E+01
  0.18900000E+03  0.38945043E-13  0.37970976E-13  0.39028158E-13 -0.35707017E-14  0.97498864E+00  0.10813156E+01
  0.19000000E+03  0.35324750E-13  0.34536061E-13  0.35538646E-13 -0.32813853E-14  0.97767317E+00  0.10859690E+01
  0.19100000E+03  0.32411133E-13  0.31663897E-13  0.32592401E-13 -0.28350983E-14  0.97694510E+00  0.10794600E+01
  0.19200000E+03  0.29589778E-13  0.28950109E-13  0.29883078E-13 -0.26922203E-14  0.97838211E+00  0.10855711E+01
  0.19300000E+03  0.27086445E-13  0.26400653E-13  0.27242416E-13 -0.22205077E-14  0.97468138E+00  0.10717630E+01
  0.19400000E+03  0.25033893E-13  0.24422413E-13  0.25240545E-13 -0.22469364E-14  0.97557390E+00  0.10824164E+01
  0.19500000E+03  0.22610138E-13  0.22167186E-13  0.22903452E-13 -0.21769335E-14  0.98040915E+00  0.10956103E+01
  0.19600000E+03  0.20742560E-13  0.20261306E-13  0.21030647E-13 -0.18415680E-14  0.97679871E+00  0.10835718E+01
  0.19700000E+03  0.18878980E-13  0.18380205E-13  0.19131832E-13 -0.17239958E-14  0.97358036E+00  0.10839638E+01
  0.19800000E+03  0.17283441E-13  0.16930181E-13  0.17518791E-13 -0.16310334E-14  0.97956079E+00  0.10942118E+01
  0.19900000E+03  0.15625139E-13  0.15256966E-13  0.15891558E-13 -0.15272520E-14  0.97643715E+00  0.10957865E+01
  0.20000000E+03  0.14284228E-13  0.13918949E-13  0.14527835E-13 -0.11653492E-14  0.97442776E+00  0.10745450E+01
  0.20100000E+03  0.13212298E-13  0.12882152E-13  0.13450130E-13 -0.11431238E-14  0.97501224E+00  0.10817188E+01
  0.20200000E+03  0.11964905E-13  0.11723693E-13  0.12232418E-13 -0.12548132E-14  0.97984004E+00  0.11098274E+01
  0.20300000E+03  0.10788040E-13  0.10572991E-13  0.11048685E-13 -0.99120526E-15  0.98006588E+00  0.10945109E+01
  0.20400000E+03  0.99479251E-14  0.96771202E-14  0.10140558E-13 -0.89307967E-15  0.97277772E+00  0.10851523E+01
  0.20500000E+03  0.89709183E-14  0.87866158E-14  0.92084814E-14 -0.92613577E-15  0.97945553E+00  0.11093144E+01
  0.20600000E+03  0.81448884E-14  0.79687852E-14  0.83561435E-14 -0.73264702E-15  0.97837865E+00  0.10920777E+01
  0.20700000E+03  0.74773790E-14  0.73200901E-14  0.76858745E-14 -0.66885740E-15  0.97896469E+00  0.10925794E+01
  0.20800000E+03  0.67913734E-14  0.66541536E-14  0.70049820E-14 -0.66030093E-15  0.97979498E+00  0.11038823E+01
  0.20900000E+03  0.61690858E-14  0.60436627E-14  0.63476573E-14 -0.59017084E-15  0.97966909E+00  0.11023517E+01
  0.21000000E+03  0.56021556E-14  0.54700079E-14  0.57957277E-14 -0.56732642E-15  0.97641128E+00  0.11069012E+01
  0.21100000E+03  0.50456855E-14  0.49340368E-14  0.51953211E-14 -0.49461393E-15  0.97787243E+00  0.11047862E+01
  0.21200000E+03  0.46120880E-14  0.45159079E-14  0.47715627E-14 -0.42534620E-15  0.97914606E+00  0.10991127E+01
  0.21300000E+03  0.41839137E-14  0.40969798E-14  0.43170686E-14 -0.39833347E-15  0.97922188E+00  0.11036514E+01
  0.21400000E+03  0.38121353E-14  0.37313750E-14  0.39410105E-14 -0.38000069E-15  0.97881490E+00  0.11097059E+01
  0.21500000E+03  0.34260649E-14  0.33707248E-14  0.35627917E-14 -0.35479688E-15  0.98384732E+00  0.11204637E+01
  0.21600000E+03  0.31093059E-14  0.30673522E-14  0.32387380E-14 -0.30069085E-15  0.98650706E+00  0.11146783E+01
  0.21700000E+03  0.28188401E-14  0.27804221E-14  0.29470459E-14 -0.27130738E-15  0.98637098E+00  0.11145246E+01
  0.21800000E+03  0.25626270E-14  0.25152955E-14  0.26594685E-14 -0.25557904E-15  0.98153007E+00  0.11149364E+01
  0.21900000E+03  0.23083228E-14  0.22785479E-14  0.24024482E-14 -0.23790072E-15  0.98710108E+00  0.11255926E+01
  0.22000000E+03  0.20921153E-14  0.20557365E-14  0.21718300E-14 -0.19380023E-15  0.98261148E+00  0.11076578E+01
  0.22100000E+03  0.19095551E-14  0.18824388E-14  0.19899913E-14 -0.19997160E-15  0.98579967E+00  0.11278062E+01
  0.22200000E+03  0.16980888E-14  0.16801560E-14  0.17744168E-14 -0.17796475E-15  0.98943943E+00  0.11321994E+01
  0.22300000E+03  0.15557698E-14  0.15400476E-14  0.16192468E-14 -0.14724385E-15  0.98989427E+00  0.11193963E+01
  0.22400000E+03  0.13974095E-14  0.13807211E-14  0.14610105E-14 -0.14323614E-15  0.98805755E+00  0.11289400E+01
  0.22500000E+03  0.12710471E-14  0.12610647E-14  0.13295456E-14 -0.12864661E-15  0.99214631E+00  0.11318793E+01
  0.22600000E+03  0.11391408E-14  0.11292358E-14  0.11902878E-14 -0.11963000E-15  0.99130487E+00  0.11369350E+01
  0.22700000E+03  0.10333793E-14  0.10288520E-14  0.10760514E-14 -0.10295442E-15  0.99561882E+00  0.11343874E+01
  0.22800000E+03  0.93162803E-15  0.92725099E-15  0.97351604E-15 -0.92838470E-16  0.00000000E+00  0.00000000E+00
  0.22900000E+03  0.84639773E-15  0.84251514E-15  0.88216586E-15 -0.87035673E-16  0.00000000E+00  0.00000000E+00
  0.23000000E+03  0.75734968E-15  0.75861494E-15  0.78917874E-15 -0.82907353E-16  0.00000000E+00  0.00000000E+00
  0.23100000E+03  0.68358052E-15  0.68075302E-15  0.71074185E-15 -0.65191216E-16  0.00000000E+00  0.00000000E+00
  0.23200000E+03  0.62397863E-15  0.62200065E-15  0.64875180E-15 -0.60428905E-16  0.00000000E+00  0.00000000E+00
  0.23300000E+03  0.56172372E-15  0.56210393E-15  0.58336827E-15 -0.58362516E-16  0.00000000E+00  0.00000000E+00
  0.23400000E+03  0.50764204E-15  0.50733991E-15  0.52601667E-15 -0.54629340E-16  0.00000000E+00  0.00000000E+00
  0.23500000E+03  0.45323807E-15  0.45581495E-15  0.47185484E-15 -0.48168252E-16  0.00000000E+00  0.00000000E+00
  0.23600000E+03  0.41164544E-15  0.41233490E-15  0.42641293E-15 -0.39771238E-16  0.00000000E+00  0.00000000E+00
  0.23700000E+03  0.37177004E-15  0.37344899E-15  0.38305985E-15 -0.39696990E-16  0.00000000E+00  0.00000000E+00
  0.23800000E+03  0.33315267E-15  0.33800826E-15  0.34487680E-15 -0.35211256E-16  0.00000000E+00  0.00000000E+00
  0.23900000E+03  0.30165975E-15  0.30548667E-15  0.31065232E-15 -0.29599613E-16  0.00000000E+00  0.00000000E+00
  0.24000000E+03  0.27329820E-15  0.27677823E-15  0.28228334E-15 -0.26438148E-16  0.00000000E+00  0.00000000E+00
  0.24100000E+03  0.24812967E-15  0.25146944E-15  0.25565850E-15 -0.25735113E-16  0.00000000E+00  0.00000000E+00
  0.24200000E+03  0.22216986E-15  0.22673338E-15  0.22979747E-15 -0.23567223E-16  0.00000000E+00  0.00000000E+00
  0.24300000E+03  0.20145437E-15  0.20472050E-15  0.20761938E-15 -0.19393441E-16  0.00000000E+00  0.00000000E+00
  0.24400000E+03  0.18270243E-15  0.18670599E-15  0.18767063E-15 -0.18091962E-16  0.00000000E+00  0.00000000E+00
  0.24500000E+03  0.16511151E-15  0.16830533E-15  0.16895605E-15 -0.17116385E-16  0.00000000E+00  0.00000000E+00
  0.24600000E+03  0.14853048E-15  0.15341741E-15  0.15325915E-15 -0.16102823E-16  0.00000000E+00  0.00000000E+00
  0.24700000E+03  0.13347545E-15  0.13711126E-15  0.13698444E-15 -0.12609805E-16  0.00000000E+00  0.00000000E+00
  0.24800000E+03  0.12284780E-15  0.12626642E-15  0.12649983E-15 -0.11016720E-16  0.00000000E+00  0.00000000E+00
  0.24900000E+03  0.11096769E-15  0.11383977E-15  0.11399080E-15 -0.11227739E-16  0.00000000E+00  0.00000000E+00
  0.25000000E+03  0.10066903E-15  0.10406339E-15  0.10380716E-15 -0.10166362E-16  0.00000000E+00  0.00000000E+00
  0.25100000E+03  0.90778241E-16  0.93944557E-16  0.93744280E-16 -0.86164187E-17  0.00000000E+00  0.00000000E+00
  0.25200000E+03  0.83328540E-16  0.85675662E-16  0.85328769E-16 -0.74166329E-17  0.00000000E+00  0.00000000E+00
  0.25300000E+03  0.75640803E-16  0.78258459E-16  0.77436963E-16 -0.74465950E-17  0.00000000E+00  0.00000000E+00
  0.25400000E+03  0.68569124E-16  0.71062756E-16  0.70261171E-16 -0.68761179E-17  0.00000000E+00  0.00000000E+00
  0.25500000E+03  0.62062025E-16  0.64775806E-16  0.63610269E-16 -0.56787041E-17  0.00000000E+00  0.00000000E+00
  0.25600000E+03  0.57211715E-16  0.59365317E-16  0.58643790E-16 -0.48503092E-17  0.00000000E+00  0.00000000E+00
