 # Isotropy Coefficients: Standard IC = E₂₂/E₁₁ (should be 4/3 for isotropy)
 # Derivative-based IC = [2E₂₂ - k dE₁₁/dk] / [2E₁₁] (alternative definition)
 # Columns: k, E11(k), E22(k), E33(k), dE11/dk, IC_standard, IC_derivative
  0.10000000E+01  0.35614960E-05  0.22693598E-05  0.43775062E-05  0.15453939E-04  0.63719285E+00  0.61056805E+00
  0.20000000E+01  0.19015435E-04  0.21584092E-04  0.24183724E-04 -0.25073723E-06  0.11350827E+01  0.11352446E+01
  0.30000000E+01  0.30600215E-05  0.33716296E-05  0.34234092E-05 -0.10804112E-04  0.11018320E+01  0.11668249E+01
  0.40000000E+01  0.27027515E-05  0.29077710E-05  0.27153530E-05  0.11947991E-05  0.10758559E+01  0.10650058E+01
  0.50000000E+01  0.27093695E-05  0.29356470E-05  0.28229854E-05 -0.41849776E-06  0.10835167E+01  0.10882555E+01
  0.60000000E+01  0.18726296E-05  0.19575164E-05  0.18317481E-05 -0.72929174E-06  0.10453303E+01  0.10596679E+01
  0.70000000E+01  0.14410185E-05  0.16441371E-05  0.15750334E-05 -0.25838523E-06  0.11409549E+01  0.11486564E+01
  0.80000000E+01  0.13074452E-05  0.13041557E-05  0.13357768E-05 -0.29742372E-07  0.99748403E+00  0.99860066E+00
  0.90000000E+01  0.12885174E-05  0.12827179E-05  0.13794100E-05 -0.14559986E-06  0.99549907E+00  0.10017393E+01
  0.10000000E+02  0.10095296E-05  0.10160875E-05  0.10489075E-05 -0.27486490E-06  0.10064960E+01  0.10232023E+01
  0.11000000E+02  0.80489127E-06  0.84672740E-06  0.87522096E-06 -0.12475888E-06  0.10519774E+01  0.10624392E+01
  0.12000000E+02  0.73681502E-06  0.76166720E-06  0.76088810E-06 -0.92392234E-07  0.10337292E+01  0.10429621E+01
  0.13000000E+02  0.60390778E-06  0.63263025E-06  0.63115425E-06 -0.11824579E-06  0.10475610E+01  0.10631795E+01
  0.14000000E+02  0.51036864E-06  0.51215198E-06  0.51322621E-06 -0.10013222E-06  0.10034943E+01  0.10203481E+01
  0.15000000E+02  0.41226957E-06  0.39336510E-06  0.42605745E-06 -0.46465107E-07  0.95414537E+00  0.96451867E+00
  0.16000000E+02  0.40529599E-06  0.39716539E-06  0.42092174E-06 -0.41511232E-07  0.97993910E+00  0.98999441E+00
  0.17000000E+02  0.32090784E-06  0.33851003E-06  0.34134237E-06 -0.69924972E-07  0.10548512E+01  0.10775802E+01
  0.18000000E+02  0.27760956E-06  0.27496446E-06  0.28477291E-06 -0.43286821E-07  0.99047190E+00  0.10076934E+01
  0.19000000E+02  0.22987781E-06  0.22989303E-06  0.24221163E-06 -0.43028979E-07  0.10000662E+01  0.10218884E+01
  0.20000000E+02  0.19649762E-06  0.21093415E-06  0.20969385E-06 -0.17118220E-07  0.10734692E+01  0.10841600E+01
  0.21000000E+02  0.18836010E-06  0.18492594E-06  0.18755861E-06 -0.22140403E-07  0.98176807E+00  0.99691397E+00
  0.22000000E+02  0.15088659E-06  0.15582320E-06  0.15453543E-06 -0.31745738E-07  0.10327173E+01  0.10611186E+01
  0.23000000E+02  0.13067435E-06  0.13815284E-06  0.14248128E-06 -0.16021479E-07  0.10572300E+01  0.10745329E+01
  0.24000000E+02  0.11596043E-06  0.11670114E-06  0.11788987E-06 -0.14690457E-07  0.10063876E+01  0.10250435E+01
  0.25000000E+02  0.10120857E-06  0.10591013E-06  0.10811547E-06 -0.11919167E-07  0.10464542E+01  0.10645196E+01
  0.26000000E+02  0.91445834E-07  0.91406484E-07  0.93545246E-07 -0.11873915E-07  0.99956971E+00  0.10202847E+01
  0.27000000E+02  0.77587600E-07  0.77751466E-07  0.77488565E-07 -0.11258028E-07  0.10021120E+01  0.10261508E+01
  0.28000000E+02  0.69479633E-07  0.67755842E-07  0.71185887E-07 -0.80697351E-08  0.97518998E+00  0.99514437E+00
  0.29000000E+02  0.60575324E-07  0.59102561E-07  0.61258675E-07 -0.89413161E-08  0.97568709E+00  0.10019524E+01
  0.30000000E+02  0.52184451E-07  0.53473912E-07  0.52678619E-07 -0.69706960E-08  0.10247097E+01  0.10492984E+01
  0.31000000E+02  0.46521933E-07  0.47917506E-07  0.48161830E-07 -0.56920588E-08  0.10299982E+01  0.10532712E+01
  0.32000000E+02  0.40700847E-07  0.41429434E-07  0.42368885E-07 -0.47233395E-08  0.10179011E+01  0.10406874E+01
  0.33000000E+02  0.37011215E-07  0.37335393E-07  0.37812235E-07 -0.37064527E-08  0.10087589E+01  0.10290366E+01
  0.34000000E+02  0.32778797E-07  0.32533293E-07  0.33434496E-07 -0.49693827E-08  0.99251032E+00  0.10241381E+01
  0.35000000E+02  0.27622955E-07  0.27566372E-07  0.28752950E-07 -0.38416479E-08  0.99795163E+00  0.10278189E+01
  0.36000000E+02  0.25227353E-07  0.26076943E-07  0.25343951E-07 -0.22139497E-08  0.10336773E+01  0.10530629E+01
  0.37000000E+02  0.22699433E-07  0.22399366E-07  0.22395200E-07 -0.26681004E-08  0.98678082E+00  0.10134659E+01
  0.38000000E+02  0.19958030E-07  0.20559517E-07  0.20413443E-07 -0.27153899E-08  0.10301375E+01  0.10618609E+01
  0.39000000E+02  0.17485581E-07  0.17582693E-07  0.18030805E-07 -0.18847683E-08  0.10055538E+01  0.10313481E+01
  0.40000000E+02  0.16101211E-07  0.16231752E-07  0.16287522E-07 -0.14041527E-08  0.10081075E+01  0.10295116E+01
  0.41000000E+02  0.14462103E-07  0.14507924E-07  0.14862306E-07 -0.18071981E-08  0.10031683E+01  0.10346051E+01
  0.42000000E+02  0.12620037E-07  0.12479275E-07  0.12921551E-07 -0.15886226E-08  0.98884606E+00  0.10212867E+01
  0.43000000E+02  0.11322567E-07  0.11497422E-07  0.11753087E-07 -0.12804442E-08  0.10154431E+01  0.10452806E+01
  0.44000000E+02  0.10048397E-07  0.10047333E-07  0.10281889E-07 -0.98274788E-09  0.99989408E+00  0.10262986E+01
  0.45000000E+02  0.92543075E-08  0.93705310E-08  0.97992991E-08 -0.11129935E-08  0.10125588E+01  0.10457667E+01
  0.46000000E+02  0.78669382E-08  0.81085698E-08  0.82680955E-08 -0.10532830E-08  0.10307149E+01  0.10685048E+01
  0.47000000E+02  0.72268191E-08  0.72693451E-08  0.74702911E-08 -0.65794453E-09  0.10058844E+01  0.10321399E+01
  0.48000000E+02  0.64678845E-08  0.66456858E-08  0.67772632E-08 -0.63634187E-09  0.10274899E+01  0.10564666E+01
  0.49000000E+02  0.59572116E-08  0.59596745E-08  0.60236816E-08 -0.53728466E-09  0.10004134E+01  0.10275302E+01
  0.50000000E+02  0.53461799E-08  0.53752185E-08  0.54819274E-08 -0.65746208E-09  0.10054317E+01  0.10431608E+01
  0.51000000E+02  0.47006004E-08  0.47453779E-08  0.47462638E-08 -0.51980081E-09  0.10095259E+01  0.10441304E+01
  0.52000000E+02  0.43045398E-08  0.43630397E-08  0.43982018E-08 -0.39983886E-09  0.10135902E+01  0.10432278E+01
  0.53000000E+02  0.38617007E-08  0.39421306E-08  0.40278931E-08 -0.44841217E-09  0.10208275E+01  0.10585896E+01
  0.54000000E+02  0.34330492E-08  0.35279448E-08  0.35512904E-08 -0.37667802E-09  0.10276418E+01  0.10639968E+01
  0.55000000E+02  0.31096214E-08  0.31527025E-08  0.32248066E-08 -0.31375832E-09  0.10138541E+01  0.10479051E+01
  0.56000000E+02  0.28080411E-08  0.29241289E-08  0.29186080E-08 -0.22912237E-09  0.10413412E+01  0.10693781E+01
  0.57000000E+02  0.26267353E-08  0.26597913E-08  0.27192761E-08 -0.23961214E-09  0.10125844E+01  0.10444887E+01
  0.58000000E+02  0.23194282E-08  0.23328195E-08  0.23980942E-08 -0.29158601E-09  0.10057735E+01  0.10505133E+01
  0.59000000E+02  0.20760631E-08  0.21357351E-08  0.21697604E-08 -0.20274944E-09  0.10287429E+01  0.10640979E+01
  0.60000000E+02  0.19016957E-08  0.19495012E-08  0.20058073E-08 -0.17895301E-09  0.10251384E+01  0.10597824E+01
  0.61000000E+02  0.17178684E-08  0.17595321E-08  0.17836220E-08 -0.14240741E-09  0.10242531E+01  0.10552810E+01
  0.62000000E+02  0.16013068E-08  0.16155349E-08  0.16237857E-08 -0.17433661E-09  0.10088854E+01  0.10503030E+01
  0.63000000E+02  0.13818404E-08  0.14403467E-08  0.14558068E-08 -0.15399786E-09  0.10423394E+01  0.10854195E+01
  0.64000000E+02  0.13055109E-08  0.13508024E-08  0.13351589E-08 -0.77145838E-10  0.10346925E+01  0.10578980E+01
  0.65000000E+02  0.11994761E-08  0.12414233E-08  0.12519572E-08 -0.12571670E-09  0.10349712E+01  0.10767730E+01
  0.66000000E+02  0.10681417E-08  0.10793950E-08  0.11010503E-08 -0.10267878E-09  0.10105355E+01  0.10494647E+01
  0.67000000E+02  0.99148645E-09  0.10057393E-08  0.10181667E-08 -0.97314379E-10  0.10143752E+01  0.10547254E+01
  0.68000000E+02  0.87373925E-09  0.90722213E-09  0.91450858E-09 -0.91637427E-10  0.10383214E+01  0.10820816E+01
  0.69000000E+02  0.81202900E-09  0.84332558E-09  0.85230267E-09 -0.66633733E-10  0.10385412E+01  0.10732830E+01
  0.70000000E+02  0.73213124E-09  0.75665380E-09  0.76241508E-09 -0.81080330E-10  0.10334947E+01  0.10810616E+01
  0.71000000E+02  0.65822725E-09  0.67322820E-09  0.68724293E-09 -0.55257254E-10  0.10227900E+01  0.10593622E+01
  0.72000000E+02  0.61628946E-09  0.63313649E-09  0.64216232E-09 -0.54798128E-10  0.10273362E+01  0.10666182E+01
  0.73000000E+02  0.54838162E-09  0.56540056E-09  0.57312166E-09 -0.53160032E-10  0.10310348E+01  0.10744563E+01
  0.74000000E+02  0.51094384E-09  0.52678073E-09  0.53069277E-09 -0.46987674E-10  0.10309954E+01  0.10727518E+01
  0.75000000E+02  0.45338269E-09  0.46551629E-09  0.47347115E-09 -0.46942669E-10  0.10267624E+01  0.10744102E+01
  0.76000000E+02  0.42015016E-09  0.43077433E-09  0.44154530E-09 -0.32040842E-10  0.10252866E+01  0.10608491E+01
  0.77000000E+02  0.38534412E-09  0.39831724E-09  0.40390721E-09 -0.35009863E-10  0.10336664E+01  0.10765915E+01
  0.78000000E+02  0.35112530E-09  0.35960412E-09  0.36509595E-09 -0.32107036E-10  0.10241476E+01  0.10679111E+01
  0.79000000E+02  0.32130212E-09  0.33623210E-09  0.33357220E-09 -0.29009838E-10  0.10464671E+01  0.10902333E+01
  0.80000000E+02  0.29309860E-09  0.30074607E-09  0.30597075E-09 -0.25841796E-10  0.10260918E+01  0.10693710E+01
  0.81000000E+02  0.26924873E-09  0.27880778E-09  0.28238509E-09 -0.24121490E-10  0.10355027E+01  0.10800288E+01
  0.82000000E+02  0.24479968E-09  0.25047256E-09  0.25812863E-09 -0.22497545E-10  0.10231736E+01  0.10694137E+01
  0.83000000E+02  0.22436863E-09  0.23175083E-09  0.23445354E-09 -0.20447782E-10  0.10329021E+01  0.10793153E+01
  0.84000000E+02  0.20402836E-09  0.21118432E-09  0.21607367E-09 -0.18094725E-10  0.10350734E+01  0.10807843E+01
  0.85000000E+02  0.18845155E-09  0.19455069E-09  0.19886875E-09 -0.13996897E-10  0.10323645E+01  0.10711020E+01
  0.86000000E+02  0.17459970E-09  0.17655373E-09  0.18044707E-09 -0.16081700E-10  0.10111915E+01  0.10597949E+01
  0.87000000E+02  0.15690209E-09  0.16133017E-09  0.16412562E-09 -0.15279623E-10  0.10282220E+01  0.10802076E+01
  0.88000000E+02  0.14461309E-09  0.14890610E-09  0.15149164E-09 -0.12318098E-10  0.10296862E+01  0.10756799E+01
  0.89000000E+02  0.13191410E-09  0.13652157E-09  0.13937319E-09 -0.10877217E-10  0.10349277E+01  0.10799571E+01
  0.90000000E+02  0.12251297E-09  0.12567009E-09  0.12874815E-09 -0.10662879E-10  0.10257696E+01  0.10738331E+01
  0.91000000E+02  0.11062776E-09  0.11501343E-09  0.11719981E-09 -0.10287654E-10  0.10396434E+01  0.10915681E+01
  0.92000000E+02  0.10227693E-09  0.10486410E-09  0.10789830E-09 -0.83575161E-11  0.10252957E+01  0.10714240E+01
  0.93000000E+02  0.93477642E-10  0.96624195E-10  0.98985022E-10 -0.84283197E-11  0.10336610E+01  0.10851122E+01
  0.94000000E+02  0.85602206E-10  0.88842343E-10  0.90290671E-10 -0.75897092E-11  0.10378511E+01  0.10889896E+01
  0.95000000E+02  0.78369804E-10  0.81256536E-10  0.82216282E-10 -0.65330263E-11  0.10368347E+01  0.10854273E+01
  0.96000000E+02  0.72490736E-10  0.74826423E-10  0.76829723E-10 -0.55592835E-11  0.10322205E+01  0.10773944E+01
  0.97000000E+02  0.66982191E-10  0.68722812E-10  0.70544730E-10 -0.56199173E-11  0.10259863E+01  0.10759233E+01
  0.98000000E+02  0.61212695E-10  0.64286396E-10  0.65835233E-10 -0.58350477E-11  0.10502135E+01  0.11075338E+01
  0.99000000E+02  0.55584475E-10  0.57352307E-10  0.58434486E-10 -0.49610528E-11  0.10318044E+01  0.10860214E+01
  0.10000000E+03  0.51329573E-10  0.52809316E-10  0.54527119E-10 -0.39523736E-11  0.10288283E+01  0.10760748E+01
  0.10100000E+03  0.47449846E-10  0.48913842E-10  0.50199740E-10 -0.39160693E-11  0.10308535E+01  0.10820001E+01
  0.10200000E+03  0.43564156E-10  0.44781893E-10  0.46753348E-10 -0.34090328E-11  0.10279528E+01  0.10769286E+01
  0.10300000E+03  0.40453963E-10  0.41562073E-10  0.42653475E-10 -0.37774163E-11  0.10273919E+01  0.10864053E+01
  0.10400000E+03  0.36270896E-10  0.37361437E-10  0.38550704E-10 -0.29655627E-11  0.10300666E+01  0.10822415E+01
  0.10500000E+03  0.34432766E-10  0.35359340E-10  0.36492753E-10 -0.25374225E-11  0.10269097E+01  0.10743874E+01
  0.10600000E+03  0.30981332E-10  0.32108496E-10  0.32883654E-10 -0.30529162E-11  0.10363821E+01  0.11004735E+01
  0.10700000E+03  0.28586527E-10  0.29734753E-10  0.30358417E-10 -0.24089916E-11  0.10401666E+01  0.10954938E+01
  0.10800000E+03  0.26135982E-10  0.27240895E-10  0.28170667E-10 -0.19639681E-11  0.10422755E+01  0.10920721E+01
  0.10900000E+03  0.24577864E-10  0.25127508E-10  0.26067776E-10 -0.17510294E-11  0.10223633E+01  0.10700126E+01
  0.11000000E+03  0.22479640E-10  0.22902966E-10  0.23724600E-10 -0.22183516E-11  0.10188315E+01  0.10854375E+01
  0.11100000E+03  0.20348136E-10  0.20745541E-10  0.21452709E-10 -0.17735665E-11  0.10195303E+01  0.10788946E+01
  0.11200000E+03  0.18918376E-10  0.19481238E-10  0.20260666E-10 -0.14550852E-11  0.10297521E+01  0.10826092E+01
  0.11300000E+03  0.17370551E-10  0.17898438E-10  0.18551258E-10 -0.13828634E-11  0.10303898E+01  0.10855879E+01
  0.11400000E+03  0.16119987E-10  0.16553776E-10  0.17198451E-10 -0.14369355E-11  0.10269099E+01  0.10892630E+01
  0.11500000E+03  0.14555392E-10  0.15006179E-10  0.15549787E-10 -0.12482167E-11  0.10309705E+01  0.10914828E+01
  0.11600000E+03  0.13640324E-10  0.14093488E-10  0.14687782E-10 -0.96983478E-12  0.10332223E+01  0.10838294E+01
  0.11700000E+03  0.12511844E-10  0.12856357E-10  0.13357206E-10 -0.11523201E-11  0.10275350E+01  0.10936527E+01
  0.11800000E+03  0.11409623E-10  0.11756061E-10  0.12231176E-10 -0.99587016E-12  0.10303637E+01  0.10935602E+01
  0.11900000E+03  0.10537626E-10  0.10756666E-10  0.11329045E-10 -0.78566624E-12  0.10207864E+01  0.10752269E+01
  0.12000000E+03  0.97970269E-11  0.10104995E-10  0.10501309E-10 -0.73580378E-12  0.10314349E+01  0.10867354E+01
  0.12100000E+03  0.90390681E-11  0.92599739E-11  0.96921854E-11 -0.78733488E-12  0.10244390E+01  0.10891087E+01
  0.12200000E+03  0.82508037E-11  0.85125735E-11  0.88795143E-11 -0.71579412E-12  0.10317266E+01  0.10966694E+01
  0.12300000E+03  0.76158567E-11  0.77998493E-11  0.81791613E-11 -0.62252026E-12  0.10241592E+01  0.10858498E+01
  0.12400000E+03  0.70008669E-11  0.71833199E-11  0.75354141E-11 -0.54068203E-12  0.10260615E+01  0.10848228E+01
  0.12500000E+03  0.65098170E-11  0.66851633E-11  0.70228320E-11 -0.55870927E-12  0.10269357E+01  0.10927632E+01
  0.12600000E+03  0.58906699E-11  0.60860822E-11  0.62918928E-11 -0.54509912E-12  0.10331732E+01  0.11047152E+01
  0.12700000E+03  0.54387926E-11  0.55944403E-11  0.58700748E-11 -0.45604520E-12  0.10286181E+01  0.10939596E+01
  0.12800000E+03  0.49738612E-11  0.51515667E-11  0.53868221E-11 -0.39000977E-12  0.10357279E+01  0.10973125E+01
  0.12900000E+03  0.46478914E-11  0.47998272E-11  0.50379462E-11 -0.35568128E-12  0.10326892E+01  0.10932616E+01
  0.13000000E+03  0.42435781E-11  0.43836454E-11  0.45852085E-11 -0.40900792E-12  0.10330069E+01  0.11098886E+01
  0.13100000E+03  0.38647050E-11  0.39911204E-11  0.41970615E-11 -0.30440350E-12  0.10327102E+01  0.10960220E+01
  0.13200000E+03  0.36164641E-11  0.37556989E-11  0.39181232E-11 -0.28582586E-12  0.10385002E+01  0.11025137E+01
  0.13300000E+03  0.32838211E-11  0.33860766E-11  0.35558201E-11 -0.30147445E-12  0.10311391E+01  0.11060600E+01
  0.13400000E+03  0.30264183E-11  0.31298993E-11  0.32695979E-11 -0.25840460E-12  0.10341926E+01  0.11043956E+01
  0.13500000E+03  0.27620313E-11  0.28577841E-11  0.29983839E-11 -0.24453456E-12  0.10346675E+01  0.11080049E+01
  0.13600000E+03  0.25429999E-11  0.26423386E-11  0.27642662E-11 -0.19942766E-12  0.10390636E+01  0.11045058E+01
  0.13700000E+03  0.23508892E-11  0.24452070E-11  0.25575772E-11 -0.20873861E-12  0.10401200E+01  0.11147599E+01
  0.13800000E+03  0.21304141E-11  0.22122211E-11  0.23383652E-11 -0.19505135E-12  0.10383996E+01  0.11159248E+01
  0.13900000E+03  0.19662087E-11  0.20216467E-11  0.21413839E-11 -0.15705407E-12  0.10281954E+01  0.10963216E+01
  0.14000000E+03  0.18061711E-11  0.18791355E-11  0.19852449E-11 -0.16555332E-12  0.10403973E+01  0.11191359E+01
  0.14100000E+03  0.16415937E-11  0.17164578E-11  0.17966522E-11 -0.14126357E-12  0.10456046E+01  0.11200544E+01
  0.14200000E+03  0.15201341E-11  0.15942485E-11  0.16757710E-11 -0.13423670E-12  0.10487552E+01  0.11256962E+01
  0.14300000E+03  0.13730755E-11  0.14291281E-11  0.15082114E-11 -0.12718525E-12  0.10408226E+01  0.11220978E+01
  0.14400000E+03  0.12688660E-11  0.13173932E-11  0.13947501E-11 -0.10531186E-12  0.10382446E+01  0.11115783E+01
  0.14500000E+03  0.11576725E-11  0.12057959E-11  0.12698747E-11 -0.10446749E-12  0.10415691E+01  0.11218557E+01
  0.14600000E+03  0.10606528E-11  0.11013306E-11  0.11604933E-11 -0.98802592E-13  0.10383518E+01  0.11218020E+01
  0.14700000E+03  0.96097934E-12  0.10099891E-11  0.10609132E-11 -0.90688707E-13  0.10509998E+01  0.11361207E+01
  0.14800000E+03  0.88095183E-12  0.91474040E-12  0.96780581E-12 -0.74705006E-13  0.10383546E+01  0.11153631E+01
  0.14900000E+03  0.80832975E-12  0.84342592E-12  0.88914672E-12 -0.72001270E-13  0.10434182E+01  0.11248543E+01
  0.15000000E+03  0.73591610E-12  0.76363894E-12  0.80764513E-12 -0.73100068E-13  0.10376712E+01  0.11290953E+01
  0.15100000E+03  0.66470890E-12  0.69341885E-12  0.73283350E-12 -0.63278105E-13  0.10431918E+01  0.11313939E+01
  0.15200000E+03  0.60918610E-12  0.63896512E-12  0.67070855E-12 -0.54799589E-13  0.10488833E+01  0.11327811E+01
  0.15300000E+03  0.55382690E-12  0.57764758E-12  0.60794436E-12 -0.51190809E-13  0.10430111E+01  0.11297851E+01
  0.15400000E+03  0.50645512E-12  0.52775259E-12  0.56149936E-12 -0.48521825E-13  0.10420520E+01  0.11325829E+01
  0.15500000E+03  0.45715086E-12  0.47624589E-12  0.50356204E-12 -0.44495481E-13  0.10417696E+01  0.11343392E+01
  0.15600000E+03  0.41803971E-12  0.43779599E-12  0.45925237E-12 -0.37575124E-13  0.10472593E+01  0.11332968E+01
  0.15700000E+03  0.38044933E-12  0.39958862E-12  0.42163175E-12 -0.37526545E-13  0.10503070E+01  0.11453284E+01
  0.15800000E+03  0.34374446E-12  0.36170635E-12  0.38341788E-12 -0.34030345E-13  0.10522536E+01  0.11482307E+01
  0.15900000E+03  0.31310742E-12  0.32761351E-12  0.34759484E-12 -0.27390472E-13  0.10463294E+01  0.11316754E+01
  0.16000000E+03  0.28766860E-12  0.30051360E-12  0.31737969E-12 -0.25829770E-13  0.10446521E+01  0.11328032E+01
  0.16100000E+03  0.26052823E-12  0.27595634E-12  0.29088502E-12 -0.28192787E-13  0.10592186E+01  0.11661214E+01
  0.16200000E+03  0.23306809E-12  0.24567273E-12  0.25992712E-12 -0.22730429E-13  0.10540813E+01  0.11510252E+01
  0.16300000E+03  0.21461682E-12  0.22616110E-12  0.23848301E-12 -0.19783512E-13  0.10537902E+01  0.11459851E+01
  0.16400000E+03  0.19314247E-12  0.20331561E-12  0.21448900E-12 -0.18008518E-13  0.10526717E+01  0.11464978E+01
  0.16500000E+03  0.17852541E-12  0.18582675E-12  0.19684852E-12 -0.16106367E-13  0.10408981E+01  0.11322381E+01
  0.16600000E+03  0.16043900E-12  0.16880171E-12  0.17686406E-12 -0.16483832E-13  0.10521239E+01  0.11567732E+01
  0.16700000E+03  0.14626553E-12  0.15369745E-12  0.16145132E-12 -0.13609491E-13  0.10508112E+01  0.11461558E+01
  0.16800000E+03  0.13286940E-12  0.13945904E-12  0.14626379E-12 -0.12541946E-13  0.10495949E+01  0.11468985E+01
  0.16900000E+03  0.12128245E-12  0.12704135E-12  0.13350547E-12 -0.10649071E-13  0.10474834E+01  0.11385335E+01
  0.17000000E+03  0.11107771E-12  0.11634877E-12  0.12221201E-12 -0.10898126E-13  0.10474538E+01  0.11497958E+01
  0.17100000E+03  0.99720898E-13  0.10476526E-12  0.10993019E-12 -0.10086661E-13  0.10505848E+01  0.11567144E+01
  0.17200000E+03  0.91154508E-13  0.95574942E-13  0.10036234E-12 -0.82380747E-14  0.10484939E+01  0.11438736E+01
  0.17300000E+03  0.82936777E-13  0.87697719E-13  0.91850179E-13 -0.77254106E-14  0.10574045E+01  0.11562827E+01
  0.17400000E+03  0.75661665E-13  0.79693989E-13  0.83710755E-13 -0.73122076E-14  0.10532942E+01  0.11564757E+01
  0.17500000E+03  0.68483075E-13  0.71867933E-13  0.75442047E-13 -0.61589210E-14  0.10494262E+01  0.11459956E+01
  0.17600000E+03  0.63271376E-13  0.66295846E-13  0.69722196E-13 -0.52698125E-14  0.10478015E+01  0.11377473E+01
  0.17700000E+03  0.57721514E-13  0.60476946E-13  0.63159818E-13 -0.52561118E-14  0.10477366E+01  0.11466330E+01
  0.17800000E+03  0.52806924E-13  0.55194998E-13  0.57841075E-13 -0.49625882E-14  0.10452228E+01  0.11478629E+01
  0.17900000E+03  0.47840794E-13  0.49997285E-13  0.52572509E-13 -0.45399022E-14  0.10450764E+01  0.11493037E+01
  0.18000000E+03  0.43776682E-13  0.45617156E-13  0.47801678E-13 -0.38843495E-14  0.10420424E+01  0.11400428E+01
  0.18100000E+03  0.39958417E-13  0.41887267E-13  0.43843774E-13 -0.37326849E-14  0.10482714E+01  0.11520175E+01
  0.18200000E+03  0.36360099E-13  0.37944738E-13  0.39658045E-13 -0.33413292E-14  0.10435818E+01  0.11462051E+01
  0.18300000E+03  0.33300352E-13  0.34834135E-13  0.36303442E-13 -0.28464320E-14  0.10460591E+01  0.11420395E+01
  0.18400000E+03  0.30608122E-13  0.31833389E-13  0.33171382E-13 -0.25700032E-14  0.10400308E+01  0.11348279E+01
  0.18500000E+03  0.28099788E-13  0.29264145E-13  0.30566709E-13 -0.25297348E-14  0.10414366E+01  0.11436300E+01
  0.18600000E+03  0.25595633E-13  0.26473537E-13  0.27580441E-13 -0.22608679E-14  0.10342990E+01  0.11351086E+01
  0.18700000E+03  0.23557253E-13  0.24433434E-13  0.25450211E-13 -0.20781045E-14  0.10371937E+01  0.11384132E+01
  0.18800000E+03  0.21398256E-13  0.22097972E-13  0.23113855E-13 -0.20811246E-14  0.10326996E+01  0.11448904E+01
  0.18900000E+03  0.19458021E-13  0.20137117E-13  0.21002168E-13 -0.18056309E-14  0.10349007E+01  0.11425154E+01
  0.19000000E+03  0.17775269E-13  0.18265088E-13  0.19017441E-13 -0.16083477E-14  0.10275562E+01  0.11330428E+01
  0.19100000E+03  0.16240932E-13  0.16769184E-13  0.17413502E-13 -0.13888929E-14  0.10325260E+01  0.11327498E+01
  0.19200000E+03  0.14961714E-13  0.15409916E-13  0.16008802E-13 -0.13101974E-14  0.10299566E+01  0.11331226E+01
  0.19300000E+03  0.13616293E-13  0.13985387E-13  0.14504424E-13 -0.12294861E-14  0.10271068E+01  0.11340374E+01
  0.19400000E+03  0.12500535E-13  0.12866482E-13  0.13357505E-13 -0.11568769E-14  0.10292745E+01  0.11394386E+01
  0.19500000E+03  0.11305336E-13  0.11565514E-13  0.11986705E-13 -0.10785354E-14  0.10230137E+01  0.11371610E+01
  0.19600000E+03  0.10356580E-13  0.10584961E-13  0.10976060E-13 -0.93873930E-15  0.10220517E+01  0.11310613E+01
  0.19700000E+03  0.94070776E-14  0.95980039E-14  0.99416757E-14 -0.88889099E-15  0.10202960E+01  0.11345154E+01
  0.19800000E+03  0.85793418E-14  0.88098626E-14  0.91134706E-14 -0.83081761E-15  0.10268693E+01  0.11445206E+01
  0.19900000E+03  0.77541182E-14  0.79170281E-14  0.81695057E-14 -0.73874619E-15  0.10210094E+01  0.11373405E+01
  0.20000000E+03  0.71027156E-14  0.72304604E-14  0.74882236E-14 -0.63864627E-15  0.10179853E+01  0.11283286E+01
  0.20100000E+03  0.64590231E-14  0.65878377E-14  0.68262398E-14 -0.61000894E-15  0.10199434E+01  0.11364217E+01
  0.20200000E+03  0.58823359E-14  0.60215763E-14  0.62125585E-14 -0.57953835E-15  0.10236709E+01  0.11457845E+01
  0.20300000E+03  0.53111880E-14  0.54191804E-14  0.55772520E-14 -0.50148750E-15  0.10203331E+01  0.11379430E+01
  0.20400000E+03  0.48744946E-14  0.49654113E-14  0.51255141E-14 -0.43915294E-15  0.10186515E+01  0.11314223E+01
  0.20500000E+03  0.44141432E-14  0.45045331E-14  0.46321805E-14 -0.45928853E-15  0.10204773E+01  0.11513572E+01
  0.20600000E+03  0.39758121E-14  0.40376824E-14  0.41706505E-14 -0.38825904E-15  0.10155617E+01  0.11389979E+01
  0.20700000E+03  0.36331903E-14  0.36980637E-14  0.38077655E-14 -0.34190636E-15  0.10178558E+01  0.11373836E+01
  0.20800000E+03  0.32859805E-14  0.33376490E-14  0.34379312E-14 -0.31608091E-15  0.10157239E+01  0.11384896E+01
  0.20900000E+03  0.29983662E-14  0.30439817E-14  0.31354151E-14 -0.29770074E-15  0.10152135E+01  0.11425407E+01
  0.21000000E+03  0.26901908E-14  0.27414675E-14  0.27996019E-14 -0.28384688E-15  0.10190606E+01  0.11550173E+01
  0.21100000E+03  0.24392823E-14  0.24839978E-14  0.25363205E-14 -0.23147857E-15  0.10183314E+01  0.11411916E+01
  0.21200000E+03  0.22194715E-14  0.22528468E-14  0.23110771E-14 -0.21315141E-15  0.10150374E+01  0.11399639E+01
  0.21300000E+03  0.20103543E-14  0.20387967E-14  0.20800882E-14 -0.20199659E-15  0.10141479E+01  0.11454680E+01
  0.21400000E+03  0.18165850E-14  0.18424974E-14  0.18760689E-14 -0.18574484E-15  0.10142643E+01  0.11485269E+01
  0.21500000E+03  0.16401486E-14  0.16689611E-14  0.16980315E-14 -0.16500361E-15  0.10175670E+01  0.11502846E+01
  0.21600000E+03  0.14867638E-14  0.15046969E-14  0.15363781E-14 -0.14210305E-15  0.10120618E+01  0.11387380E+01
  0.21700000E+03  0.13518282E-14  0.13702138E-14  0.13919382E-14 -0.13620263E-15  0.10136006E+01  0.11477545E+01
  0.21800000E+03  0.12152575E-14  0.12281100E-14  0.12519724E-14 -0.12473888E-15  0.10105759E+01  0.11478757E+01
  0.21900000E+03  0.11025306E-14  0.11138659E-14  0.11342302E-14 -0.11327950E-15  0.10102812E+01  0.11483465E+01
  0.22000000E+03  0.98925010E-15  0.99872723E-15  0.10166521E-14 -0.98620972E-16  0.00000000E+00  0.00000000E+00
  0.22100000E+03  0.90312241E-15  0.91100860E-15  0.92266875E-15 -0.93242280E-16  0.00000000E+00  0.00000000E+00
  0.22200000E+03  0.80344357E-15  0.81128419E-15  0.82707119E-15 -0.84763586E-16  0.00000000E+00  0.00000000E+00
  0.22300000E+03  0.73498595E-15  0.73862956E-15  0.75254685E-15 -0.69899647E-16  0.00000000E+00  0.00000000E+00
  0.22400000E+03  0.66132150E-15  0.66646538E-15  0.67438836E-15 -0.64886132E-16  0.00000000E+00  0.00000000E+00
  0.22500000E+03  0.60494183E-15  0.60750818E-15  0.61604976E-15 -0.59290487E-16  0.00000000E+00  0.00000000E+00
  0.22600000E+03  0.54172410E-15  0.54461397E-15  0.55334825E-15 -0.58670134E-16  0.00000000E+00  0.00000000E+00
  0.22700000E+03  0.48969278E-15  0.49096391E-15  0.49705402E-15 -0.48401808E-16  0.00000000E+00  0.00000000E+00
  0.22800000E+03  0.44337079E-15  0.44315869E-15  0.44880268E-15 -0.45516821E-16  0.00000000E+00  0.00000000E+00
  0.22900000E+03  0.39893711E-15  0.39794293E-15  0.40472685E-15 -0.40542673E-16  0.00000000E+00  0.00000000E+00
  0.23000000E+03  0.36188072E-15  0.35989517E-15  0.36425845E-15 -0.37582048E-16  0.00000000E+00  0.00000000E+00
  0.23100000E+03  0.32428421E-15  0.32116514E-15  0.32698063E-15 -0.32037499E-16  0.00000000E+00  0.00000000E+00
  0.23200000E+03  0.29713228E-15  0.29444316E-15  0.29937435E-15 -0.29160267E-16  0.00000000E+00  0.00000000E+00
  0.23300000E+03  0.26539964E-15  0.26120887E-15  0.26678721E-15 -0.28533622E-16  0.00000000E+00  0.00000000E+00
  0.23400000E+03  0.24072748E-15  0.23830054E-15  0.24144838E-15 -0.24814580E-16  0.00000000E+00  0.00000000E+00
  0.23500000E+03  0.21544928E-15  0.21132671E-15  0.21569957E-15 -0.22851981E-16  0.00000000E+00  0.00000000E+00
  0.23600000E+03  0.19530436E-15  0.19131974E-15  0.19484544E-15 -0.19362126E-16  0.00000000E+00  0.00000000E+00
  0.23700000E+03  0.17623848E-15  0.17247515E-15  0.17579155E-15 -0.18005813E-16  0.00000000E+00  0.00000000E+00
  0.23800000E+03  0.15938657E-15  0.15543033E-15  0.15872725E-15 -0.15955105E-16  0.00000000E+00  0.00000000E+00
  0.23900000E+03  0.14417680E-15  0.13975755E-15  0.14260629E-15 -0.14632456E-16  0.00000000E+00  0.00000000E+00
  0.24000000E+03  0.13027220E-15  0.12624428E-15  0.12911775E-15 -0.12391813E-16  0.00000000E+00  0.00000000E+00
  0.24100000E+03  0.11891293E-15  0.11420236E-15  0.11698019E-15 -0.12190852E-16  0.00000000E+00  0.00000000E+00
  0.24200000E+03  0.10597735E-15  0.10237322E-15  0.10474157E-15 -0.11628531E-16  0.00000000E+00  0.00000000E+00
  0.24300000E+03  0.96108203E-16  0.91855211E-16  0.94916348E-16 -0.90912807E-17  0.00000000E+00  0.00000000E+00
  0.24400000E+03  0.87376756E-16  0.83438469E-16  0.85738945E-16 -0.83789798E-17  0.00000000E+00  0.00000000E+00
  0.24500000E+03  0.79203569E-16  0.75148750E-16  0.77538448E-16 -0.80786487E-17  0.00000000E+00  0.00000000E+00
  0.24600000E+03  0.71288053E-16  0.67524275E-16  0.69841195E-16 -0.75341538E-17  0.00000000E+00  0.00000000E+00
  0.24700000E+03  0.64342350E-16  0.60766819E-16  0.62841268E-16 -0.61004765E-17  0.00000000E+00  0.00000000E+00
  0.24800000E+03  0.58896854E-16  0.55596794E-16  0.57576522E-16 -0.54605687E-17  0.00000000E+00  0.00000000E+00
  0.24900000E+03  0.53279702E-16  0.50049499E-16  0.52133647E-16 -0.53408773E-17  0.00000000E+00  0.00000000E+00
  0.25000000E+03  0.48313704E-16  0.45418846E-16  0.47325524E-16 -0.48037550E-17  0.00000000E+00  0.00000000E+00
  0.25100000E+03  0.43767671E-16  0.40898930E-16  0.42658320E-16 -0.38539751E-17  0.00000000E+00  0.00000000E+00
  0.25200000E+03  0.40445671E-16  0.37547796E-16  0.39348065E-16 -0.35558530E-17  0.00000000E+00  0.00000000E+00
  0.25300000E+03  0.36583145E-16  0.33970690E-16  0.35689505E-16 -0.35246741E-17  0.00000000E+00  0.00000000E+00
  0.25400000E+03  0.33507727E-16  0.31015905E-16  0.32687389E-16 -0.29985800E-17  0.00000000E+00  0.00000000E+00
  0.25500000E+03  0.30560218E-16  0.28162419E-16  0.29802315E-16 -0.26312533E-17  0.00000000E+00  0.00000000E+00
  0.25600000E+03  0.28245220E-16  0.25811478E-16  0.27400730E-16 -0.23149973E-17  0.00000000E+00  0.00000000E+00
