 # Isotropy Coefficients: Standard IC = E₂₂/E₁₁ (should be 4/3 for isotropy)
 # Derivative-based IC = [2E₂₂ - k dE₁₁/dk] / [2E₁₁] (alternative definition)
 # Columns: k, E11(k), E22(k), E33(k), dE11/dk, IC_standard, IC_derivative
  0.10000000E+01  0.22527643E-05  0.30460369E-05  0.33726890E-05  0.21108186E-04  0.13521330E+01  0.12946399E+01
  0.20000000E+01  0.23360950E-04  0.22522236E-04  0.24702165E-04  0.61576418E-06  0.96409762E+00  0.96377414E+00
  0.30000000E+01  0.34842926E-05  0.26740126E-05  0.31630439E-05 -0.13266393E-04  0.76744777E+00  0.83753514E+00
  0.40000000E+01  0.34998841E-05  0.28438171E-05  0.27147678E-05  0.11497515E-05  0.81254607E+00  0.80448323E+00
  0.50000000E+01  0.25609531E-05  0.25324007E-05  0.26210773E-05 -0.72227186E-06  0.98885083E+00  0.99750346E+00
  0.60000000E+01  0.21772153E-05  0.17258214E-05  0.18410054E-05 -0.47925255E-06  0.79267377E+00  0.80077767E+00
  0.70000000E+01  0.15702036E-05  0.15910874E-05  0.15892136E-05 -0.45857556E-06  0.10133001E+01  0.10258440E+01
  0.80000000E+01  0.13249181E-05  0.11972064E-05  0.13958445E-05 -0.10658410E-06  0.90360785E+00  0.90755677E+00
  0.90000000E+01  0.12454833E-05  0.13074344E-05  0.11599913E-05 -0.24305044E-06  0.10497407E+01  0.10605173E+01
  0.10000000E+02  0.85846159E-06  0.86876605E-06  0.87372837E-06 -0.27071926E-06  0.10120034E+01  0.10313532E+01
  0.11000000E+02  0.75515675E-06  0.75737000E-06  0.73897183E-06 -0.82275854E-07  0.10029309E+01  0.10102845E+01
  0.12000000E+02  0.65093661E-06  0.65962121E-06  0.68774619E-06 -0.88416037E-07  0.10133417E+01  0.10233430E+01
  0.13000000E+02  0.57259371E-06  0.57173480E-06  0.56252651E-06 -0.93531291E-07  0.99849999E+00  0.10115297E+01
  0.14000000E+02  0.45894967E-06  0.48215992E-06  0.47441421E-06 -0.12898252E-06  0.10505725E+01  0.10747145E+01
  0.15000000E+02  0.34163659E-06  0.37208753E-06  0.37356608E-06 -0.48828692E-07  0.10891325E+01  0.11022872E+01
  0.16000000E+02  0.35107001E-06  0.38091324E-06  0.36960157E-06 -0.13676375E-07  0.10850065E+01  0.10888309E+01
  0.17000000E+02  0.29550068E-06  0.31160914E-06  0.28115650E-06 -0.53021797E-07  0.10545124E+01  0.10732290E+01
  0.18000000E+02  0.25397898E-06  0.25450748E-06  0.24862968E-06 -0.48774755E-07  0.10020809E+01  0.10232912E+01
  0.19000000E+02  0.20116988E-06  0.20401288E-06  0.19876066E-06 -0.36468915E-07  0.10141323E+01  0.10352669E+01
  0.20000000E+02  0.18172068E-06  0.19015876E-06  0.18121180E-06 -0.20498639E-07  0.10464343E+01  0.10602773E+01
  0.21000000E+02  0.15506127E-06  0.16615331E-06  0.15645819E-06 -0.26957238E-07  0.10715333E+01  0.10939345E+01
  0.22000000E+02  0.13109378E-06  0.13462066E-06  0.13542106E-06 -0.16718380E-07  0.10269035E+01  0.10441189E+01
  0.23000000E+02  0.11964160E-06  0.11332263E-06  0.11594657E-06 -0.16105664E-07  0.94718415E+00  0.96618205E+00
  0.24000000E+02  0.98983804E-07  0.10279724E-06  0.99460273E-07 -0.14647430E-07  0.10385258E+01  0.10603174E+01
  0.25000000E+02  0.91449408E-07  0.92281724E-07  0.86265281E-07 -0.73407107E-08  0.10091014E+01  0.10214148E+01
  0.26000000E+02  0.81325446E-07  0.77714610E-07  0.81793580E-07 -0.13529811E-07  0.95560014E+00  0.98214126E+00
  0.27000000E+02  0.66463272E-07  0.68795913E-07  0.69183500E-07 -0.99501847E-08  0.10350966E+01  0.10598991E+01
  0.28000000E+02  0.61452454E-07  0.61779495E-07  0.62694525E-07 -0.68211894E-08  0.10053219E+01  0.10243922E+01
  0.29000000E+02  0.51867673E-07  0.52852464E-07  0.51415149E-07 -0.78870537E-08  0.10189866E+01  0.10460446E+01
  0.30000000E+02  0.46414918E-07  0.47053526E-07  0.46697785E-07 -0.52011253E-08  0.10137587E+01  0.10343859E+01
  0.31000000E+02  0.40807631E-07  0.40426919E-07  0.40810818E-07 -0.57123195E-08  0.99067056E+00  0.10172970E+01
  0.32000000E+02  0.35385629E-07  0.36262954E-07  0.35187199E-07 -0.41990869E-08  0.10247933E+01  0.10480933E+01
  0.33000000E+02  0.32181205E-07  0.31947781E-07  0.31948723E-07 -0.37239027E-08  0.99274659E+00  0.10161775E+01
  0.34000000E+02  0.27792550E-07  0.28505266E-07  0.28017187E-07 -0.38164703E-08  0.10256441E+01  0.10542920E+01
  0.35000000E+02  0.24749834E-07  0.24541219E-07  0.24911431E-07 -0.29460370E-08  0.99157107E+00  0.10171342E+01
  0.36000000E+02  0.21732300E-07  0.22083041E-07  0.22500570E-07 -0.29046430E-08  0.10161391E+01  0.10456629E+01
  0.37000000E+02  0.19051640E-07  0.18774788E-07  0.19483887E-07 -0.23144240E-08  0.98546833E+00  0.10130482E+01
  0.38000000E+02  0.17062721E-07  0.17392869E-07  0.17907752E-07 -0.19268549E-08  0.10193491E+01  0.10456798E+01
  0.39000000E+02  0.15166298E-07  0.15130453E-07  0.15124568E-07 -0.16248271E-08  0.99763656E+00  0.10232738E+01
  0.40000000E+02  0.13771825E-07  0.13756345E-07  0.13974226E-07 -0.14396594E-08  0.99887598E+00  0.10245332E+01
  0.41000000E+02  0.12222401E-07  0.12135211E-07  0.12474280E-07 -0.15465905E-08  0.99286640E+00  0.10246997E+01
  0.42000000E+02  0.10787450E-07  0.10569394E-07  0.10956385E-07 -0.11461622E-08  0.97978616E+00  0.10071676E+01
  0.43000000E+02  0.98503818E-08  0.97830100E-08  0.98897130E-08 -0.11279196E-08  0.99316049E+00  0.10233721E+01
  0.44000000E+02  0.85496215E-08  0.86220115E-08  0.87035437E-08 -0.99161113E-09  0.10084671E+01  0.10397803E+01
  0.45000000E+02  0.78548101E-08  0.78038873E-08  0.80054212E-08 -0.90768282E-09  0.99351698E+00  0.10254244E+01
  0.46000000E+02  0.67222103E-08  0.67485040E-08  0.68809016E-08 -0.90807911E-09  0.10039115E+01  0.10420399E+01
  0.47000000E+02  0.61232868E-08  0.61259753E-08  0.62447585E-08 -0.50524429E-09  0.10004390E+01  0.10242345E+01
  0.48000000E+02  0.55943823E-08  0.54566693E-08  0.56378830E-08 -0.63246269E-09  0.97538370E+00  0.10086806E+01
  0.49000000E+02  0.48951163E-08  0.49172311E-08  0.50618292E-08 -0.56097793E-09  0.10045177E+01  0.10389732E+01
  0.50000000E+02  0.44863984E-08  0.45018713E-08  0.45397059E-08 -0.43404669E-09  0.10034488E+01  0.10331305E+01
  0.51000000E+02  0.39911514E-08  0.39109218E-08  0.40072430E-08 -0.47203508E-09  0.97989815E+00  0.10169086E+01
  0.52000000E+02  0.35712242E-08  0.35903069E-08  0.36452275E-08 -0.36973022E-09  0.10053434E+01  0.10383767E+01
  0.53000000E+02  0.32381440E-08  0.32328173E-08  0.32858405E-08 -0.33083838E-09  0.99835503E+00  0.10315808E+01
  0.54000000E+02  0.28991010E-08  0.28942004E-08  0.29656146E-08 -0.33603823E-09  0.99830961E+00  0.10367156E+01
  0.55000000E+02  0.25842255E-08  0.25426952E-08  0.26484237E-08 -0.26134664E-09  0.98392928E+00  0.10180587E+01
  0.56000000E+02  0.23723346E-08  0.23215958E-08  0.23985709E-08 -0.19974544E-09  0.97861230E+00  0.10075437E+01
  0.57000000E+02  0.21601734E-08  0.21357636E-08  0.21961137E-08 -0.24216731E-09  0.98870009E+00  0.10279087E+01
  0.58000000E+02  0.19036301E-08  0.18951838E-08  0.19434681E-08 -0.21445073E-09  0.99556303E+00  0.10356545E+01
  0.59000000E+02  0.17405981E-08  0.17031367E-08  0.17591413E-08 -0.15030843E-09  0.97847790E+00  0.10097399E+01
  0.60000000E+02  0.15891412E-08  0.15508430E-08  0.16299480E-08 -0.14413486E-09  0.97590011E+00  0.10092918E+01
  0.61000000E+02  0.14479627E-08  0.13996421E-08  0.14319418E-08 -0.14881406E-09  0.96662849E+00  0.10050962E+01
  0.62000000E+02  0.12921657E-08  0.13009170E-08  0.13056166E-08 -0.15370653E-09  0.10067726E+01  0.10520254E+01
  0.63000000E+02  0.11505630E-08  0.11286411E-08  0.11649306E-08 -0.11824815E-09  0.98094678E+00  0.10206755E+01
  0.64000000E+02  0.10544216E-08  0.10452960E-08  0.10708616E-08 -0.87601315E-10  0.99134541E+00  0.10239708E+01
  0.65000000E+02  0.96498765E-09  0.95149644E-09  0.98585506E-09 -0.10125447E-09  0.98601931E+00  0.10278684E+01
  0.66000000E+02  0.85877877E-09  0.85185875E-09  0.86321600E-09 -0.80319855E-10  0.99194205E+00  0.10298182E+01
  0.67000000E+02  0.80047446E-09  0.78376888E-09  0.79957951E-09 -0.79310926E-10  0.97913039E+00  0.10198628E+01
  0.68000000E+02  0.70215428E-09  0.69444883E-09  0.71776107E-09 -0.69144621E-10  0.98902601E+00  0.10301139E+01
  0.69000000E+02  0.66372263E-09  0.64523703E-09  0.66854250E-09 -0.49888083E-10  0.97214860E+00  0.10039715E+01
  0.70000000E+02  0.59449945E-09  0.58196692E-09  0.60247629E-09 -0.66522642E-10  0.97891921E+00  0.10269805E+01
  0.71000000E+02  0.53789279E-09  0.52351451E-09  0.54084776E-09 -0.48541764E-10  0.97326922E+00  0.10125842E+01
  0.72000000E+02  0.49378718E-09  0.48527704E-09  0.50141946E-09 -0.49725640E-10  0.98276556E+00  0.10272546E+01
  0.73000000E+02  0.44052567E-09  0.43130369E-09  0.44901585E-09 -0.40090955E-10  0.97906595E+00  0.10198301E+01
  0.74000000E+02  0.41227030E-09  0.40312784E-09  0.41552553E-09 -0.36211003E-10  0.97782409E+00  0.10177054E+01
  0.75000000E+02  0.36684927E-09  0.35690706E-09  0.36563011E-09 -0.37917461E-10  0.97289836E+00  0.10204639E+01
  0.76000000E+02  0.33890812E-09  0.33069700E-09  0.34080599E-09 -0.27540427E-10  0.97577184E+00  0.10136669E+01
  0.77000000E+02  0.30863775E-09  0.30251326E-09  0.31307604E-09 -0.31933303E-10  0.98015636E+00  0.10290402E+01
  0.78000000E+02  0.27706323E-09  0.27030905E-09  0.28168121E-09 -0.26627820E-10  0.97562224E+00  0.10216194E+01
  0.79000000E+02  0.25528987E-09  0.25195948E-09  0.25966912E-09 -0.22346257E-10  0.98695445E+00  0.10293850E+01
  0.80000000E+02  0.23165887E-09  0.22719665E-09  0.23524868E-09 -0.20969117E-10  0.98073798E+00  0.10251704E+01
  0.81000000E+02  0.21355792E-09  0.21196851E-09  0.21760548E-09 -0.18199582E-10  0.99255747E+00  0.10349131E+01
  0.82000000E+02  0.19483708E-09  0.19149696E-09  0.19648577E-09 -0.17039920E-10  0.98285687E+00  0.10268606E+01
  0.83000000E+02  0.17911049E-09  0.17466095E-09  0.18062737E-09 -0.17526926E-10  0.97515756E+00  0.10249935E+01
  0.84000000E+02  0.16055841E-09  0.15919382E-09  0.16329883E-09 -0.14622586E-10  0.99150097E+00  0.10384418E+01
  0.85000000E+02  0.14965179E-09  0.14754446E-09  0.15047370E-09 -0.12580077E-10  0.98591846E+00  0.10297614E+01
  0.86000000E+02  0.13463848E-09  0.13359680E-09  0.13869923E-09 -0.14086791E-10  0.99226314E+00  0.10474737E+01
  0.87000000E+02  0.12271191E-09  0.12114107E-09  0.12462766E-09 -0.98538998E-11  0.98719895E+00  0.10300658E+01
  0.88000000E+02  0.11408083E-09  0.11143370E-09  0.11554314E-09 -0.96697364E-11  0.97679603E+00  0.10225644E+01
  0.89000000E+02  0.10343736E-09  0.10260748E-09  0.10437767E-09 -0.87051416E-11  0.99197698E+00  0.10379357E+01
  0.90000000E+02  0.96478894E-10  0.93988498E-10  0.96638884E-10 -0.85329591E-11  0.97418714E+00  0.10230287E+01
  0.91000000E+02  0.86358122E-10  0.85511001E-10  0.87495178E-10 -0.85242750E-11  0.99019063E+00  0.10453063E+01
  0.92000000E+02  0.79842480E-10  0.77482694E-10  0.80788619E-10 -0.67435905E-11  0.97044450E+00  0.10181233E+01
  0.93000000E+02  0.72637327E-10  0.71235622E-10  0.73388712E-10 -0.60121461E-11  0.98070270E+00  0.10279343E+01
  0.94000000E+02  0.67635612E-10  0.65471198E-10  0.67462612E-10 -0.59768080E-11  0.96799892E+00  0.10189674E+01
  0.95000000E+02  0.60848937E-10  0.59555243E-10  0.61140724E-10 -0.51884829E-11  0.97873926E+00  0.10284432E+01
  0.96000000E+02  0.57257064E-10  0.55939059E-10  0.57194815E-10 -0.43371379E-11  0.97698092E+00  0.10216005E+01
  0.97000000E+02  0.51870737E-10  0.50663237E-10  0.52305493E-10 -0.48216730E-11  0.97672099E+00  0.10320467E+01
  0.98000000E+02  0.47855674E-10  0.46855832E-10  0.48385112E-10 -0.41205325E-11  0.97910714E+00  0.10308828E+01
  0.99000000E+02  0.43497907E-10  0.42078663E-10  0.43520521E-10 -0.41462385E-11  0.96737218E+00  0.10252751E+01
  0.10000000E+03  0.39720800E-10  0.39030140E-10  0.40312687E-10 -0.34355103E-11  0.98261213E+00  0.10356826E+01
  0.10100000E+03  0.36546589E-10  0.35922744E-10  0.36876772E-10 -0.31141218E-11  0.98293012E+00  0.10357369E+01
  0.10200000E+03  0.33471247E-10  0.32747340E-10  0.33672912E-10 -0.27968029E-11  0.97837228E+00  0.10306685E+01
  0.10300000E+03  0.30870945E-10  0.30285496E-10  0.31336423E-10 -0.28816611E-11  0.98103559E+00  0.10400299E+01
  0.10400000E+03  0.27877286E-10  0.27215463E-10  0.28053978E-10 -0.21996519E-11  0.97625941E+00  0.10266114E+01
  0.10500000E+03  0.26374840E-10  0.25591371E-10  0.26304587E-10 -0.19084502E-11  0.97029483E+00  0.10169135E+01
  0.10600000E+03  0.23898232E-10  0.23226187E-10  0.23849818E-10 -0.22952957E-11  0.97187883E+00  0.10343471E+01
  0.10700000E+03  0.21939924E-10  0.21375443E-10  0.21973973E-10 -0.19955732E-11  0.97427154E+00  0.10339882E+01
  0.10800000E+03  0.19941514E-10  0.19538338E-10  0.20204099E-10 -0.16034834E-11  0.97978210E+00  0.10330677E+01
  0.10900000E+03  0.18667973E-10  0.18157972E-10  0.18813909E-10 -0.14304078E-11  0.97268039E+00  0.10239275E+01
  0.11000000E+03  0.16964426E-10  0.16521486E-10  0.16958176E-10 -0.17929096E-11  0.97389001E+00  0.10452232E+01
  0.11100000E+03  0.15288118E-10  0.15131623E-10  0.15539329E-10 -0.12450188E-11  0.98976362E+00  0.10452294E+01
  0.11200000E+03  0.14417583E-10  0.14043271E-10  0.14390406E-10 -0.96836861E-12  0.97403777E+00  0.10201957E+01
  0.11300000E+03  0.13233455E-10  0.13026510E-10  0.13298193E-10 -0.11552975E-11  0.98436201E+00  0.10448931E+01
  0.11400000E+03  0.12147547E-10  0.11905889E-10  0.12253851E-10 -0.11448992E-11  0.98010641E+00  0.10460334E+01
  0.11500000E+03  0.10991397E-10  0.10858479E-10  0.11052987E-10 -0.96646833E-12  0.98790711E+00  0.10499529E+01
  0.11600000E+03  0.10219910E-10  0.10115769E-10  0.10283256E-10 -0.75689915E-12  0.98981005E+00  0.10425243E+01
  0.11700000E+03  0.94099797E-11  0.92820257E-11  0.94676159E-11 -0.83156209E-12  0.98640227E+00  0.10498435E+01
  0.11800000E+03  0.85789986E-11  0.84220955E-11  0.85867546E-11 -0.80303282E-12  0.98171079E+00  0.10494841E+01
  0.11900000E+03  0.78428548E-11  0.77640802E-11  0.79229756E-11 -0.61757863E-12  0.98995584E+00  0.10474528E+01
  0.12000000E+03  0.73193040E-11  0.71942751E-11  0.73672630E-11 -0.53204083E-12  0.98291790E+00  0.10364404E+01
  0.12100000E+03  0.67433654E-11  0.66770422E-11  0.67697250E-11 -0.58305070E-12  0.99016464E+00  0.10543587E+01
  0.12200000E+03  0.61675721E-11  0.60831934E-11  0.62213104E-11 -0.56835043E-12  0.98631901E+00  0.10553019E+01
  0.12300000E+03  0.56256063E-11  0.55670828E-11  0.57140061E-11 -0.48939650E-12  0.98959696E+00  0.10552533E+01
  0.12400000E+03  0.51974354E-11  0.51000393E-11  0.52227693E-11 -0.36243445E-12  0.98126078E+00  0.10343176E+01
  0.12500000E+03  0.48550296E-11  0.47993601E-11  0.49048378E-11 -0.42961826E-12  0.98853368E+00  0.10564041E+01
  0.12600000E+03  0.43521718E-11  0.42904690E-11  0.44191391E-11 -0.43536854E-12  0.98582250E+00  0.10631621E+01
  0.12700000E+03  0.40189171E-11  0.40034660E-11  0.40853414E-11 -0.29785289E-12  0.99615538E+00  0.10539087E+01
  0.12800000E+03  0.37329584E-11  0.36615056E-11  0.37565537E-11 -0.26125800E-12  0.98085892E+00  0.10358266E+01
  0.12900000E+03  0.34755560E-11  0.34002434E-11  0.34766144E-11 -0.29965844E-12  0.97833079E+00  0.10465759E+01
  0.13000000E+03  0.31403790E-11  0.31061952E-11  0.31915679E-11 -0.31260498E-12  0.98911476E+00  0.10685178E+01
  0.13100000E+03  0.28741831E-11  0.28467638E-11  0.29116319E-11 -0.22308608E-12  0.99046016E+00  0.10528493E+01
  0.13200000E+03  0.26732345E-11  0.26621030E-11  0.27130730E-11 -0.22987322E-12  0.99583596E+00  0.10654835E+01
  0.13300000E+03  0.24154316E-11  0.23942213E-11  0.24483067E-11 -0.22679519E-12  0.99121886E+00  0.10678439E+01
  0.13400000E+03  0.22288464E-11  0.22058939E-11  0.22527446E-11 -0.18432092E-12  0.98970205E+00  0.10576973E+01
  0.13500000E+03  0.20406220E-11  0.20178878E-11  0.20615560E-11 -0.17148927E-12  0.98885918E+00  0.10584718E+01
  0.13600000E+03  0.18866089E-11  0.18745513E-11  0.19198748E-11 -0.14867823E-12  0.99360883E+00  0.10593722E+01
  0.13700000E+03  0.17354024E-11  0.17277152E-11  0.17662859E-11 -0.16111663E-12  0.99557036E+00  0.10736146E+01
  0.13800000E+03  0.15712281E-11  0.15522706E-11  0.15943177E-11 -0.14290255E-12  0.98793459E+00  0.10649469E+01
  0.13900000E+03  0.14509748E-11  0.14358199E-11  0.14730769E-11 -0.11934300E-12  0.98955536E+00  0.10597061E+01
  0.14000000E+03  0.13260184E-11  0.13153468E-11  0.13551331E-11 -0.12556141E-12  0.99195218E+00  0.10732940E+01
  0.14100000E+03  0.12058408E-11  0.12099679E-11  0.12338331E-11 -0.10233185E-12  0.10034226E+01  0.10768436E+01
  0.14200000E+03  0.11168928E-11  0.11121902E-11  0.11441979E-11 -0.10013936E-12  0.99578953E+00  0.10739094E+01
  0.14300000E+03  0.10059519E-11  0.10031866E-11  0.10339228E-11 -0.96305647E-13  0.99725097E+00  0.10812532E+01
  0.14400000E+03  0.92858013E-12  0.92468947E-12  0.95177739E-12 -0.72657971E-13  0.99581009E+00  0.10649464E+01
  0.14500000E+03  0.85500687E-12  0.84579083E-12  0.87336849E-12 -0.73671456E-13  0.98922110E+00  0.10658827E+01
  0.14600000E+03  0.78122795E-12  0.77610330E-12  0.80186004E-12 -0.72742342E-13  0.99344027E+00  0.10768549E+01
  0.14700000E+03  0.71119206E-12  0.70932729E-12  0.73190325E-12 -0.65352902E-13  0.99737793E+00  0.10802628E+01
  0.14800000E+03  0.65096995E-12  0.64817173E-12  0.66800851E-12 -0.56153866E-13  0.99570149E+00  0.10740373E+01
  0.14900000E+03  0.59717769E-12  0.59078437E-12  0.61266953E-12 -0.54041939E-13  0.98929411E+00  0.10720298E+01
  0.15000000E+03  0.54295929E-12  0.54011851E-12  0.55449341E-12 -0.51033271E-13  0.99476796E+00  0.10812762E+01
  0.15100000E+03  0.49561006E-12  0.48907888E-12  0.50654646E-12 -0.45951161E-13  0.98682195E+00  0.10727259E+01
  0.15200000E+03  0.45082829E-12  0.44687485E-12  0.46204929E-12 -0.42273968E-13  0.99123073E+00  0.10786859E+01
  0.15300000E+03  0.41154368E-12  0.40884608E-12  0.41861509E-12 -0.35616312E-13  0.99344516E+00  0.10746917E+01
  0.15400000E+03  0.37771579E-12  0.37450541E-12  0.38679991E-12 -0.37166406E-13  0.99150056E+00  0.10844798E+01
  0.15500000E+03  0.33810593E-12  0.33766411E-12  0.34732484E-12 -0.34923538E-13  0.99869329E+00  0.10969307E+01
  0.15600000E+03  0.30932310E-12  0.30699193E-12  0.31877224E-12 -0.26405281E-13  0.99246365E+00  0.10741751E+01
  0.15700000E+03  0.28348463E-12  0.28217373E-12  0.29156265E-12 -0.25601457E-13  0.99537575E+00  0.10823748E+01
  0.15800000E+03  0.25760877E-12  0.25522011E-12  0.26405272E-12 -0.26594287E-13  0.99072754E+00  0.10908116E+01
  0.15900000E+03  0.23160887E-12  0.23023884E-12  0.23720988E-12 -0.22043165E-13  0.99408478E+00  0.10869378E+01
  0.16000000E+03  0.21344839E-12  0.21324157E-12  0.21984414E-12 -0.17752848E-13  0.99903107E+00  0.10806845E+01
  0.16100000E+03  0.19471957E-12  0.19321967E-12  0.20014361E-12 -0.19313637E-13  0.99229711E+00  0.10902823E+01
  0.16200000E+03  0.17552854E-12  0.17372068E-12  0.18083460E-12 -0.17287180E-13  0.98970050E+00  0.10875980E+01
  0.16300000E+03  0.16001369E-12  0.15831624E-12  0.16442198E-12 -0.16347419E-13  0.98939192E+00  0.10915704E+01
  0.16400000E+03  0.14324747E-12  0.14293311E-12  0.14726057E-12 -0.13560930E-13  0.99780542E+00  0.10930688E+01
  0.16500000E+03  0.13264007E-12  0.13204268E-12  0.13658725E-12 -0.11762331E-13  0.99549609E+00  0.10852767E+01
  0.16600000E+03  0.11927079E-12  0.11788813E-12  0.12260085E-12 -0.11912488E-13  0.98840743E+00  0.10901392E+01
  0.16700000E+03  0.10934816E-12  0.10931469E-12  0.11259627E-12 -0.94148796E-14  0.99969393E+00  0.10879205E+01
  0.16800000E+03  0.99862034E-13  0.98110823E-13  0.10189146E-12 -0.96534033E-14  0.98246372E+00  0.10821118E+01
  0.16900000E+03  0.90348593E-13  0.90009475E-13  0.92947033E-13 -0.82830539E-14  0.99624658E+00  0.10913149E+01
  0.17000000E+03  0.83115108E-13  0.82427331E-13  0.84726544E-13 -0.77782587E-14  0.99172503E+00  0.10893433E+01
  0.17100000E+03  0.74769414E-13  0.74108634E-13  0.76581787E-13 -0.73784142E-14  0.99116242E+00  0.10947040E+01
  0.17200000E+03  0.68567730E-13  0.67989661E-13  0.70308993E-13 -0.59990257E-14  0.99156934E+00  0.10839050E+01
  0.17300000E+03  0.62510537E-13  0.62033962E-13  0.64256956E-13 -0.57670645E-14  0.99237609E+00  0.10903088E+01
  0.17400000E+03  0.57032389E-13  0.57043319E-13  0.58237452E-13 -0.54521800E-14  0.10001917E+01  0.11022568E+01
  0.17500000E+03  0.51691449E-13  0.51041003E-13  0.52671622E-13 -0.48025870E-14  0.98741674E+00  0.10871809E+01
  0.17600000E+03  0.47441191E-13  0.47166115E-13  0.48739706E-13 -0.40558678E-14  0.99420178E+00  0.10865271E+01
  0.17700000E+03  0.43411990E-13  0.42702658E-13  0.43947268E-13 -0.40219792E-14  0.98366046E+00  0.10842803E+01
  0.17800000E+03  0.39467141E-13  0.39088731E-13  0.39879880E-13 -0.36208918E-14  0.99041200E+00  0.10906148E+01
  0.17900000E+03  0.36162805E-13  0.35802151E-13  0.36671726E-13 -0.32649986E-14  0.99002695E+00  0.10891908E+01
  0.18000000E+03  0.32898397E-13  0.32517558E-13  0.33341104E-13 -0.30711494E-14  0.98842376E+00  0.10915285E+01
  0.18100000E+03  0.30042036E-13  0.29885657E-13  0.30443625E-13 -0.27573531E-14  0.99479467E+00  0.10967293E+01
  0.18200000E+03  0.27354783E-13  0.27025122E-13  0.27697013E-13 -0.25877600E-14  0.98794866E+00  0.10935919E+01
  0.18300000E+03  0.24902135E-13  0.24619094E-13  0.25141083E-13 -0.22407026E-14  0.98863387E+00  0.10896704E+01
  0.18400000E+03  0.22832303E-13  0.22483771E-13  0.22930539E-13 -0.20777777E-14  0.98473513E+00  0.10874768E+01
  0.18500000E+03  0.20750623E-13  0.20499512E-13  0.20921719E-13 -0.18753646E-14  0.98789859E+00  0.10904889E+01
  0.18600000E+03  0.19076021E-13  0.18848679E-13  0.19323105E-13 -0.16753672E-14  0.98808229E+00  0.10883163E+01
  0.18700000E+03  0.17356244E-13  0.17067470E-13  0.17471532E-13 -0.16688054E-14  0.98336196E+00  0.10936863E+01
  0.18800000E+03  0.15781676E-13  0.15465654E-13  0.15711851E-13 -0.14590336E-14  0.97997546E+00  0.10866227E+01
  0.18900000E+03  0.14421530E-13  0.14177513E-13  0.14425127E-13 -0.13372841E-14  0.98307961E+00  0.10906157E+01
  0.19000000E+03  0.13106717E-13  0.12859854E-13  0.13054318E-13 -0.12012134E-14  0.98116517E+00  0.10880115E+01
  0.19100000E+03  0.12003982E-13  0.11858390E-13  0.11997081E-13 -0.11249928E-14  0.98787135E+00  0.10977056E+01
  0.19200000E+03  0.10855854E-13  0.10712402E-13  0.10859922E-13 -0.10535520E-14  0.98678577E+00  0.11011192E+01
  0.19300000E+03  0.99145427E-14  0.96927615E-14  0.98447345E-14 -0.89328253E-15  0.97763073E+00  0.10843281E+01
  0.19400000E+03  0.90338258E-14  0.88512648E-14  0.89798901E-14 -0.89800898E-15  0.97979140E+00  0.10981202E+01
  0.19500000E+03  0.81471517E-14  0.79898492E-14  0.80903369E-14 -0.76143196E-15  0.98069233E+00  0.10925176E+01
  0.19600000E+03  0.74928306E-14  0.73459280E-14  0.74391160E-14 -0.71007624E-15  0.98039424E+00  0.10943655E+01
  0.19700000E+03  0.67237636E-14  0.65957587E-14  0.66805137E-14 -0.66875575E-15  0.98096234E+00  0.11011891E+01
  0.19800000E+03  0.61676365E-14  0.60227426E-14  0.61095898E-14 -0.56654752E-15  0.97650737E+00  0.10881070E+01
  0.19900000E+03  0.55706693E-14  0.54375094E-14  0.54858377E-14 -0.55748326E-15  0.97609621E+00  0.10982924E+01
  0.20000000E+03  0.50666457E-14  0.49236475E-14  0.49682358E-14 -0.47704896E-15  0.97177655E+00  0.10873219E+01
  0.20100000E+03  0.46056358E-14  0.44961034E-14  0.45573977E-14 -0.44388976E-15  0.97621775E+00  0.10950849E+01
  0.20200000E+03  0.41719570E-14  0.40926002E-14  0.41234640E-14 -0.44083324E-15  0.98097849E+00  0.11119467E+01
  0.20300000E+03  0.37398351E-14  0.36234282E-14  0.36641180E-14 -0.36905699E-15  0.96887380E+00  0.10917922E+01
  0.20400000E+03  0.34302393E-14  0.33148738E-14  0.33434519E-14 -0.30923286E-15  0.96636808E+00  0.10792103E+01
  0.20500000E+03  0.31005770E-14  0.30164057E-14  0.30254014E-14 -0.34087896E-15  0.97285300E+00  0.11111432E+01
  0.20600000E+03  0.27686858E-14  0.26974910E-14  0.27040178E-14 -0.28008261E-15  0.97428572E+00  0.11021531E+01
  0.20700000E+03  0.25379542E-14  0.24606017E-14  0.24688793E-14 -0.23335353E-15  0.96952170E+00  0.10863050E+01
  0.20800000E+03  0.22902481E-14  0.22221238E-14  0.22213058E-14 -0.23457185E-15  0.97025460E+00  0.11009730E+01
  0.20900000E+03  0.20733177E-14  0.19999689E-14  0.20025921E-14 -0.20976132E-15  0.96462250E+00  0.10943661E+01
  0.21000000E+03  0.18664564E-14  0.18087804E-14  0.17906922E-14 -0.20886677E-15  0.96909869E+00  0.11132938E+01
  0.21100000E+03  0.16647559E-14  0.16143121E-14  0.16080864E-14 -0.16663937E-15  0.96969897E+00  0.10992944E+01
  0.21200000E+03  0.15281552E-14  0.14783306E-14  0.14683895E-14 -0.14608596E-15  0.96739560E+00  0.10917487E+01
  0.21300000E+03  0.13665805E-14  0.13133187E-14  0.13077227E-14 -0.14903403E-15  0.96102548E+00  0.11035566E+01
  0.21400000E+03  0.12340849E-14  0.11910809E-14  0.11708474E-14 -0.13329261E-15  0.96515316E+00  0.11069788E+01
  0.21500000E+03  0.11006018E-14  0.10635469E-14  0.10464056E-14 -0.11769650E-15  0.96633214E+00  0.11074077E+01
  0.21600000E+03  0.99983706E-15  0.96621535E-15  0.94498024E-15 -0.95318576E-16  0.00000000E+00  0.00000000E+00
  0.21700000E+03  0.90495602E-15  0.87126667E-15  0.85623739E-15 -0.93702047E-16  0.00000000E+00  0.00000000E+00
  0.21800000E+03  0.81274188E-15  0.78380019E-15  0.75935456E-15 -0.89264971E-16  0.00000000E+00  0.00000000E+00
  0.21900000E+03  0.72826511E-15  0.70090769E-15  0.68399165E-15 -0.77430107E-16  0.00000000E+00  0.00000000E+00
  0.22000000E+03  0.65748963E-15  0.63342701E-15  0.61196579E-15 -0.67060677E-16  0.00000000E+00  0.00000000E+00
  0.22100000E+03  0.59209916E-15  0.57002316E-15  0.55013519E-15 -0.65560019E-16  0.00000000E+00  0.00000000E+00
  0.22200000E+03  0.52814220E-15  0.50766729E-15  0.49035563E-15 -0.55486534E-16  0.00000000E+00  0.00000000E+00
  0.22300000E+03  0.48020590E-15  0.46205843E-15  0.44484228E-15 -0.49645302E-16  0.00000000E+00  0.00000000E+00
  0.22400000E+03  0.42818204E-15  0.41068848E-15  0.39182161E-15 -0.46255040E-16  0.00000000E+00  0.00000000E+00
  0.22500000E+03  0.38816158E-15  0.37307751E-15  0.35679834E-15 -0.40302069E-16  0.00000000E+00  0.00000000E+00
  0.22600000E+03  0.34684821E-15  0.33425005E-15  0.31612789E-15 -0.37711273E-16  0.00000000E+00  0.00000000E+00
  0.22700000E+03  0.31316004E-15  0.30099498E-15  0.28521360E-15 -0.32780384E-16  0.00000000E+00  0.00000000E+00
  0.22800000E+03  0.28070502E-15  0.26968923E-15  0.25450860E-15 -0.30667050E-16  0.00000000E+00  0.00000000E+00
  0.22900000E+03  0.25238069E-15  0.24295626E-15  0.22839944E-15 -0.25448920E-16  0.00000000E+00  0.00000000E+00
  0.23000000E+03  0.22861803E-15  0.21957392E-15  0.20484403E-15 -0.25710203E-16  0.00000000E+00  0.00000000E+00
  0.23100000E+03  0.20185114E-15  0.19412312E-15  0.18177080E-15 -0.21837204E-16  0.00000000E+00  0.00000000E+00
  0.23200000E+03  0.18499104E-15  0.17892383E-15  0.16511753E-15 -0.17643253E-16  0.00000000E+00  0.00000000E+00
  0.23300000E+03  0.16541123E-15  0.15846995E-15  0.14711342E-15 -0.18367097E-16  0.00000000E+00  0.00000000E+00
  0.23400000E+03  0.14881775E-15  0.14355009E-15  0.13146608E-15 -0.16230943E-16  0.00000000E+00  0.00000000E+00
  0.23500000E+03  0.13286996E-15  0.12831357E-15  0.11742267E-15 -0.14793114E-16  0.00000000E+00  0.00000000E+00
  0.23600000E+03  0.11943215E-15  0.11570360E-15  0.10508366E-15 -0.12387748E-16  0.00000000E+00  0.00000000E+00
  0.23700000E+03  0.10784381E-15  0.10506461E-15  0.94657891E-16 -0.10970429E-16  0.00000000E+00  0.00000000E+00
  0.23800000E+03  0.97261577E-16  0.94401061E-16  0.84902374E-16 -0.10443932E-16  0.00000000E+00  0.00000000E+00
  0.23900000E+03  0.87150518E-16  0.84864833E-16  0.76125736E-16 -0.89787784E-17  0.00000000E+00  0.00000000E+00
  0.24000000E+03  0.79213006E-16  0.76886220E-16  0.68507800E-16 -0.78717320E-17  0.00000000E+00  0.00000000E+00
  0.24100000E+03  0.71200557E-16  0.69337885E-16  0.61709844E-16 -0.76030662E-17  0.00000000E+00  0.00000000E+00
  0.24200000E+03  0.64122677E-16  0.62764678E-16  0.55203324E-16 -0.67934892E-17  0.00000000E+00  0.00000000E+00
  0.24300000E+03  0.57664686E-16  0.56370552E-16  0.49532197E-16 -0.58047519E-17  0.00000000E+00  0.00000000E+00
  0.24400000E+03  0.52447919E-16  0.51516723E-16  0.45059956E-16 -0.50225960E-17  0.00000000E+00  0.00000000E+00
  0.24500000E+03  0.47459517E-16  0.46512667E-16  0.40538047E-16 -0.48678955E-17  0.00000000E+00  0.00000000E+00
  0.24600000E+03  0.42752489E-16  0.42166402E-16  0.36498186E-16 -0.45255659E-17  0.00000000E+00  0.00000000E+00
  0.24700000E+03  0.38515988E-16  0.38134257E-16  0.32910221E-16 -0.37553714E-17  0.00000000E+00  0.00000000E+00
  0.24800000E+03  0.35206461E-16  0.34967204E-16  0.30015337E-16 -0.31053566E-17  0.00000000E+00  0.00000000E+00
  0.24900000E+03  0.32155750E-16  0.31985949E-16  0.27490223E-16 -0.30538067E-17  0.00000000E+00  0.00000000E+00
  0.25000000E+03  0.29134863E-16  0.29077139E-16  0.24883006E-16 -0.28146187E-17  0.00000000E+00  0.00000000E+00
  0.25100000E+03  0.26588885E-16  0.26556528E-16  0.22676750E-16 -0.23163322E-17  0.00000000E+00  0.00000000E+00
  0.25200000E+03  0.24446969E-16  0.24658008E-16  0.20950663E-16 -0.20584565E-17  0.00000000E+00  0.00000000E+00
  0.25300000E+03  0.22448587E-16  0.22556426E-16  0.19252134E-16 -0.18562667E-17  0.00000000E+00  0.00000000E+00
  0.25400000E+03  0.20713954E-16  0.21063847E-16  0.17846946E-16 -0.17117954E-17  0.00000000E+00  0.00000000E+00
  0.25500000E+03  0.18999973E-16  0.19225156E-16  0.16398258E-16 -0.16571712E-17  0.00000000E+00  0.00000000E+00
  0.25600000E+03  0.17399612E-16  0.17675755E-16  0.14988468E-16 -0.16003612E-17  0.00000000E+00  0.00000000E+00
