 # Isotropy Coefficients: Standard IC = E₂₂/E₁₁ (should be 4/3 for isotropy)
 # Derivative-based IC = [2E₂₂ - k dE₁₁/dk] / [2E₁₁] (alternative definition)
 # Columns: k, E11(k), E22(k), E33(k), dE11/dk, IC_standard, IC_derivative
  0.10000000E+01  0.35042501E-05  0.16979050E-05  0.43986306E-05  0.22346620E-04  0.48452732E+00  0.44539854E+00
  0.20000000E+01  0.25850870E-04  0.27163285E-04  0.24756499E-04 -0.38310543E-06  0.10507687E+01  0.10509506E+01
  0.30000000E+01  0.27380393E-05  0.38678731E-05  0.25050961E-05 -0.14853889E-04  0.14126434E+01  0.15125057E+01
  0.40000000E+01  0.34687919E-05  0.30656231E-05  0.34034329E-05  0.19596637E-05  0.88377255E+00  0.86990678E+00
  0.50000000E+01  0.26942939E-05  0.33688755E-05  0.28317122E-05 -0.91387500E-06  0.12503742E+01  0.12607803E+01
  0.60000000E+01  0.19849435E-05  0.21398307E-05  0.21307392E-05 -0.41542208E-06  0.10780311E+01  0.10857360E+01
  0.70000000E+01  0.18337523E-05  0.20409568E-05  0.20333914E-05 -0.17973802E-06  0.11129948E+01  0.11172048E+01
  0.80000000E+01  0.15695246E-05  0.15010766E-05  0.14838940E-05 -0.13150850E-06  0.95638937E+00  0.96050227E+00
  0.90000000E+01  0.15277980E-05  0.15440787E-05  0.15703990E-05 -0.22970380E-06  0.10106564E+01  0.10189592E+01
  0.10000000E+02  0.11154110E-05  0.12235054E-05  0.11498910E-05 -0.32369257E-06  0.10969099E+01  0.11147164E+01
  0.11000000E+02  0.95729001E-06  0.99961551E-06  0.97890359E-06 -0.85334811E-07  0.10442139E+01  0.10502305E+01
  0.12000000E+02  0.88977185E-06  0.91157091E-06  0.91589033E-06 -0.10265816E-06  0.10244997E+01  0.10329949E+01
  0.13000000E+02  0.74670226E-06  0.80497716E-06  0.75875062E-06 -0.11460600E-06  0.10780430E+01  0.10902859E+01
  0.14000000E+02  0.66260708E-06  0.62627225E-06  0.64264560E-06 -0.11851390E-06  0.94516385E+00  0.96052849E+00
  0.15000000E+02  0.51524358E-06  0.52805825E-06  0.53024786E-06 -0.10678303E-06  0.10248711E+01  0.10439459E+01
  0.16000000E+02  0.46026935E-06  0.52072687E-06  0.51036960E-06 -0.43795207E-07  0.11313525E+01  0.11406939E+01
  0.17000000E+02  0.40939688E-06  0.41694526E-06  0.41650119E-06 -0.59989965E-07  0.10184379E+01  0.10337228E+01
  0.18000000E+02  0.34137580E-06  0.36000370E-06  0.35263710E-06 -0.67009275E-07  0.10545671E+01  0.10762470E+01
  0.19000000E+02  0.28397469E-06  0.29165597E-06  0.30441285E-06 -0.38106492E-07  0.10270492E+01  0.10426933E+01
  0.20000000E+02  0.26100312E-06  0.26664966E-06  0.26752718E-06 -0.27367461E-07  0.10216340E+01  0.10345016E+01
  0.21000000E+02  0.22369339E-06  0.23311364E-06  0.23283194E-06 -0.39338094E-07  0.10421124E+01  0.10647722E+01
  0.22000000E+02  0.18753502E-06  0.19009298E-06  0.19270604E-06 -0.27227896E-07  0.10136399E+01  0.10332389E+01
  0.23000000E+02  0.16828693E-06  0.17349862E-06  0.17859945E-06 -0.20973593E-07  0.10309690E+01  0.10485576E+01
  0.24000000E+02  0.14448614E-06  0.15233695E-06  0.15283160E-06 -0.19052388E-07  0.10543361E+01  0.10737545E+01
  0.25000000E+02  0.13098546E-06  0.13539007E-06  0.13752950E-06 -0.12232647E-07  0.10336267E+01  0.10479524E+01
  0.26000000E+02  0.11775187E-06  0.11828860E-06  0.12144400E-06 -0.15468757E-07  0.10045582E+01  0.10255158E+01
  0.27000000E+02  0.10120451E-06  0.10210511E-06  0.10807540E-06 -0.12708632E-07  0.10088989E+01  0.10297025E+01
  0.28000000E+02  0.91863662E-07  0.91666898E-07  0.93646285E-07 -0.12618553E-07  0.99785811E+00  0.10214577E+01
  0.29000000E+02  0.76383387E-07  0.79172814E-07  0.82215507E-07 -0.10980432E-07  0.10365188E+01  0.10620986E+01
  0.30000000E+02  0.70605516E-07  0.69719356E-07  0.73357903E-07 -0.58727845E-08  0.98744911E+00  0.10027603E+01
  0.31000000E+02  0.62904512E-07  0.60711436E-07  0.63320606E-07 -0.85113250E-08  0.96513641E+00  0.99087340E+00
  0.32000000E+02  0.54506074E-07  0.54792480E-07  0.55098123E-07 -0.66299211E-08  0.10052545E+01  0.10291378E+01
  0.33000000E+02  0.49723763E-07  0.50437283E-07  0.51149783E-07 -0.44006829E-08  0.10143497E+01  0.10322702E+01
  0.34000000E+02  0.44718590E-07  0.43982123E-07  0.44980947E-07 -0.65273675E-08  0.98353106E+00  0.10139825E+01
  0.35000000E+02  0.37412835E-07  0.38996227E-07  0.39847571E-07 -0.53562572E-08  0.10423222E+01  0.10730681E+01
  0.36000000E+02  0.34347064E-07  0.35401111E-07  0.35976388E-07 -0.28205609E-08  0.10306882E+01  0.10488278E+01
  0.37000000E+02  0.31026648E-07  0.31405357E-07  0.31358496E-07 -0.34814553E-08  0.10122060E+01  0.10376806E+01
  0.38000000E+02  0.27475823E-07  0.28113865E-07  0.29042610E-07 -0.35018710E-08  0.10232220E+01  0.10529395E+01
  0.39000000E+02  0.24220366E-07  0.24736494E-07  0.24825669E-07 -0.28020226E-08  0.10213096E+01  0.10489941E+01
  0.40000000E+02  0.21919265E-07  0.22298861E-07  0.22836613E-07 -0.18642543E-08  0.10173180E+01  0.10381926E+01
  0.41000000E+02  0.20198460E-07  0.20111701E-07  0.20730043E-07 -0.21528690E-08  0.99570465E+00  0.10225188E+01
  0.42000000E+02  0.17671619E-07  0.17663519E-07  0.17760120E-07 -0.20867497E-08  0.99954164E+00  0.10299731E+01
  0.43000000E+02  0.16073630E-07  0.16282009E-07  0.16575465E-07 -0.18812474E-08  0.10129640E+01  0.10438442E+01
  0.44000000E+02  0.13961619E-07  0.14205770E-07  0.14708536E-07 -0.14632341E-08  0.10174873E+01  0.10457824E+01
  0.45000000E+02  0.13093426E-07  0.13110812E-07  0.13466763E-07 -0.12421446E-08  0.10013279E+01  0.10275224E+01
  0.46000000E+02  0.11388797E-07  0.11514405E-07  0.11675592E-07 -0.14318134E-08  0.10110291E+01  0.10465142E+01
  0.47000000E+02  0.10396795E-07  0.10541489E-07  0.10413494E-07 -0.84948470E-09  0.10139171E+01  0.10374804E+01
  0.48000000E+02  0.95703330E-08  0.95747623E-08  0.97265644E-08 -0.80268192E-09  0.10004628E+01  0.10251651E+01
  0.49000000E+02  0.87395238E-08  0.87483940E-08  0.88776080E-08 -0.91664787E-09  0.10010149E+01  0.10325499E+01
  0.50000000E+02  0.77628064E-08  0.79621101E-08  0.79144238E-08 -0.93196284E-09  0.10256742E+01  0.10625066E+01
  0.51000000E+02  0.69363573E-08  0.68554251E-08  0.69744561E-08 -0.70869582E-09  0.98833221E+00  0.10203048E+01
  0.52000000E+02  0.63285555E-08  0.64482069E-08  0.65472903E-08 -0.55797983E-09  0.10189066E+01  0.10470384E+01
  0.53000000E+02  0.57698650E-08  0.58512790E-08  0.58251932E-08 -0.61881050E-09  0.10141102E+01  0.10489879E+01
  0.54000000E+02  0.51266271E-08  0.52427955E-08  0.52423967E-08 -0.51369931E-09  0.10226598E+01  0.10558609E+01
  0.55000000E+02  0.47466555E-08  0.47020925E-08  0.47709650E-08 -0.39696879E-09  0.99061167E+00  0.10188353E+01
  0.56000000E+02  0.43072701E-08  0.43199466E-08  0.43541406E-08 -0.37691752E-09  0.10029430E+01  0.10330116E+01
  0.57000000E+02  0.39786325E-08  0.39896304E-08  0.40058925E-08 -0.40926351E-09  0.10027642E+01  0.10387411E+01
  0.58000000E+02  0.35054537E-08  0.35488772E-08  0.35608398E-08 -0.38149714E-09  0.10123874E+01  0.10511180E+01
  0.59000000E+02  0.32432868E-08  0.32360163E-08  0.32588188E-08 -0.22762918E-09  0.99775833E+00  0.10231665E+01
  0.60000000E+02  0.30024692E-08  0.29943645E-08  0.30109530E-08 -0.28328628E-09  0.99730068E+00  0.10320365E+01
  0.61000000E+02  0.26863058E-08  0.26578546E-08  0.26892097E-08 -0.28231179E-09  0.98940879E+00  0.10287441E+01
  0.62000000E+02  0.24490419E-08  0.24639868E-08  0.24605076E-08 -0.24071339E-09  0.10061023E+01  0.10434941E+01
  0.63000000E+02  0.22036095E-08  0.22041988E-08  0.21978828E-08 -0.21377229E-09  0.10002674E+01  0.10377680E+01
  0.64000000E+02  0.20294593E-08  0.20452731E-08  0.20253981E-08 -0.14111208E-09  0.10077921E+01  0.10350972E+01
  0.65000000E+02  0.18949131E-08  0.18905393E-08  0.18830990E-08 -0.18368650E-09  0.99769181E+00  0.10363535E+01
  0.66000000E+02  0.16728156E-08  0.16816698E-08  0.16675109E-08 -0.17346657E-09  0.10052930E+01  0.10472875E+01
  0.67000000E+02  0.15546978E-08  0.15657853E-08  0.15597141E-08 -0.14031416E-09  0.10071316E+01  0.10442346E+01
  0.68000000E+02  0.13893356E-08  0.13927616E-08  0.13794323E-08 -0.12044470E-09  0.10024658E+01  0.10386376E+01
  0.69000000E+02  0.13108435E-08  0.13118759E-08  0.13014140E-08 -0.10726641E-09  0.10007876E+01  0.10354327E+01
  0.70000000E+02  0.11673179E-08  0.11596626E-08  0.11668690E-08 -0.13033560E-09  0.99344194E+00  0.10413989E+01
  0.71000000E+02  0.10657532E-08  0.10720071E-08  0.10510257E-08 -0.82377022E-10  0.10058682E+01  0.10395416E+01
  0.72000000E+02  0.99264008E-09  0.99212305E-09  0.98500119E-09 -0.82007241E-10  0.99947912E+00  0.10359775E+01
  0.73000000E+02  0.90194513E-09  0.90697527E-09  0.88633600E-09 -0.75284938E-10  0.10055770E+01  0.10429648E+01
  0.74000000E+02  0.84094054E-09  0.83660184E-09  0.83414525E-09 -0.72878897E-10  0.99484068E+00  0.10341909E+01
  0.75000000E+02  0.75557610E-09  0.75645762E-09  0.75001633E-09 -0.74015391E-10  0.10011667E+01  0.10462468E+01
  0.76000000E+02  0.69623485E-09  0.69395334E-09  0.69064343E-09 -0.60062892E-10  0.99672306E+00  0.10369525E+01
  0.77000000E+02  0.63248434E-09  0.64339567E-09  0.63447331E-09 -0.61228092E-10  0.10172515E+01  0.10629890E+01
  0.78000000E+02  0.57696103E-09  0.57668853E-09  0.57034616E-09 -0.46765314E-10  0.99952769E+00  0.10383205E+01
  0.79000000E+02  0.53612265E-09  0.53722254E-09  0.52908256E-09 -0.45348312E-10  0.10020516E+01  0.10430534E+01
  0.80000000E+02  0.48652482E-09  0.49010157E-09  0.48198007E-09 -0.41856490E-10  0.10073516E+01  0.10495822E+01
  0.81000000E+02  0.45317444E-09  0.45450380E-09  0.44771978E-09 -0.34122784E-10  0.10029334E+01  0.10403569E+01
  0.82000000E+02  0.41565318E-09  0.41434700E-09  0.40525952E-09 -0.38061443E-10  0.99685752E+00  0.10429307E+01
  0.83000000E+02  0.37862299E-09  0.37835987E-09  0.37196835E-09 -0.35153932E-10  0.99930507E+00  0.10465902E+01
  0.84000000E+02  0.34685063E-09  0.34627182E-09  0.34497596E-09 -0.25902067E-10  0.99833125E+00  0.10368215E+01
  0.85000000E+02  0.32460121E-09  0.32436234E-09  0.32016398E-09 -0.25798245E-10  0.99926412E+00  0.10407155E+01
  0.86000000E+02  0.29430366E-09  0.29853447E-09  0.29423347E-09 -0.29729656E-10  0.10143757E+01  0.10676813E+01
  0.87000000E+02  0.26782615E-09  0.27009742E-09  0.26711003E-09 -0.22081599E-10  0.10084804E+01  0.10524930E+01
  0.88000000E+02  0.24940602E-09  0.25047225E-09  0.24715632E-09 -0.18171300E-10  0.10042751E+01  0.10436157E+01
  0.89000000E+02  0.23039931E-09  0.23309768E-09  0.22748994E-09 -0.18247482E-10  0.10117117E+01  0.10549623E+01
  0.90000000E+02  0.21294455E-09  0.21407574E-09  0.21014744E-09 -0.17755688E-10  0.10053122E+01  0.10513583E+01
  0.91000000E+02  0.19510414E-09  0.19469822E-09  0.19249237E-09 -0.16571388E-10  0.99791944E+00  0.10453451E+01
  0.92000000E+02  0.18011295E-09  0.17927491E-09  0.17794204E-09 -0.13863420E-10  0.99534714E+00  0.10387975E+01
  0.93000000E+02  0.16660316E-09  0.16620468E-09  0.16327364E-09 -0.14522532E-10  0.99760818E+00  0.10473500E+01
  0.94000000E+02  0.15129771E-09  0.15351959E-09  0.15013249E-09 -0.14326908E-10  0.10146855E+01  0.10693024E+01
  0.95000000E+02  0.13885254E-09  0.13977045E-09  0.13802975E-09 -0.10325316E-10  0.10066106E+01  0.10499570E+01
  0.96000000E+02  0.13003087E-09  0.13106570E-09  0.12823945E-09 -0.90319731E-11  0.10079583E+01  0.10488738E+01
  0.97000000E+02  0.12037224E-09  0.12001412E-09  0.11881034E-09 -0.89022635E-11  0.99702495E+00  0.10410424E+01
  0.98000000E+02  0.11183898E-09  0.11238029E-09  0.10993791E-09 -0.10486857E-10  0.10048401E+01  0.10612243E+01
  0.99000000E+02  0.10014454E-09  0.10108123E-09  0.99021590E-10 -0.90419451E-11  0.10093534E+01  0.10641999E+01
  0.10000000E+03  0.94051565E-10  0.94792112E-10  0.92622660E-10 -0.64140221E-11  0.10078739E+01  0.10497189E+01
  0.10100000E+03  0.86576239E-10  0.87406138E-10  0.85560947E-10 -0.70437653E-11  0.10095857E+01  0.10600064E+01
  0.10200000E+03  0.80260840E-10  0.80272428E-10  0.79552608E-10 -0.59348897E-11  0.10001444E+01  0.10464239E+01
  0.10300000E+03  0.74343934E-10  0.74457780E-10  0.73019236E-10 -0.66866612E-11  0.10015314E+01  0.10583749E+01
  0.10400000E+03  0.67411798E-10  0.67228743E-10  0.66440221E-10 -0.50520712E-11  0.99728453E+00  0.10451086E+01
  0.10500000E+03  0.64023821E-10  0.64189647E-10  0.63191452E-10 -0.43801178E-11  0.10025901E+01  0.10466672E+01
  0.10600000E+03  0.58324783E-10  0.58263699E-10  0.57257914E-10 -0.50602370E-11  0.99895269E+00  0.10553818E+01
  0.10700000E+03  0.54209224E-10  0.54077090E-10  0.53059449E-10 -0.43453682E-11  0.99756253E+00  0.10501906E+01
  0.10800000E+03  0.49617858E-10  0.49928346E-10  0.48584373E-10 -0.38376346E-11  0.10062575E+01  0.10575117E+01
  0.10900000E+03  0.46512863E-10  0.46843054E-10  0.45756083E-10 -0.32929074E-11  0.10070989E+01  0.10544481E+01
  0.11000000E+03  0.42805499E-10  0.42538497E-10  0.41834057E-10 -0.37525291E-11  0.99376243E+00  0.10529319E+01
  0.11100000E+03  0.39225227E-10  0.38680319E-10  0.38327973E-10 -0.32562969E-11  0.98610824E+00  0.10426489E+01
  0.11200000E+03  0.36347130E-10  0.36474088E-10  0.35750760E-10 -0.25948742E-11  0.10034930E+01  0.10525547E+01
  0.11300000E+03  0.33921480E-10  0.33665341E-10  0.33032712E-10 -0.23376793E-11  0.99244905E+00  0.10402316E+01
  0.11400000E+03  0.31514014E-10  0.31179451E-10  0.30789038E-10 -0.27523333E-11  0.98938370E+00  0.10504754E+01
  0.11500000E+03  0.28612449E-10  0.28562895E-10  0.28050933E-10 -0.23168258E-11  0.99826807E+00  0.10554049E+01
  0.11600000E+03  0.26902879E-10  0.26625521E-10  0.26115776E-10 -0.17708277E-11  0.98969042E+00  0.10365410E+01
  0.11700000E+03  0.24834315E-10  0.24700082E-10  0.24279845E-10 -0.22787811E-11  0.99459487E+00  0.10604692E+01
  0.11800000E+03  0.22538877E-10  0.22518086E-10  0.22169822E-10 -0.19168072E-11  0.99907756E+00  0.10606531E+01
  0.11900000E+03  0.21045797E-10  0.20830717E-10  0.20542656E-10 -0.14137696E-11  0.98978043E+00  0.10388305E+01
  0.12000000E+03  0.19596427E-10  0.19548399E-10  0.19370694E-10 -0.13852782E-11  0.99754918E+00  0.10495992E+01
  0.12100000E+03  0.18259944E-10  0.17959034E-10  0.17689787E-10 -0.13615423E-11  0.98352075E+00  0.10388808E+01
  0.12200000E+03  0.16875387E-10  0.16618477E-10  0.16251517E-10 -0.13278518E-11  0.98477608E+00  0.10436789E+01
  0.12300000E+03  0.15615984E-10  0.15274101E-10  0.15097796E-10 -0.12655407E-11  0.97810686E+00  0.10392703E+01
  0.12400000E+03  0.14378969E-10  0.14084818E-10  0.13919219E-10 -0.10492229E-11  0.97954291E+00  0.10350620E+01
  0.12500000E+03  0.13475094E-10  0.13228283E-10  0.12997443E-10 -0.10060624E-11  0.98168391E+00  0.10389481E+01
  0.12600000E+03  0.12338944E-10  0.12048655E-10  0.11867147E-10 -0.10900292E-11  0.97647369E+00  0.10447721E+01
  0.12700000E+03  0.11368532E-10  0.11107212E-10  0.10979428E-10 -0.85358933E-12  0.97701371E+00  0.10355234E+01
  0.12800000E+03  0.10606823E-10  0.10371559E-10  0.10164218E-10 -0.72405320E-12  0.97781956E+00  0.10314332E+01
  0.12900000E+03  0.98611961E-11  0.96337356E-11  0.95207175E-11 -0.83245672E-12  0.97693378E+00  0.10437531E+01
  0.13000000E+03  0.89688951E-11  0.87982260E-11  0.87100188E-11 -0.83527212E-12  0.98097098E+00  0.10552579E+01
  0.13100000E+03  0.82545906E-11  0.81649713E-11  0.79654078E-11 -0.56405136E-12  0.98914307E+00  0.10440687E+01
  0.13200000E+03  0.77772407E-11  0.75377187E-11  0.74824114E-11 -0.57632517E-12  0.96920222E+00  0.10292221E+01
  0.13300000E+03  0.70965755E-11  0.69398406E-11  0.68113679E-11 -0.59195536E-12  0.97791404E+00  0.10459865E+01
  0.13400000E+03  0.66206767E-11  0.64585052E-11  0.63440134E-11 -0.48302074E-12  0.97550529E+00  0.10354911E+01
  0.13500000E+03  0.61055449E-11  0.58823220E-11  0.57955225E-11 -0.49426126E-12  0.96343929E+00  0.10304966E+01
  0.13600000E+03  0.56452460E-11  0.54861103E-11  0.53857123E-11 -0.43494169E-12  0.97181064E+00  0.10361042E+01
  0.13700000E+03  0.52242668E-11  0.51156145E-11  0.50119475E-11 -0.42976113E-12  0.97920239E+00  0.10483540E+01
  0.13800000E+03  0.47897511E-11  0.46445139E-11  0.45399955E-11 -0.40914657E-12  0.96967751E+00  0.10420085E+01
  0.13900000E+03  0.44187193E-11  0.42654266E-11  0.42294293E-11 -0.32895694E-12  0.96530831E+00  0.10288030E+01
  0.14000000E+03  0.41106255E-11  0.39627008E-11  0.39082600E-11 -0.34618120E-12  0.96401405E+00  0.10363582E+01
  0.14100000E+03  0.37387454E-11  0.36232274E-11  0.35862680E-11 -0.29969888E-12  0.96910244E+00  0.10384543E+01
  0.14200000E+03  0.35041336E-11  0.33759146E-11  0.33384549E-11 -0.28572628E-12  0.96340919E+00  0.10344549E+01
  0.14300000E+03  0.31631705E-11  0.30592761E-11  0.30283775E-11 -0.29578727E-12  0.96715498E+00  0.10492040E+01
  0.14400000E+03  0.29347416E-11  0.28373963E-11  0.28005445E-11 -0.20429932E-12  0.96683002E+00  0.10283391E+01
  0.14500000E+03  0.27330573E-11  0.26208948E-11  0.25690691E-11 -0.20741400E-12  0.95896083E+00  0.10264816E+01
  0.14600000E+03  0.25148199E-11  0.24267431E-11  0.24031994E-11 -0.22443081E-12  0.96497685E+00  0.10449250E+01
  0.14700000E+03  0.22927649E-11  0.22104913E-11  0.21939382E-11 -0.20672378E-12  0.96411598E+00  0.10454417E+01
  0.14800000E+03  0.21055724E-11  0.20239632E-11  0.20001505E-11 -0.17401879E-12  0.96124130E+00  0.10362942E+01
  0.14900000E+03  0.19397626E-11  0.18717790E-11  0.18435188E-11 -0.16229234E-12  0.96495265E+00  0.10414445E+01
  0.15000000E+03  0.17790270E-11  0.17147138E-11  0.16952559E-11 -0.15648343E-12  0.96384919E+00  0.10448067E+01
  0.15100000E+03  0.16279092E-11  0.15642067E-11  0.15330819E-11 -0.14683842E-12  0.96086854E+00  0.10444416E+01
  0.15200000E+03  0.14885466E-11  0.14387787E-11  0.14223709E-11 -0.12395145E-12  0.96656609E+00  0.10442288E+01
  0.15300000E+03  0.13779803E-11  0.13240588E-11  0.13036286E-11 -0.10716843E-12  0.96086919E+00  0.10338813E+01
  0.15400000E+03  0.12670130E-11  0.12233780E-11  0.12005968E-11 -0.12126553E-12  0.96556073E+00  0.10560000E+01
  0.15500000E+03  0.11416619E-11  0.11023738E-11  0.10812810E-11 -0.10804204E-12  0.96558702E+00  0.10555921E+01
  0.15600000E+03  0.10531850E-11  0.10177590E-11  0.99886885E-12 -0.86200219E-13  0.96636301E+00  0.10447075E+01
  0.15700000E+03  0.96386083E-12  0.93204416E-12  0.91791581E-12 -0.87387705E-13  0.96699041E+00  0.10543308E+01
  0.15800000E+03  0.87900742E-12  0.84904441E-12  0.83778768E-12 -0.85243546E-13  0.96591270E+00  0.10599295E+01
  0.15900000E+03  0.79689391E-12  0.77426460E-12  0.76388565E-12 -0.68682480E-13  0.97160310E+00  0.10556889E+01
  0.16000000E+03  0.74037201E-12  0.71252124E-12  0.70162181E-12 -0.56525636E-13  0.96238273E+00  0.10373368E+01
  0.16100000E+03  0.67896735E-12  0.65509122E-12  0.64952026E-12 -0.64934413E-13  0.96483463E+00  0.10593128E+01
  0.16200000E+03  0.61390243E-12  0.59470311E-12  0.58480992E-12 -0.57180762E-13  0.96872580E+00  0.10613118E+01
  0.16300000E+03  0.56435000E-12  0.54821100E-12  0.53957864E-12 -0.52335770E-13  0.97140253E+00  0.10641533E+01
  0.16400000E+03  0.50960234E-12  0.49634537E-12  0.48590228E-12 -0.45312671E-13  0.97398567E+00  0.10634627E+01
  0.16500000E+03  0.47259597E-12  0.46028584E-12  0.45403115E-12 -0.42858946E-13  0.97395211E+00  0.10657674E+01
  0.16600000E+03  0.42362224E-12  0.41333500E-12  0.40547240E-12 -0.41921419E-13  0.97571599E+00  0.10765125E+01
  0.16700000E+03  0.39081642E-12  0.37914420E-12  0.37437590E-12 -0.31310346E-13  0.97013372E+00  0.10522277E+01
  0.16800000E+03  0.35842295E-12  0.34962677E-12  0.34479583E-12 -0.32402632E-13  0.97545862E+00  0.10686495E+01
  0.16900000E+03  0.32672595E-12  0.31898545E-12  0.31380809E-12 -0.29073701E-13  0.97630888E+00  0.10685837E+01
  0.17000000E+03  0.29973005E-12  0.29311164E-12  0.28918228E-12 -0.28577055E-13  0.97791880E+00  0.10773714E+01
  0.17100000E+03  0.27015765E-12  0.26530069E-12  0.26221169E-12 -0.25618947E-13  0.98202175E+00  0.10815210E+01
  0.17200000E+03  0.24880125E-12  0.24378568E-12  0.24212013E-12 -0.21443661E-13  0.97984105E+00  0.10708019E+01
  0.17300000E+03  0.22672288E-12  0.22408003E-12  0.22139690E-12 -0.19316403E-13  0.98834324E+00  0.10787826E+01
  0.17400000E+03  0.20957581E-12  0.20696753E-12  0.20459575E-12 -0.19555443E-13  0.98755449E+00  0.10871766E+01
  0.17500000E+03  0.18815093E-12  0.18549023E-12  0.18352942E-12 -0.17535095E-13  0.98585868E+00  0.10859324E+01
  0.17600000E+03  0.17489088E-12  0.17200836E-12  0.17002402E-12 -0.13776581E-13  0.98351824E+00  0.10685863E+01
  0.17700000E+03  0.15966461E-12  0.15699239E-12  0.15590510E-12 -0.14041837E-13  0.98326355E+00  0.10787778E+01
  0.17800000E+03  0.14700425E-12  0.14423736E-12  0.14384633E-12 -0.13127523E-13  0.98117822E+00  0.10787114E+01
  0.17900000E+03  0.13355990E-12  0.13214298E-12  0.13062656E-12 -0.11766488E-13  0.98939115E+00  0.10861529E+01
  0.18000000E+03  0.12358344E-12  0.12143742E-12  0.12038840E-12 -0.97464685E-14  0.98263508E+00  0.10697393E+01
  0.18100000E+03  0.11349597E-12  0.11268199E-12  0.11197895E-12 -0.10145660E-13  0.99282813E+00  0.10921074E+01
  0.18200000E+03  0.10345044E-12  0.10223803E-12  0.10165339E-12 -0.97430380E-14  0.98828030E+00  0.10934556E+01
  0.18300000E+03  0.94243840E-13  0.92830129E-13  0.92622246E-13 -0.85011657E-14  0.98499942E+00  0.10862870E+01
  0.18400000E+03  0.86482870E-13  0.85134970E-13  0.85159371E-13 -0.70555824E-14  0.98441422E+00  0.10765229E+01
  0.18500000E+03  0.79769423E-13  0.78615642E-13  0.78547439E-13 -0.71745817E-14  0.98553604E+00  0.10876328E+01
  0.18600000E+03  0.72322106E-13  0.71456919E-13  0.71251720E-13 -0.63703455E-14  0.98803705E+00  0.10885645E+01
  0.18700000E+03  0.67052680E-13  0.66282761E-13  0.66162306E-13 -0.54737048E-14  0.98851770E+00  0.10821848E+01
  0.18800000E+03  0.61193102E-13  0.60773455E-13  0.60687864E-13 -0.53248337E-14  0.99314225E+00  0.10935209E+01
  0.18900000E+03  0.56421844E-13  0.55735042E-13  0.55757767E-13 -0.50337017E-14  0.98782736E+00  0.10912896E+01
  0.19000000E+03  0.51173428E-13  0.50560562E-13  0.50594284E-13 -0.45664359E-14  0.98802376E+00  0.10920556E+01
  0.19100000E+03  0.47299699E-13  0.46793302E-13  0.46947658E-13 -0.39988413E-14  0.98929387E+00  0.10883746E+01
  0.19200000E+03  0.43013183E-13  0.42226117E-13  0.42614024E-13 -0.42030694E-14  0.98170173E+00  0.10968206E+01
  0.19300000E+03  0.39125983E-13  0.38852554E-13  0.38821553E-13 -0.33275522E-14  0.99301159E+00  0.10937272E+01
  0.19400000E+03  0.36220548E-13  0.35589590E-13  0.35854725E-13 -0.30868312E-14  0.98258013E+00  0.10840272E+01
  0.19500000E+03  0.32889236E-13  0.32360962E-13  0.32514471E-13 -0.30609931E-14  0.98393780E+00  0.10952961E+01
  0.19600000E+03  0.30161166E-13  0.29675691E-13  0.29920334E-13 -0.27480654E-14  0.98390394E+00  0.10934799E+01
  0.19700000E+03  0.27382842E-13  0.26965468E-13  0.27243456E-13 -0.25011072E-14  0.98475784E+00  0.10951656E+01
  0.19800000E+03  0.25146187E-13  0.24797183E-13  0.24864928E-13 -0.22805331E-14  0.98612100E+00  0.10963026E+01
  0.19900000E+03  0.22782688E-13  0.22536087E-13  0.22564001E-13 -0.22527483E-14  0.98917598E+00  0.11099131E+01
  0.20000000E+03  0.20726324E-13  0.20424133E-13  0.20604671E-13 -0.18317187E-14  0.98541993E+00  0.10938742E+01
  0.20100000E+03  0.19056908E-13  0.18689155E-13  0.18846412E-13 -0.16725923E-14  0.98070240E+00  0.10889488E+01
  0.20200000E+03  0.17320582E-13  0.16926320E-13  0.17104118E-13 -0.17701828E-14  0.97723740E+00  0.11039112E+01
  0.20300000E+03  0.15607859E-13  0.15273666E-13  0.15449947E-13 -0.14620499E-14  0.97858810E+00  0.10952678E+01
  0.20400000E+03  0.14376124E-13  0.14086204E-13  0.14195991E-13 -0.12503439E-14  0.97983319E+00  0.10887007E+01
  0.20500000E+03  0.13045846E-13  0.12775225E-13  0.12970848E-13 -0.12973702E-14  0.97925615E+00  0.11043470E+01
  0.20600000E+03  0.11828603E-13  0.11635629E-13  0.11752968E-13 -0.11233246E-14  0.98368579E+00  0.11037238E+01
  0.20700000E+03  0.10796132E-13  0.10512589E-13  0.10653363E-13 -0.96936367E-15  0.97373658E+00  0.10877795E+01
  0.20800000E+03  0.98583048E-14  0.96152216E-14  0.97314980E-14 -0.94235200E-15  0.97534227E+00  0.10973407E+01
  0.20900000E+03  0.89158231E-14  0.86789901E-14  0.87966337E-14 -0.88720269E-15  0.97343677E+00  0.11010476E+01
  0.21000000E+03  0.80943553E-14  0.78521970E-14  0.79562576E-14 -0.79550539E-15  0.97008306E+00  0.10967200E+01
  0.21100000E+03  0.73309668E-14  0.70816393E-14  0.71782671E-14 -0.67478610E-15  0.96598983E+00  0.10851599E+01
  0.21200000E+03  0.67255187E-14  0.65096684E-14  0.66018769E-14 -0.62808705E-15  0.96790576E+00  0.10893872E+01
  0.21300000E+03  0.60625634E-14  0.58600492E-14  0.59604603E-14 -0.63356582E-15  0.96659595E+00  0.11031784E+01
  0.21400000E+03  0.54841737E-14  0.53047564E-14  0.53978085E-14 -0.52269704E-15  0.96728456E+00  0.10924350E+01
  0.21500000E+03  0.50029971E-14  0.48126748E-14  0.48975005E-14 -0.47700946E-15  0.96195835E+00  0.10877393E+01
  0.21600000E+03  0.45213530E-14  0.43400918E-14  0.44388245E-14 -0.46442779E-15  0.95990998E+00  0.10960492E+01
  0.21700000E+03  0.40841117E-14  0.39257555E-14  0.39997226E-14 -0.40661756E-15  0.96122628E+00  0.10937911E+01
  0.21800000E+03  0.37062244E-14  0.35467919E-14  0.36181313E-14 -0.35805880E-15  0.95698249E+00  0.10862112E+01
  0.21900000E+03  0.33613785E-14  0.32034426E-14  0.32780560E-14 -0.33736192E-15  0.95301455E+00  0.10878806E+01
  0.22000000E+03  0.30361924E-14  0.28841097E-14  0.29547686E-14 -0.29077034E-15  0.94991010E+00  0.10791878E+01
  0.22100000E+03  0.27721980E-14  0.26460151E-14  0.27069498E-14 -0.27734913E-15  0.95448273E+00  0.10901499E+01
  0.22200000E+03  0.24820246E-14  0.23656610E-14  0.24186695E-14 -0.26044842E-15  0.95311743E+00  0.10960557E+01
  0.22300000E+03  0.22562258E-14  0.21369222E-14  0.21936707E-14 -0.22283010E-15  0.94712251E+00  0.10822601E+01
  0.22400000E+03  0.20337947E-14  0.19197809E-14  0.19721593E-14 -0.19600600E-15  0.94394034E+00  0.10764021E+01
  0.22500000E+03  0.18603196E-14  0.17560930E-14  0.17938792E-14 -0.18281532E-15  0.94397378E+00  0.10796449E+01
  0.22600000E+03  0.16668471E-14  0.15606984E-14  0.16046782E-14 -0.17435785E-15  0.93631768E+00  0.10813732E+01
  0.22700000E+03  0.15144284E-14  0.14166937E-14  0.14535709E-14 -0.15346686E-15  0.93546432E+00  0.10766113E+01
  0.22800000E+03  0.13589589E-14  0.12690511E-14  0.13070393E-14 -0.13827257E-15  0.93384069E+00  0.10761864E+01
  0.22900000E+03  0.12388159E-14  0.11528054E-14  0.11870065E-14 -0.11549637E-15  0.93057042E+00  0.10615721E+01
  0.23000000E+03  0.11212177E-14  0.10439006E-14  0.10741790E-14 -0.12353622E-15  0.93104178E+00  0.10865352E+01
  0.23100000E+03  0.99845491E-15  0.92336078E-15  0.95207636E-15 -0.10024066E-15  0.00000000E+00  0.00000000E+00
  0.23200000E+03  0.91850612E-15  0.84681404E-15  0.87436929E-15 -0.87874957E-16  0.00000000E+00  0.00000000E+00
  0.23300000E+03  0.82001069E-15  0.75719944E-15  0.78055754E-15 -0.85818553E-16  0.00000000E+00  0.00000000E+00
  0.23400000E+03  0.74816350E-15  0.68441453E-15  0.70510358E-15 -0.76875678E-16  0.00000000E+00  0.00000000E+00
  0.23500000E+03  0.66553682E-15  0.61097672E-15  0.63071254E-15 -0.72611105E-16  0.00000000E+00  0.00000000E+00
  0.23600000E+03  0.60522309E-15  0.55132342E-15  0.56901746E-15 -0.57059911E-16  0.00000000E+00  0.00000000E+00
  0.23700000E+03  0.54782057E-15  0.49917187E-15  0.51543543E-15 -0.57963034E-16  0.00000000E+00  0.00000000E+00
  0.23800000E+03  0.49115264E-15  0.44671506E-15  0.46010369E-15 -0.49240173E-16  0.00000000E+00  0.00000000E+00
  0.23900000E+03  0.44852952E-15  0.40656451E-15  0.41779548E-15 -0.44556941E-16  0.00000000E+00  0.00000000E+00
  0.24000000E+03  0.40177682E-15  0.36451091E-15  0.37602469E-15 -0.40413659E-16  0.00000000E+00  0.00000000E+00
  0.24100000E+03  0.36749734E-15  0.33008564E-15  0.34047871E-15 -0.36740676E-16  0.00000000E+00  0.00000000E+00
  0.24200000E+03  0.32785906E-15  0.29589100E-15  0.30380809E-15 -0.35293279E-16  0.00000000E+00  0.00000000E+00
  0.24300000E+03  0.29807550E-15  0.26674576E-15  0.27423896E-15 -0.28323898E-16  0.00000000E+00  0.00000000E+00
  0.24400000E+03  0.26992142E-15  0.24182333E-15  0.24775687E-15 -0.27151735E-16  0.00000000E+00  0.00000000E+00
  0.24500000E+03  0.24388299E-15  0.21722534E-15  0.22330171E-15 -0.24851581E-16  0.00000000E+00  0.00000000E+00
  0.24600000E+03  0.22013980E-15  0.19575950E-15  0.20087783E-15 -0.23298156E-16  0.00000000E+00  0.00000000E+00
  0.24700000E+03  0.19804146E-15  0.17529023E-15  0.17944187E-15 -0.18320133E-16  0.00000000E+00  0.00000000E+00
  0.24800000E+03  0.18276707E-15  0.16157965E-15  0.16479530E-15 -0.16287353E-16  0.00000000E+00  0.00000000E+00
  0.24900000E+03  0.16474271E-15  0.14501962E-15  0.14813464E-15 -0.16999971E-16  0.00000000E+00  0.00000000E+00
  0.25000000E+03  0.14919795E-15  0.13138210E-15  0.13382243E-15 -0.15855573E-16  0.00000000E+00  0.00000000E+00
  0.25100000E+03  0.13348814E-15  0.11750888E-15  0.11955155E-15 -0.13012434E-16  0.00000000E+00  0.00000000E+00
  0.25200000E+03  0.12299748E-15  0.10788322E-15  0.10972058E-15 -0.10739643E-16  0.00000000E+00  0.00000000E+00
  0.25300000E+03  0.11128823E-15  0.97470080E-16  0.98905470E-16 -0.11469250E-16  0.00000000E+00  0.00000000E+00
  0.25400000E+03  0.10047434E-15  0.87923932E-16  0.89253192E-16 -0.10249391E-16  0.00000000E+00  0.00000000E+00
  0.25500000E+03  0.90933996E-16  0.79264986E-16  0.80351061E-16 -0.86590292E-17  0.00000000E+00  0.00000000E+00
  0.25600000E+03  0.83156282E-16  0.72752130E-16  0.73265538E-16 -0.77777146E-17  0.00000000E+00  0.00000000E+00
