 # Isotropy Coefficients: Standard IC = E₂₂/E₁₁ (should be 4/3 for isotropy)
 # Derivative-based IC = [2E₂₂ - k dE₁₁/dk] / [2E₁₁] (alternative definition)
 # Columns: k, E11(k), E22(k), E33(k), dE11/dk, IC_standard, IC_derivative
  0.10000000E+01  0.49079558E-05  0.69031362E-05  0.74238496E-05  0.16383379E-04  0.14065197E+01  0.13860371E+01
  0.20000000E+01  0.21291335E-04  0.21216041E-04  0.18495017E-04 -0.59131673E-06  0.99646366E+00  0.99680448E+00
  0.30000000E+01  0.37253224E-05  0.38639637E-05  0.33170331E-05 -0.11757318E-04  0.10372159E+01  0.10953119E+01
  0.40000000E+01  0.34123022E-05  0.31342686E-05  0.37238813E-05  0.11090124E-05  0.91852021E+00  0.91054338E+00
  0.50000000E+01  0.29635130E-05  0.27218487E-05  0.28176705E-05 -0.84996753E-06  0.91845340E+00  0.92725265E+00
  0.60000000E+01  0.18887115E-05  0.19145052E-05  0.21803303E-05 -0.65705984E-06  0.10136567E+01  0.10264645E+01
  0.70000000E+01  0.17362064E-05  0.17577703E-05  0.19181743E-05 -0.13851839E-06  0.10124202E+01  0.10158468E+01
  0.80000000E+01  0.14785672E-05  0.14476221E-05  0.14971639E-05 -0.18971080E-06  0.97907090E+00  0.98536915E+00
  0.90000000E+01  0.13445798E-05  0.13644161E-05  0.14180322E-05 -0.21920489E-06  0.10147527E+01  0.10237558E+01
  0.10000000E+02  0.10322285E-05  0.94977787E-06  0.93005139E-06 -0.30243794E-06  0.92012364E+00  0.93810165E+00
  0.11000000E+02  0.79595520E-06  0.78272143E-06  0.82316160E-06 -0.14815251E-06  0.98337370E+00  0.99593669E+00
  0.12000000E+02  0.71882579E-06  0.72754261E-06  0.73461626E-06 -0.78859237E-07  0.10121264E+01  0.10202042E+01
  0.13000000E+02  0.61518796E-06  0.59351424E-06  0.63869197E-06 -0.91584411E-07  0.96476895E+00  0.97664404E+00
  0.14000000E+02  0.53240137E-06  0.52786839E-06  0.53196857E-06 -0.11166916E-06  0.99148577E+00  0.10095036E+01
  0.15000000E+02  0.40357273E-06  0.43029686E-06  0.39021899E-06 -0.87331330E-07  0.10662189E+01  0.10861357E+01
  0.16000000E+02  0.36593383E-06  0.40169556E-06  0.38160499E-06 -0.26884626E-07  0.10977273E+01  0.11049401E+01
  0.17000000E+02  0.33142351E-06  0.33828908E-06  0.32292229E-06 -0.43849685E-07  0.10207155E+01  0.10345165E+01
  0.18000000E+02  0.27782309E-06  0.27565710E-06  0.29719160E-06 -0.56742181E-07  0.99220371E+00  0.10147612E+01
  0.19000000E+02  0.22488312E-06  0.21800535E-06  0.22596531E-06 -0.42664578E-07  0.96941626E+00  0.99153417E+00
  0.20000000E+02  0.19451699E-06  0.19656031E-06  0.19816798E-06 -0.20683002E-07  0.10105046E+01  0.10235533E+01
  0.21000000E+02  0.17694961E-06  0.18325551E-06  0.17583766E-06 -0.26507413E-07  0.10356367E+01  0.10549393E+01
  0.22000000E+02  0.14255104E-06  0.14810468E-06  0.13943146E-06 -0.26368724E-07  0.10389589E+01  0.10639291E+01
  0.23000000E+02  0.12724456E-06  0.12775482E-06  0.12589587E-06 -0.12735302E-07  0.10040101E+01  0.10181347E+01
  0.24000000E+02  0.11330125E-06  0.10774874E-06  0.10643434E-06 -0.16302307E-07  0.95099336E+00  0.97218210E+00
  0.25000000E+02  0.95774887E-07  0.99125906E-07  0.10071032E-06 -0.13237663E-07  0.10349885E+01  0.10561906E+01
  0.26000000E+02  0.86421309E-07  0.84559943E-07  0.84147217E-07 -0.12525661E-07  0.97846174E+00  0.10015841E+01
  0.27000000E+02  0.71056959E-07  0.73345795E-07  0.72275995E-07 -0.10318923E-07  0.10322113E+01  0.10562700E+01
  0.28000000E+02  0.65865784E-07  0.63920112E-07  0.64502260E-07 -0.75490965E-08  0.97046006E+00  0.99015135E+00
  0.29000000E+02  0.55157756E-07  0.57879575E-07  0.55567853E-07 -0.84513863E-08  0.10493461E+01  0.10766107E+01
  0.30000000E+02  0.49816844E-07  0.49154941E-07  0.48620482E-07 -0.51108811E-08  0.98671329E+00  0.10055984E+01
  0.31000000E+02  0.44082082E-07  0.45357240E-07  0.45131024E-07 -0.56995524E-08  0.10289268E+01  0.10535203E+01
  0.32000000E+02  0.38590972E-07  0.38433587E-07  0.38436504E-07 -0.52818017E-08  0.99592173E+00  0.10227953E+01
  0.33000000E+02  0.33745422E-07  0.35241829E-07  0.34384950E-07 -0.39013193E-08  0.10443439E+01  0.10677534E+01
  0.34000000E+02  0.30505188E-07  0.30803172E-07  0.30633764E-07 -0.37713841E-08  0.10097682E+01  0.10355604E+01
  0.35000000E+02  0.26211644E-07  0.26839977E-07  0.26625111E-07 -0.35585142E-08  0.10239716E+01  0.10531272E+01
  0.36000000E+02  0.23577362E-07  0.24274536E-07  0.24132456E-07 -0.24917375E-08  0.10295696E+01  0.10529144E+01
  0.37000000E+02  0.21024988E-07  0.20890626E-07  0.20526002E-07 -0.23004691E-08  0.99360943E+00  0.10184500E+01
  0.38000000E+02  0.18912781E-07  0.18937643E-07  0.18348823E-07 -0.23075504E-08  0.10013145E+01  0.10297631E+01
  0.39000000E+02  0.16500625E-07  0.16780250E-07  0.16431265E-07 -0.19405124E-08  0.10169463E+01  0.10450886E+01
  0.40000000E+02  0.15073061E-07  0.14870166E-07  0.14890698E-07 -0.13426171E-08  0.98653924E+00  0.10084013E+01
  0.41000000E+02  0.13593378E-07  0.13476457E-07  0.13241388E-07 -0.17382034E-08  0.99139869E+00  0.10235677E+01
  0.42000000E+02  0.11766210E-07  0.11813854E-07  0.11817266E-07 -0.13242812E-08  0.10040492E+01  0.10330542E+01
  0.43000000E+02  0.10904261E-07  0.10609537E-07  0.10755985E-07 -0.11424557E-08  0.97297162E+00  0.10006150E+01
  0.44000000E+02  0.94515009E-08  0.93051584E-08  0.93463779E-08 -0.10551436E-08  0.98451650E+00  0.10146564E+01
  0.45000000E+02  0.87851699E-08  0.86971523E-08  0.85976204E-08 -0.97931541E-09  0.98998111E+00  0.10207608E+01
  0.46000000E+02  0.74752027E-08  0.74396516E-08  0.75364781E-08 -0.10167364E-08  0.99524415E+00  0.10336347E+01
  0.47000000E+02  0.68456605E-08  0.66356023E-08  0.66180497E-08 -0.62881717E-09  0.96931511E+00  0.99580538E+00
  0.48000000E+02  0.61362608E-08  0.60191212E-08  0.59996017E-08 -0.61911559E-09  0.98091024E+00  0.10106262E+01
  0.49000000E+02  0.56194414E-08  0.54143201E-08  0.54248921E-08 -0.49417415E-09  0.96349794E+00  0.98993802E+00
  0.50000000E+02  0.50948352E-08  0.48456217E-08  0.49433257E-08 -0.61484212E-09  0.95108509E+00  0.98810911E+00
  0.51000000E+02  0.44443444E-08  0.43168980E-08  0.43233674E-08 -0.49320309E-09  0.97132391E+00  0.10060509E+01
  0.52000000E+02  0.41135917E-08  0.39675028E-08  0.39769903E-08 -0.34914971E-09  0.96448630E+00  0.99156785E+00
  0.53000000E+02  0.36879293E-08  0.34596181E-08  0.35673582E-08 -0.46120449E-09  0.93809229E+00  0.97876161E+00
  0.54000000E+02  0.32333110E-08  0.31266760E-08  0.31837568E-08 -0.38134026E-09  0.96701992E+00  0.10060985E+01
  0.55000000E+02  0.29365519E-08  0.28467075E-08  0.29150165E-08 -0.26777400E-09  0.96940482E+00  0.10001781E+01
  0.56000000E+02  0.26786555E-08  0.26094189E-08  0.26023605E-08 -0.22866993E-09  0.97415245E+00  0.10034857E+01
  0.57000000E+02  0.24639735E-08  0.23547138E-08  0.23824114E-08 -0.24385491E-09  0.95565712E+00  0.99027103E+00
  0.58000000E+02  0.21967224E-08  0.20947926E-08  0.21657285E-08 -0.23386523E-09  0.95359915E+00  0.99148685E+00
  0.59000000E+02  0.20073461E-08  0.19003885E-08  0.19444060E-08 -0.17303703E-09  0.94671690E+00  0.97792369E+00
  0.60000000E+02  0.18320193E-08  0.17601024E-08  0.18008779E-08 -0.19824664E-09  0.96074444E+00  0.10005833E+01
  0.61000000E+02  0.16227935E-08  0.15596860E-08  0.15837311E-08 -0.16481766E-09  0.96111184E+00  0.99912649E+00
  0.62000000E+02  0.14992615E-08  0.14406011E-08  0.14507799E-08 -0.14998799E-09  0.96087378E+00  0.99893218E+00
  0.63000000E+02  0.13230950E-08  0.12694684E-08  0.12781882E-08 -0.13578634E-09  0.95946884E+00  0.99914098E+00
  0.64000000E+02  0.12342877E-08  0.11706390E-08  0.11971926E-08 -0.86340018E-10  0.94843292E+00  0.97590274E+00
  0.65000000E+02  0.11324391E-08  0.10857749E-08  0.11062349E-08 -0.11674595E-09  0.95879316E+00  0.99991012E+00
  0.66000000E+02  0.10100953E-08  0.95279218E-09  0.97493202E-09 -0.10068840E-09  0.94326955E+00  0.98363787E+00
  0.67000000E+02  0.93050756E-09  0.88778568E-09  0.90758645E-09 -0.92169779E-10  0.95408756E+00  0.99480903E+00
  0.68000000E+02  0.82709595E-09  0.79138762E-09  0.80482099E-09 -0.78183959E-10  0.95682687E+00  0.99626809E+00
  0.69000000E+02  0.77448131E-09  0.73509104E-09  0.75222184E-09 -0.59698586E-10  0.94913983E+00  0.98177469E+00
  0.70000000E+02  0.70009304E-09  0.65951100E-09  0.66977274E-09 -0.75773852E-10  0.94203335E+00  0.98852140E+00
  0.71000000E+02  0.63086714E-09  0.59528188E-09  0.61451211E-09 -0.54204422E-10  0.94359308E+00  0.98102438E+00
  0.72000000E+02  0.58746891E-09  0.55491278E-09  0.56682120E-09 -0.53556774E-10  0.94458240E+00  0.98485804E+00
  0.73000000E+02  0.52394117E-09  0.49914811E-09  0.50924059E-09 -0.50651077E-10  0.95267969E+00  0.99598175E+00
  0.74000000E+02  0.48736648E-09  0.46317514E-09  0.47722498E-09 -0.41962253E-10  0.95036316E+00  0.98945749E+00
  0.75000000E+02  0.43786058E-09  0.40933468E-09  0.42028503E-09 -0.43535116E-10  0.93485165E+00  0.98060733E+00
  0.76000000E+02  0.40237122E-09  0.38299969E-09  0.39222789E-09 -0.34519582E-10  0.95185655E+00  0.99186319E+00
  0.77000000E+02  0.36640044E-09  0.34837783E-09  0.35965311E-09 -0.37383176E-10  0.95081168E+00  0.99901658E+00
  0.78000000E+02  0.32992026E-09  0.31356326E-09  0.32187827E-09 -0.29284446E-10  0.95042133E+00  0.99290311E+00
  0.79000000E+02  0.30685099E-09  0.28766067E-09  0.29693481E-09 -0.25962068E-10  0.93746048E+00  0.97847319E+00
  0.80000000E+02  0.27738892E-09  0.26388003E-09  0.26858527E-09 -0.24801943E-10  0.95129985E+00  0.99518991E+00
  0.81000000E+02  0.25769450E-09  0.24203156E-09  0.25237559E-09 -0.20984233E-10  0.93921894E+00  0.97969085E+00
  0.82000000E+02  0.23429172E-09  0.22087460E-09  0.22793996E-09 -0.22270914E-10  0.94273323E+00  0.99056041E+00
  0.83000000E+02  0.21388426E-09  0.20088585E-09  0.20739641E-09 -0.20333117E-10  0.93922693E+00  0.98764229E+00
  0.84000000E+02  0.19415788E-09  0.18414288E-09  0.18968971E-09 -0.16321812E-10  0.94841826E+00  0.99174666E+00
  0.85000000E+02  0.18062116E-09  0.17017779E-09  0.17467532E-09 -0.14754326E-10  0.94218081E+00  0.98478472E+00
  0.86000000E+02  0.16404864E-09  0.15410793E-09  0.15898709E-09 -0.15654646E-10  0.93940395E+00  0.98975968E+00
  0.87000000E+02  0.15006220E-09  0.14130529E-09  0.14313584E-09 -0.13187315E-10  0.94164479E+00  0.98855680E+00
  0.88000000E+02  0.13754199E-09  0.12926196E-09  0.13386721E-09 -0.11572292E-10  0.93979996E+00  0.98523039E+00
  0.89000000E+02  0.12681578E-09  0.11839191E-09  0.12307798E-09 -0.10091056E-10  0.93357396E+00  0.97702831E+00
  0.90000000E+02  0.11694476E-09  0.11032457E-09  0.11292182E-09 -0.10294958E-10  0.94339043E+00  0.99200499E+00
  0.91000000E+02  0.10637703E-09  0.99361269E-10  0.10369636E-09 -0.98835202E-11  0.93404812E+00  0.98592639E+00
  0.92000000E+02  0.97571534E-10  0.91773658E-10  0.94377929E-10 -0.77579635E-11  0.94057822E+00  0.98546225E+00
  0.93000000E+02  0.90432217E-10  0.83745025E-10  0.86744667E-10 -0.74102747E-11  0.92605299E+00  0.97281289E+00
  0.94000000E+02  0.82481799E-10  0.77135465E-10  0.80003518E-10 -0.82719413E-11  0.93518162E+00  0.99302548E+00
  0.95000000E+02  0.74582444E-10  0.69862026E-10  0.72309214E-10 -0.61199656E-11  0.93670869E+00  0.98454040E+00
  0.96000000E+02  0.70036629E-10  0.64776698E-10  0.67145858E-10 -0.49382464E-11  0.92489743E+00  0.96643096E+00
  0.97000000E+02  0.64310446E-10  0.59842985E-10  0.62676933E-10 -0.52279483E-11  0.93053287E+00  0.97891682E+00
  0.98000000E+02  0.59564763E-10  0.55273262E-10  0.57539758E-10 -0.54962783E-11  0.92795235E+00  0.98343861E+00
  0.99000000E+02  0.53542892E-10  0.50059980E-10  0.51787442E-10 -0.49270358E-11  0.93495101E+00  0.99084938E+00
  0.10000000E+03  0.49851547E-10  0.46156089E-10  0.48085366E-10 -0.37636613E-11  0.92587078E+00  0.97219539E+00
  0.10100000E+03  0.45729153E-10  0.42197752E-10  0.44302517E-10 -0.38553696E-11  0.92277575E+00  0.97502428E+00
  0.10200000E+03  0.42218784E-10  0.39076513E-10  0.40567216E-10 -0.34067256E-11  0.92557174E+00  0.97607410E+00
  0.10300000E+03  0.38745236E-10  0.35648252E-10  0.37354776E-10 -0.38575384E-11  0.92006797E+00  0.98299092E+00
  0.10400000E+03  0.34860927E-10  0.32472160E-10  0.33681037E-10 -0.27105054E-11  0.93147725E+00  0.98109359E+00
  0.10500000E+03  0.33156745E-10  0.30851620E-10  0.32223224E-10 -0.22913817E-11  0.93047798E+00  0.97500205E+00
  0.10600000E+03  0.30036917E-10  0.27597268E-10  0.28872019E-10 -0.29055814E-11  0.91877830E+00  0.98169458E+00
  0.10700000E+03  0.27649744E-10  0.25564011E-10  0.26661529E-10 -0.21491428E-11  0.92456591E+00  0.97559738E+00
  0.10800000E+03  0.25671899E-10  0.23709789E-10  0.24584806E-10 -0.17204073E-11  0.92356974E+00  0.96797937E+00
  0.10900000E+03  0.24026307E-10  0.21920016E-10  0.23070169E-10 -0.19934586E-11  0.91233397E+00  0.96782547E+00
  0.11000000E+03  0.21694311E-10  0.19837592E-10  0.20888761E-10 -0.22617704E-11  0.91441447E+00  0.98478246E+00
  0.11100000E+03  0.19750554E-10  0.18275624E-10  0.19068726E-10 -0.14869808E-11  0.92532212E+00  0.97659987E+00
  0.11200000E+03  0.18607112E-10  0.17006013E-10  0.17768204E-10 -0.12232416E-11  0.91395229E+00  0.95913070E+00
  0.11300000E+03  0.17172479E-10  0.15706315E-10  0.16424116E-10 -0.14548925E-11  0.91462129E+00  0.97336429E+00
  0.11400000E+03  0.15748607E-10  0.14368493E-10  0.15164058E-10 -0.14601552E-11  0.91236591E+00  0.97722065E+00
  0.11500000E+03  0.14341223E-10  0.13055162E-10  0.13714233E-10 -0.11067593E-11  0.91032422E+00  0.96478009E+00
  0.11600000E+03  0.13478929E-10  0.12220310E-10  0.12859694E-10 -0.99077658E-12  0.90662318E+00  0.95894212E+00
  0.11700000E+03  0.12296166E-10  0.11261441E-10  0.11820341E-10 -0.11371048E-11  0.91584975E+00  0.98223889E+00
  0.11800000E+03  0.11277475E-10  0.10368388E-10  0.10802622E-10 -0.96274757E-12  0.91938913E+00  0.98119962E+00
  0.11900000E+03  0.10374849E-10  0.94240084E-11  0.99180993E-11 -0.79622463E-12  0.90835136E+00  0.96438909E+00
  0.12000000E+03  0.96613707E-11  0.88393503E-11  0.92758570E-11 -0.71283409E-12  0.91491681E+00  0.96924317E+00
  0.12100000E+03  0.89220263E-11  0.81111654E-11  0.85225455E-11 -0.73379014E-12  0.90911698E+00  0.97017938E+00
  0.12200000E+03  0.82088962E-11  0.74753823E-11  0.78626758E-11 -0.68055994E-12  0.91064399E+00  0.97270536E+00
  0.12300000E+03  0.75605355E-11  0.69071242E-11  0.72550087E-11 -0.64118269E-12  0.91357607E+00  0.97758108E+00
  0.12400000E+03  0.69361634E-11  0.63097899E-11  0.66740771E-11 -0.55396855E-12  0.90969455E+00  0.97046149E+00
  0.12500000E+03  0.64343561E-11  0.58476249E-11  0.62072821E-11 -0.54720638E-12  0.90881276E+00  0.97404104E+00
  0.12600000E+03  0.58470841E-11  0.53238698E-11  0.56024790E-11 -0.52098489E-12  0.91051704E+00  0.97940391E+00
  0.12700000E+03  0.54143764E-11  0.49628236E-11  0.52143845E-11 -0.39612213E-12  0.91660112E+00  0.97361290E+00
  0.12800000E+03  0.50281450E-11  0.45730008E-11  0.47932426E-11 -0.38476506E-12  0.90948069E+00  0.96958113E+00
  0.12900000E+03  0.46363070E-11  0.42283789E-11  0.44397632E-11 -0.39802111E-12  0.91201442E+00  0.97996670E+00
  0.13000000E+03  0.42397106E-11  0.38702977E-11  0.40487891E-11 -0.38542401E-12  0.91286838E+00  0.98538303E+00
  0.13100000E+03  0.38831525E-11  0.35667482E-11  0.37212711E-11 -0.29669179E-12  0.91851872E+00  0.97993344E+00
  0.13200000E+03  0.36279968E-11  0.33116782E-11  0.34793711E-11 -0.28863286E-12  0.91281176E+00  0.97724843E+00
  0.13300000E+03  0.33028979E-11  0.30007778E-11  0.31739065E-11 -0.28789124E-12  0.90852880E+00  0.97966075E+00
  0.13400000E+03  0.30612678E-11  0.27840620E-11  0.29411196E-11 -0.24531841E-12  0.90944737E+00  0.97533649E+00
  0.13500000E+03  0.28040164E-11  0.25620380E-11  0.26981019E-11 -0.24501828E-12  0.91370296E+00  0.98608512E+00
  0.13600000E+03  0.25807655E-11  0.23521554E-11  0.24830682E-11 -0.19492151E-12  0.91141772E+00  0.97444522E+00
  0.13700000E+03  0.23990978E-11  0.21921258E-11  0.23068470E-11 -0.21329055E-12  0.91372925E+00  0.98846430E+00
  0.13800000E+03  0.21609778E-11  0.19834358E-11  0.20816363E-11 -0.20107078E-12  0.91784179E+00  0.99662936E+00
  0.13900000E+03  0.20052011E-11  0.18347739E-11  0.19183322E-11 -0.15304485E-12  0.91500741E+00  0.98010361E+00
  0.14000000E+03  0.18424409E-11  0.16836775E-11  0.17784213E-11 -0.16067415E-12  0.91382986E+00  0.98874336E+00
  0.14100000E+03  0.16873411E-11  0.15503717E-11  0.16166227E-11 -0.14696465E-12  0.91882527E+00  0.99417979E+00
  0.14200000E+03  0.15461875E-11  0.14352668E-11  0.14938799E-11 -0.14696507E-12  0.92826182E+00  0.10110790E+01
  0.14300000E+03  0.13987500E-11  0.12955185E-11  0.13551883E-11 -0.12454926E-12  0.92619729E+00  0.10043272E+01
  0.14400000E+03  0.12972928E-11  0.12005381E-11  0.12542607E-11 -0.10078614E-12  0.92541802E+00  0.99406248E+00
  0.14500000E+03  0.11907742E-11  0.10925455E-11  0.11495320E-11 -0.10366238E-12  0.91750860E+00  0.99496192E+00
  0.14600000E+03  0.10918140E-11  0.10119013E-11  0.10540386E-11 -0.96461772E-13  0.92680734E+00  0.10059553E+01
  0.14700000E+03  0.99886863E-12  0.92683619E-12  0.96832286E-12 -0.86156729E-13  0.92788595E+00  0.10056857E+01
  0.14800000E+03  0.91958971E-12  0.84463063E-12  0.88579914E-12 -0.74614733E-13  0.91848636E+00  0.99217021E+00
  0.14900000E+03  0.84686050E-12  0.77914368E-12  0.80599145E-12 -0.74096647E-13  0.92003781E+00  0.10000310E+01
  0.15000000E+03  0.77112568E-12  0.71293991E-12  0.74023350E-12 -0.74427355E-13  0.92454439E+00  0.10133783E+01
  0.15100000E+03  0.70031627E-12  0.64681881E-12  0.67150598E-12 -0.65552185E-13  0.92360955E+00  0.10103357E+01
  0.15200000E+03  0.64036412E-12  0.59326833E-12  0.61392075E-12 -0.55842094E-13  0.92645466E+00  0.10077860E+01
  0.15300000E+03  0.58739417E-12  0.54780155E-12  0.56416774E-12 -0.50235589E-13  0.93259615E+00  0.10128846E+01
  0.15400000E+03  0.53785410E-12  0.50219025E-12  0.51681343E-12 -0.53327056E-13  0.93369234E+00  0.10273803E+01
  0.15500000E+03  0.48306319E-12  0.45189151E-12  0.46643706E-12 -0.46381600E-13  0.93547082E+00  0.10267882E+01
  0.15600000E+03  0.44564087E-12  0.41654497E-12  0.42841392E-12 -0.37147074E-13  0.93471003E+00  0.10144992E+01
  0.15700000E+03  0.40626741E-12  0.38205786E-12  0.39014858E-12 -0.38619359E-13  0.94040978E+00  0.10319840E+01
  0.15800000E+03  0.36925283E-12  0.34770014E-12  0.35528175E-12 -0.35827989E-13  0.94163162E+00  0.10356983E+01
  0.15900000E+03  0.33539133E-12  0.31493238E-12  0.32261439E-12 -0.30190355E-13  0.93899977E+00  0.10268197E+01
  0.16000000E+03  0.30856800E-12  0.29159832E-12  0.29576783E-12 -0.25198808E-13  0.94500500E+00  0.10251782E+01
  0.16100000E+03  0.28307299E-12  0.26768187E-12  0.27198897E-12 -0.28401968E-13  0.94562846E+00  0.10447472E+01
  0.16200000E+03  0.25309179E-12  0.24042590E-12  0.24535479E-12 -0.25569133E-13  0.94995534E+00  0.10503783E+01
  0.16300000E+03  0.23240519E-12  0.22052705E-12  0.22369519E-12 -0.21262375E-13  0.94889039E+00  0.10403930E+01
  0.16400000E+03  0.21005521E-12  0.19943440E-12  0.20206468E-12 -0.18976657E-13  0.94943798E+00  0.10403476E+01
  0.16500000E+03  0.19392887E-12  0.18483678E-12  0.18699441E-12 -0.18638958E-13  0.95311636E+00  0.10504231E+01
  0.16600000E+03  0.17300117E-12  0.16596650E-12  0.16720772E-12 -0.17523487E-13  0.95933747E+00  0.10625089E+01
  0.16700000E+03  0.15964031E-12  0.15365464E-12  0.15373390E-12 -0.12789682E-13  0.96250522E+00  0.10445997E+01
  0.16800000E+03  0.14602857E-12  0.14031484E-12  0.14041029E-12 -0.14308821E-13  0.96087253E+00  0.10618804E+01
  0.16900000E+03  0.13162431E-12  0.12766804E-12  0.12752084E-12 -0.12739068E-13  0.96994275E+00  0.10703044E+01
  0.17000000E+03  0.12057898E-12  0.11710549E-12  0.11722090E-12 -0.11290399E-13  0.97119325E+00  0.10688645E+01
  0.17100000E+03  0.10891232E-12  0.10579473E-12  0.10512928E-12 -0.10481859E-13  0.97137523E+00  0.10723557E+01
  0.17200000E+03  0.99817439E-13  0.97848785E-13  0.97141946E-13 -0.86358804E-14  0.98027748E+00  0.10715854E+01
  0.17300000E+03  0.91314333E-13  0.89117983E-13  0.88323493E-13 -0.81050135E-14  0.97594738E+00  0.10701668E+01
  0.17400000E+03  0.83425603E-13  0.81847499E-13  0.80826479E-13 -0.83514298E-14  0.98108369E+00  0.10879623E+01
  0.17500000E+03  0.75037795E-13  0.73715495E-13  0.72663528E-13 -0.67312777E-14  0.98237824E+00  0.10787024E+01
  0.17600000E+03  0.69822301E-13  0.68913632E-13  0.67875278E-13 -0.57384437E-14  0.98698598E+00  0.10757409E+01
  0.17700000E+03  0.63263244E-13  0.62745253E-13  0.61751941E-13 -0.59769288E-14  0.99181211E+00  0.10944198E+01
  0.17800000E+03  0.58090536E-13  0.57692715E-13  0.56889314E-13 -0.51099367E-14  0.99315172E+00  0.10892267E+01
  0.17900000E+03  0.52906806E-13  0.52481064E-13  0.51720672E-13 -0.49612600E-14  0.99195296E+00  0.10949473E+01
  0.18000000E+03  0.48290046E-13  0.48198570E-13  0.47229598E-13 -0.41846735E-14  0.99810570E+00  0.10938156E+01
  0.18100000E+03  0.44394454E-13  0.44319769E-13  0.43518550E-13 -0.40526490E-14  0.99831772E+00  0.10997015E+01
  0.18200000E+03  0.40207787E-13  0.40143653E-13  0.39232896E-13 -0.37733526E-14  0.99840492E+00  0.11032066E+01
  0.18300000E+03  0.36880526E-13  0.36939629E-13  0.36050478E-13 -0.33631945E-14  0.10016025E+01  0.11039993E+01
  0.18400000E+03  0.33458872E-13  0.33598836E-13  0.32871445E-13 -0.30720022E-14  0.10041832E+01  0.11078424E+01
  0.18500000E+03  0.30761462E-13  0.30854798E-13  0.30148098E-13 -0.26365262E-14  0.10030342E+01  0.11003261E+01
  0.18600000E+03  0.28119292E-13  0.28196843E-13  0.27415690E-13 -0.24779316E-14  0.10027579E+01  0.11033301E+01
  0.18700000E+03  0.25802201E-13  0.25852916E-13  0.25248080E-13 -0.22798974E-14  0.10019655E+01  0.11033520E+01
  0.18800000E+03  0.23519959E-13  0.23640117E-13  0.23145800E-13 -0.22776530E-14  0.10051088E+01  0.11168180E+01
  0.18900000E+03  0.21325569E-13  0.21450886E-13  0.20988496E-13 -0.19421828E-14  0.10058764E+01  0.11114928E+01
  0.19000000E+03  0.19638074E-13  0.19671968E-13  0.19245581E-13 -0.15841057E-14  0.10017259E+01  0.10957673E+01
  0.19100000E+03  0.18053321E-13  0.18160092E-13  0.17679036E-13 -0.16564167E-14  0.10059142E+01  0.11134431E+01
  0.19200000E+03  0.16351243E-13  0.16456010E-13  0.16146652E-13 -0.15980709E-14  0.10064074E+01  0.11215473E+01
  0.19300000E+03  0.14907909E-13  0.15082430E-13  0.14600256E-13 -0.13232648E-14  0.10117066E+01  0.11168221E+01
  0.19400000E+03  0.13651620E-13  0.13768709E-13  0.13461553E-13 -0.12945213E-14  0.10085769E+01  0.11214542E+01
  0.19500000E+03  0.12335520E-13  0.12466178E-13  0.12205388E-13 -0.11858314E-14  0.10105920E+01  0.11256138E+01
  0.19600000E+03  0.11306385E-13  0.11402303E-13  0.11132825E-13 -0.95157915E-15  0.10084835E+01  0.11097014E+01
  0.19700000E+03  0.10376004E-13  0.10457366E-13  0.10133623E-13 -0.95553819E-15  0.10078415E+01  0.11191591E+01
  0.19800000E+03  0.93944424E-14  0.94903892E-14  0.92301688E-14 -0.94823030E-15  0.10102131E+01  0.11328406E+01
  0.19900000E+03  0.85064402E-14  0.85554673E-14  0.83818103E-14 -0.83348757E-15  0.10057635E+01  0.11254057E+01
  0.20000000E+03  0.77286403E-14  0.77907016E-14  0.75842627E-14 -0.72187478E-15  0.10080301E+01  0.11226522E+01
  0.20100000E+03  0.70514375E-14  0.71014480E-14  0.69497719E-14 -0.64730538E-15  0.10070922E+01  0.11203082E+01
  0.20200000E+03  0.64169175E-14  0.64392969E-14  0.62813566E-14 -0.64566722E-15  0.10034876E+01  0.11282011E+01
  0.20300000E+03  0.57803231E-14  0.58210747E-14  0.56681120E-14 -0.55424389E-15  0.10070500E+01  0.11264832E+01
  0.20400000E+03  0.53077308E-14  0.53253779E-14  0.52082955E-14 -0.45970093E-15  0.10033247E+01  0.11117367E+01
  0.20500000E+03  0.48288717E-14  0.48702285E-14  0.47326513E-14 -0.50378603E-15  0.10085645E+01  0.11397948E+01
  0.20600000E+03  0.43217180E-14  0.43547692E-14  0.42591959E-14 -0.45085092E-15  0.10076478E+01  0.11395110E+01
  0.20700000E+03  0.39376512E-14  0.39592438E-14  0.38689327E-14 -0.35880220E-15  0.10054836E+01  0.11212195E+01
  0.20800000E+03  0.35881764E-14  0.36253150E-14  0.35317329E-14 -0.33264564E-15  0.10103502E+01  0.11286684E+01
  0.20900000E+03  0.32661660E-14  0.32948341E-14  0.32011527E-14 -0.32344758E-15  0.10087773E+01  0.11357738E+01
  0.21000000E+03  0.29415847E-14  0.29664388E-14  0.28906467E-14 -0.31666771E-15  0.10084492E+01  0.11471636E+01
  0.21100000E+03  0.26462891E-14  0.26797605E-14  0.25945790E-14 -0.25152021E-15  0.10126485E+01  0.11357031E+01
  0.21200000E+03  0.24291734E-14  0.24460497E-14  0.23620930E-14 -0.22627313E-15  0.10069473E+01  0.11281160E+01
  0.21300000E+03  0.21851174E-14  0.22104680E-14  0.21341605E-14 -0.23603317E-15  0.10116014E+01  0.11527765E+01
  0.21400000E+03  0.19674888E-14  0.19971915E-14  0.19271867E-14 -0.19914551E-15  0.10150968E+01  0.11480050E+01
  0.21500000E+03  0.17852105E-14  0.18088450E-14  0.17340302E-14 -0.17196687E-15  0.10132390E+01  0.11403180E+01
  0.21600000E+03  0.16196644E-14  0.16370776E-14  0.15703814E-14 -0.15863920E-15  0.10107511E+01  0.11405644E+01
  0.21700000E+03  0.14661254E-14  0.14869137E-14  0.14238071E-14 -0.15184347E-15  0.10141791E+01  0.11520792E+01
  0.21800000E+03  0.13184787E-14  0.13354482E-14  0.12761467E-14 -0.13379568E-15  0.10128706E+01  0.11486098E+01
  0.21900000E+03  0.11978458E-14  0.12181212E-14  0.11559599E-14 -0.11909852E-15  0.10169265E+01  0.11505336E+01
  0.22000000E+03  0.10789759E-14  0.10955559E-14  0.10389453E-14 -0.10898742E-15  0.10153664E+01  0.11517202E+01
  0.22100000E+03  0.97928539E-15  0.99686058E-15  0.94479262E-15 -0.10093052E-15  0.00000000E+00  0.00000000E+00
  0.22200000E+03  0.87784425E-15  0.89511181E-15  0.84622340E-15 -0.89212521E-16  0.00000000E+00  0.00000000E+00
  0.22300000E+03  0.79995920E-15  0.81404599E-15  0.76452553E-15 -0.81678672E-16  0.00000000E+00  0.00000000E+00
  0.22400000E+03  0.71491672E-15  0.72997204E-15  0.68360948E-15 -0.71864353E-16  0.00000000E+00  0.00000000E+00
  0.22500000E+03  0.65600923E-15  0.66971698E-15  0.62599102E-15 -0.61704861E-16  0.00000000E+00  0.00000000E+00
  0.22600000E+03  0.58861685E-15  0.59873366E-15  0.55739141E-15 -0.64411264E-16  0.00000000E+00  0.00000000E+00
  0.22700000E+03  0.53001858E-15  0.54306903E-15  0.50157765E-15 -0.53711117E-16  0.00000000E+00  0.00000000E+00
  0.22800000E+03  0.47992670E-15  0.48979749E-15  0.44989885E-15 -0.49388029E-16  0.00000000E+00  0.00000000E+00
  0.22900000E+03  0.43102137E-15  0.44212155E-15  0.40534211E-15 -0.45447695E-16  0.00000000E+00  0.00000000E+00
  0.23000000E+03  0.38929552E-15  0.39900413E-15  0.36326901E-15 -0.40610558E-16  0.00000000E+00  0.00000000E+00
  0.23100000E+03  0.35034161E-15  0.35818038E-15  0.32590935E-15 -0.33022976E-16  0.00000000E+00  0.00000000E+00
  0.23200000E+03  0.32181540E-15  0.32815507E-15  0.29717336E-15 -0.31195304E-16  0.00000000E+00  0.00000000E+00
  0.23300000E+03  0.28745606E-15  0.29480876E-15  0.26482273E-15 -0.31184832E-16  0.00000000E+00  0.00000000E+00
  0.23400000E+03  0.26055483E-15  0.26697645E-15  0.23960413E-15 -0.26160528E-16  0.00000000E+00  0.00000000E+00
  0.23500000E+03  0.23447505E-15  0.23826362E-15  0.21253685E-15 -0.24554216E-16  0.00000000E+00  0.00000000E+00
  0.23600000E+03  0.21189363E-15  0.21672128E-15  0.19257031E-15 -0.20462342E-16  0.00000000E+00  0.00000000E+00
  0.23700000E+03  0.19281711E-15  0.19681480E-15  0.17422202E-15 -0.19535612E-16  0.00000000E+00  0.00000000E+00
  0.23800000E+03  0.17283944E-15  0.17653065E-15  0.15502799E-15 -0.18422925E-16  0.00000000E+00  0.00000000E+00
  0.23900000E+03  0.15646896E-15  0.15928954E-15  0.13984787E-15 -0.15088611E-16  0.00000000E+00  0.00000000E+00
  0.24000000E+03  0.14218349E-15  0.14472920E-15  0.12563140E-15 -0.13843735E-16  0.00000000E+00  0.00000000E+00
  0.24100000E+03  0.12863291E-15  0.13113084E-15  0.11390142E-15 -0.12978526E-16  0.00000000E+00  0.00000000E+00
  0.24200000E+03  0.11627593E-15  0.11749985E-15  0.10152614E-15 -0.11843721E-16  0.00000000E+00  0.00000000E+00
  0.24300000E+03  0.10495074E-15  0.10662058E-15  0.91286468E-16 -0.10740678E-16  0.00000000E+00  0.00000000E+00
  0.24400000E+03  0.94850816E-16  0.96152771E-16  0.82572451E-16 -0.93321135E-17  0.00000000E+00  0.00000000E+00
  0.24500000E+03  0.86120096E-16  0.87260752E-16  0.74400873E-16 -0.86101627E-17  0.00000000E+00  0.00000000E+00
  0.24600000E+03  0.77616091E-16  0.78559441E-16  0.66966127E-16 -0.79274996E-17  0.00000000E+00  0.00000000E+00
  0.24700000E+03  0.70394903E-16  0.70678328E-16  0.60142158E-16 -0.66336196E-17  0.00000000E+00  0.00000000E+00
  0.24800000E+03  0.64179263E-16  0.64713463E-16  0.55027757E-16 -0.60660111E-17  0.00000000E+00  0.00000000E+00
  0.24900000E+03  0.58228903E-16  0.58301979E-16  0.49628124E-16 -0.55108840E-17  0.00000000E+00  0.00000000E+00
  0.25000000E+03  0.53080226E-16  0.53306139E-16  0.45121260E-16 -0.53241228E-17  0.00000000E+00  0.00000000E+00
  0.25100000E+03  0.47733208E-16  0.47722845E-16  0.40582937E-16 -0.44401670E-17  0.00000000E+00  0.00000000E+00
  0.25200000E+03  0.44103189E-16  0.44000516E-16  0.37366468E-16 -0.39712846E-17  0.00000000E+00  0.00000000E+00
  0.25300000E+03  0.39694618E-16  0.39680354E-16  0.33768381E-16 -0.38905402E-17  0.00000000E+00  0.00000000E+00
  0.25400000E+03  0.36426907E-16  0.36206225E-16  0.30861401E-16 -0.33079430E-17  0.00000000E+00  0.00000000E+00
  0.25500000E+03  0.33009427E-16  0.32864766E-16  0.28138696E-16 -0.30549683E-17  0.00000000E+00  0.00000000E+00
  0.25600000E+03  0.30316970E-16  0.29966031E-16  0.25697593E-16 -0.26924564E-17  0.00000000E+00  0.00000000E+00
