 # Isotropy Coefficients: Standard IC = E₂₂/E₁₁ (should be 4/3 for isotropy)
 # Derivative-based IC = [2E₂₂ - k dE₁₁/dk] / [2E₁₁] (alternative definition)
 # Columns: k, E11(k), E22(k), E33(k), dE11/dk, IC_standard, IC_derivative
  0.10000000E+01  0.37278032E-05  0.20294658E-05  0.14898803E-05  0.22989851E-04  0.54441333E+00  0.50657231E+00
  0.20000000E+01  0.26717655E-04  0.28310356E-04  0.26269920E-04  0.28055820E-06  0.10596123E+01  0.10594834E+01
  0.30000000E+01  0.42889196E-05  0.51297343E-05  0.35787334E-05 -0.15552232E-04  0.11960435E+01  0.12627927E+01
  0.40000000E+01  0.32730341E-05  0.40428822E-05  0.33001788E-05  0.10144407E-05  0.12352093E+01  0.12276022E+01
  0.50000000E+01  0.27976278E-05  0.30347303E-05  0.28682211E-05 -0.23103189E-06  0.10847512E+01  0.10872848E+01
  0.60000000E+01  0.26140324E-05  0.25409547E-05  0.19940344E-05 -0.52292040E-06  0.97204411E+00  0.97940874E+00
  0.70000000E+01  0.17892899E-05  0.18557978E-05  0.17877080E-05 -0.65581179E-06  0.10371701E+01  0.10529126E+01
  0.80000000E+01  0.14813758E-05  0.15268628E-05  0.14275417E-05 -0.77481371E-09  0.10307059E+01  0.10307317E+01
  0.90000000E+01  0.16061157E-05  0.15988986E-05  0.15025867E-05 -0.14201858E-06  0.99550653E+00  0.10003896E+01
  0.10000000E+02  0.11579367E-05  0.11504113E-05  0.11299761E-05 -0.41111261E-06  0.99350107E+00  0.10152860E+01
  0.11000000E+02  0.90600054E-06  0.92570656E-06  0.85016836E-06 -0.15301718E-06  0.10217506E+01  0.10331501E+01
  0.12000000E+02  0.81380603E-06  0.86531986E-06  0.80269746E-06 -0.96547950E-07  0.10632999E+01  0.10720353E+01
  0.13000000E+02  0.68927665E-06  0.69875409E-06  0.71524300E-06 -0.11705416E-06  0.10137498E+01  0.10272959E+01
  0.14000000E+02  0.58272087E-06  0.62604363E-06  0.58641427E-06 -0.12010888E-06  0.10743456E+01  0.10920517E+01
  0.15000000E+02  0.46196899E-06  0.45796827E-06  0.46661881E-06 -0.71402518E-07  0.99133986E+00  0.10055655E+01
  0.16000000E+02  0.43665133E-06  0.46892237E-06  0.46389124E-06 -0.34499397E-07  0.10739057E+01  0.10816624E+01
  0.17000000E+02  0.37755052E-06  0.37449706E-06  0.36859419E-06 -0.61095328E-07  0.99191242E+00  0.10087920E+01
  0.18000000E+02  0.32136583E-06  0.32534251E-06  0.32109224E-06 -0.54196278E-07  0.10123743E+01  0.10310004E+01
  0.19000000E+02  0.27282883E-06  0.27480445E-06  0.25344809E-06 -0.35016004E-07  0.10072412E+01  0.10222040E+01
  0.20000000E+02  0.24923315E-06  0.24448536E-06  0.24523032E-06 -0.22899753E-07  0.98095042E+00  0.99222589E+00
  0.21000000E+02  0.22068113E-06  0.23043144E-06  0.20956288E-06 -0.37587903E-07  0.10441828E+01  0.10661302E+01
  0.22000000E+02  0.17898131E-06  0.17406727E-06  0.17045544E-06 -0.29992822E-07  0.97254437E+00  0.99516541E+00
  0.23000000E+02  0.16186888E-06  0.15151085E-06  0.15735746E-06 -0.19603990E-07  0.93600971E+00  0.95310158E+00
  0.24000000E+02  0.13864900E-06  0.13758546E-06  0.13275914E-06 -0.13224060E-07  0.99232924E+00  0.10063748E+01
  0.25000000E+02  0.13327055E-06  0.12467092E-06  0.12024061E-06 -0.14073481E-07  0.93547243E+00  0.95167136E+00
  0.26000000E+02  0.10888333E-06  0.10893191E-06  0.10457214E-06 -0.22348544E-07  0.10004462E+01  0.10331908E+01
  0.27000000E+02  0.92625349E-07  0.90082793E-07  0.88829644E-07 -0.13218808E-07  0.97255009E+00  0.99619329E+00
  0.28000000E+02  0.81669924E-07  0.83053621E-07  0.79518720E-07 -0.85984579E-08  0.10169425E+01  0.10350308E+01
  0.29000000E+02  0.74188947E-07  0.71936569E-07  0.71375887E-07 -0.85004883E-08  0.96963996E+00  0.99002832E+00
  0.30000000E+02  0.64573626E-07  0.62533559E-07  0.62659296E-07 -0.81244407E-08  0.96840709E+00  0.99156719E+00
  0.31000000E+02  0.57860824E-07  0.57204343E-07  0.55120601E-07 -0.82641725E-08  0.98865414E+00  0.10158221E+01
  0.32000000E+02  0.48538233E-07  0.47830085E-07  0.48045933E-07 -0.64602488E-08  0.98541051E+00  0.10115439E+01
  0.33000000E+02  0.45075868E-07  0.43046711E-07  0.43951491E-07 -0.38755186E-08  0.95498353E+00  0.97239280E+00
  0.34000000E+02  0.39816964E-07  0.38831480E-07  0.39064386E-07 -0.55655813E-08  0.97524965E+00  0.10044105E+01
  0.35000000E+02  0.34596887E-07  0.32891169E-07  0.33391697E-07 -0.41299026E-08  0.95069736E+00  0.97633338E+00
  0.36000000E+02  0.31493361E-07  0.30713238E-07  0.30990996E-07 -0.31074572E-08  0.97522897E+00  0.99702460E+00
  0.37000000E+02  0.28045870E-07  0.26757782E-07  0.27322898E-07 -0.34498655E-08  0.95407212E+00  0.98199850E+00
  0.38000000E+02  0.24698307E-07  0.24107521E-07  0.24236462E-07 -0.33204619E-08  0.97607988E+00  0.10074269E+01
  0.39000000E+02  0.21634852E-07  0.20615213E-07  0.21094650E-07 -0.22766089E-08  0.95287049E+00  0.97805184E+00
  0.40000000E+02  0.20050765E-07  0.19447267E-07  0.19462465E-07 -0.15403360E-08  0.96990150E+00  0.98875642E+00
  0.41000000E+02  0.18184830E-07  0.17347803E-07  0.17318337E-07 -0.23819211E-08  0.95397115E+00  0.98692322E+00
  0.42000000E+02  0.15582167E-07  0.15322218E-07  0.15331972E-07 -0.18629500E-08  0.98331755E+00  0.10141283E+01
  0.43000000E+02  0.14469125E-07  0.14014471E-07  0.13885524E-07 -0.14049962E-08  0.96857768E+00  0.99419785E+00
  0.44000000E+02  0.12680522E-07  0.11960183E-07  0.12101890E-07 -0.13080772E-08  0.94319332E+00  0.97104359E+00
  0.45000000E+02  0.11831623E-07  0.11199431E-07  0.11583970E-07 -0.12336359E-08  0.94656760E+00  0.97535712E+00
  0.46000000E+02  0.10179077E-07  0.10026260E-07  0.98246522E-08 -0.13578219E-08  0.98498714E+00  0.10226377E+01
  0.47000000E+02  0.92611971E-08  0.91301988E-08  0.89656043E-08 -0.83557256E-09  0.98585516E+00  0.10118743E+01
  0.48000000E+02  0.84109759E-08  0.80925302E-08  0.81340374E-08 -0.76363199E-09  0.96213925E+00  0.98887908E+00
  0.49000000E+02  0.77136848E-08  0.74323276E-08  0.73653750E-08 -0.69634898E-09  0.96352494E+00  0.99066687E+00
  0.50000000E+02  0.69625608E-08  0.65987287E-08  0.66346244E-08 -0.88692631E-09  0.94774449E+00  0.98682570E+00
  0.51000000E+02  0.60300636E-08  0.58178844E-08  0.57437841E-08 -0.69446010E-09  0.96481311E+00  0.10008523E+01
  0.52000000E+02  0.55851230E-08  0.53716800E-08  0.53548881E-08 -0.46324969E-09  0.96178365E+00  0.98824823E+00
  0.53000000E+02  0.50277063E-08  0.48829452E-08  0.48020157E-08 -0.55585997E-09  0.97120732E+00  0.10071616E+01
  0.54000000E+02  0.45026973E-08  0.43941069E-08  0.43578519E-08 -0.49861854E-09  0.97588325E+00  0.10125750E+01
  0.55000000E+02  0.40409787E-08  0.39608907E-08  0.39390469E-08 -0.41838177E-09  0.98018104E+00  0.10151216E+01
  0.56000000E+02  0.36747241E-08  0.36550754E-08  0.36064940E-08 -0.28532773E-09  0.99465299E+00  0.10213331E+01
  0.57000000E+02  0.34245016E-08  0.33210061E-08  0.33389922E-08 -0.34062461E-09  0.96977794E+00  0.10045663E+01
  0.58000000E+02  0.29948126E-08  0.29576932E-08  0.29161968E-08 -0.39382678E-09  0.98760545E+00  0.10344052E+01
  0.59000000E+02  0.26891829E-08  0.26990221E-08  0.26727189E-08 -0.22121431E-09  0.10036588E+01  0.10334388E+01
  0.60000000E+02  0.25180955E-08  0.24777531E-08  0.25014240E-08 -0.20772396E-09  0.98397899E+00  0.10143490E+01
  0.61000000E+02  0.22653364E-08  0.22016671E-08  0.22132580E-08 -0.21092515E-09  0.97189409E+00  0.10067444E+01
  0.62000000E+02  0.20967281E-08  0.20093627E-08  0.20052673E-08 -0.21131485E-09  0.95833248E+00  0.99667311E+00
  0.63000000E+02  0.18493460E-08  0.17860993E-08  0.18041513E-08 -0.19229891E-09  0.96580046E+00  0.10059961E+01
  0.64000000E+02  0.17259507E-08  0.16656720E-08  0.16480748E-08 -0.10441129E-09  0.96507508E+00  0.98883140E+00
  0.65000000E+02  0.16067042E-08  0.15344142E-08  0.15669940E-08 -0.16702584E-09  0.95500726E+00  0.99646831E+00
  0.66000000E+02  0.14085292E-08  0.13631593E-08  0.13753694E-08 -0.14824365E-09  0.96778917E+00  0.10104113E+01
  0.67000000E+02  0.13142841E-08  0.12707825E-08  0.12690143E-08 -0.11886350E-09  0.96690089E+00  0.10040812E+01
  0.68000000E+02  0.11655137E-08  0.11241701E-08  0.11359821E-08 -0.11489033E-09  0.96452755E+00  0.10056573E+01
  0.69000000E+02  0.10889422E-08  0.10578886E-08  0.10603731E-08 -0.84722056E-10  0.97148275E+00  0.10044225E+01
  0.70000000E+02  0.98447739E-09  0.95843811E-09  0.94953823E-09 -0.10877826E-09  0.97355014E+00  0.10210087E+01
  0.71000000E+02  0.88265828E-09  0.86389257E-09  0.86849683E-09 -0.80556978E-10  0.97873956E+00  0.10184997E+01
  0.72000000E+02  0.82058171E-09  0.80223767E-09  0.81048290E-09 -0.68037020E-10  0.97764504E+00  0.10142750E+01
  0.73000000E+02  0.74446049E-09  0.72928996E-09  0.72943662E-09 -0.61508659E-10  0.97962213E+00  0.10166303E+01
  0.74000000E+02  0.69533951E-09  0.67690947E-09  0.67540917E-09 -0.62891921E-10  0.97349489E+00  0.10145634E+01
  0.75000000E+02  0.61882455E-09  0.60676486E-09  0.60276301E-09 -0.64832695E-10  0.98051196E+00  0.10287254E+01
  0.76000000E+02  0.57019700E-09  0.56384131E-09  0.56452648E-09 -0.46182100E-10  0.98885351E+00  0.10266231E+01
  0.77000000E+02  0.52131272E-09  0.51191745E-09  0.51365395E-09 -0.51859590E-10  0.98197770E+00  0.10289781E+01
  0.78000000E+02  0.46942999E-09  0.46135817E-09  0.46614967E-09 -0.43450465E-10  0.98280507E+00  0.10271045E+01
  0.79000000E+02  0.43500367E-09  0.42538775E-09  0.43019402E-09 -0.32860700E-10  0.97789460E+00  0.10145123E+01
  0.80000000E+02  0.40113027E-09  0.39266379E-09  0.39516715E-09 -0.33169915E-10  0.97889346E+00  0.10194844E+01
  0.81000000E+02  0.36924330E-09  0.35952291E-09  0.36359782E-09 -0.29356493E-10  0.97367483E+00  0.10131893E+01
  0.82000000E+02  0.34138609E-09  0.33207329E-09  0.33178263E-09 -0.30176323E-10  0.97272062E+00  0.10171955E+01
  0.83000000E+02  0.30932812E-09  0.30302133E-09  0.30786751E-09 -0.29373986E-10  0.97961134E+00  0.10279731E+01
  0.84000000E+02  0.28392463E-09  0.27822644E-09  0.28141822E-09 -0.23182553E-10  0.97993064E+00  0.10220146E+01
  0.85000000E+02  0.26203942E-09  0.25864050E-09  0.26232125E-09 -0.20681215E-10  0.98702896E+00  0.10281922E+01
  0.86000000E+02  0.24126709E-09  0.23658539E-09  0.23819158E-09 -0.23733916E-10  0.98059535E+00  0.10325053E+01
  0.87000000E+02  0.21624230E-09  0.21535165E-09  0.21468513E-09 -0.19623976E-10  0.99588126E+00  0.10443258E+01
  0.88000000E+02  0.20235470E-09  0.19956585E-09  0.20136735E-09 -0.14287277E-10  0.98621798E+00  0.10243421E+01
  0.89000000E+02  0.18622802E-09  0.18309992E-09  0.18374133E-09 -0.14924020E-10  0.98320287E+00  0.10269662E+01
  0.90000000E+02  0.17260017E-09  0.17016739E-09  0.17135124E-09 -0.14506487E-10  0.98590511E+00  0.10323186E+01
  0.91000000E+02  0.15729426E-09  0.15475042E-09  0.15365968E-09 -0.14035672E-10  0.98382753E+00  0.10336518E+01
  0.92000000E+02  0.14496244E-09  0.14246834E-09  0.14320886E-09 -0.11580319E-10  0.98279482E+00  0.10278903E+01
  0.93000000E+02  0.13355431E-09  0.12968290E-09  0.13119458E-09 -0.11715695E-10  0.97101253E+00  0.10210705E+01
  0.94000000E+02  0.12164440E-09  0.12043663E-09  0.12076320E-09 -0.11334863E-10  0.99007130E+00  0.10438156E+01
  0.95000000E+02  0.11133829E-09  0.10923695E-09  0.11031902E-09 -0.90691924E-11  0.98112661E+00  0.10286084E+01
  0.96000000E+02  0.10325265E-09  0.10260305E-09  0.10320756E-09 -0.80398249E-11  0.99370867E+00  0.10395752E+01
  0.97000000E+02  0.95250599E-10  0.95563966E-10  0.94979503E-10 -0.66292514E-11  0.10032899E+01  0.10447136E+01
  0.98000000E+02  0.89420797E-10  0.88235481E-10  0.88621048E-10 -0.76679852E-11  0.98674452E+00  0.10383087E+01
  0.99000000E+02  0.80234472E-10  0.79529022E-10  0.79985192E-10 -0.73479911E-11  0.99120766E+00  0.10468394E+01
  0.10000000E+03  0.75139450E-10  0.74134310E-10  0.73735629E-10 -0.52084869E-11  0.98662299E+00  0.10291557E+01
  0.10100000E+03  0.69175735E-10  0.67906659E-10  0.69313742E-10 -0.59944883E-11  0.98165435E+00  0.10353575E+01
  0.10200000E+03  0.63452750E-10  0.62936115E-10  0.63450335E-10 -0.51746940E-11  0.99185795E+00  0.10428984E+01
  0.10300000E+03  0.58674739E-10  0.58099053E-10  0.58821753E-10 -0.53003864E-11  0.99018854E+00  0.10472803E+01
  0.10400000E+03  0.53227811E-10  0.52837495E-10  0.53078413E-10 -0.36586979E-11  0.99266708E+00  0.10365304E+01
  0.10500000E+03  0.50980858E-10  0.50189110E-10  0.50930371E-10 -0.36080715E-11  0.98446971E+00  0.10300667E+01
  0.10600000E+03  0.45806067E-10  0.45291638E-10  0.45662883E-10 -0.44140039E-11  0.98876941E+00  0.10514445E+01
  0.10700000E+03  0.42597641E-10  0.42209101E-10  0.42399979E-10 -0.32480338E-11  0.99087882E+00  0.10409398E+01
  0.10800000E+03  0.39130116E-10  0.39013293E-10  0.39269584E-10 -0.29942750E-11  0.99701452E+00  0.10477234E+01
  0.10900000E+03  0.36549659E-10  0.36358191E-10  0.36484055E-10 -0.28434945E-11  0.99476141E+00  0.10467941E+01
  0.11000000E+03  0.33353507E-10  0.33497944E-10  0.33233145E-10 -0.31523811E-11  0.10043305E+01  0.10681230E+01
  0.11100000E+03  0.30506719E-10  0.30584157E-10  0.30674303E-10 -0.23198416E-11  0.10025384E+01  0.10543307E+01
  0.11200000E+03  0.28615161E-10  0.28498795E-10  0.28554563E-10 -0.19635422E-11  0.99593341E+00  0.10430900E+01
  0.11300000E+03  0.26480984E-10  0.26511118E-10  0.26403579E-10 -0.19274632E-11  0.10011380E+01  0.10516052E+01
  0.11400000E+03  0.24710138E-10  0.24484378E-10  0.24566673E-10 -0.20873075E-11  0.99086368E+00  0.10499512E+01
  0.11500000E+03  0.22396092E-10  0.22390971E-10  0.22492166E-10 -0.18922826E-11  0.99977136E+00  0.10593913E+01
  0.11600000E+03  0.20983708E-10  0.21019726E-10  0.20950054E-10 -0.14345156E-11  0.10017165E+01  0.10503752E+01
  0.11700000E+03  0.19376929E-10  0.19344486E-10  0.19366271E-10 -0.16455963E-11  0.99832571E+00  0.10592940E+01
  0.11800000E+03  0.17771019E-10  0.17596353E-10  0.17666335E-10 -0.14912261E-11  0.99017131E+00  0.10509279E+01
  0.11900000E+03  0.16441732E-10  0.16425460E-10  0.16397382E-10 -0.11501259E-11  0.99901032E+00  0.10500873E+01
  0.12000000E+03  0.15396845E-10  0.15269220E-10  0.15436770E-10 -0.11081028E-11  0.99171096E+00  0.10447029E+01
  0.12100000E+03  0.14185047E-10  0.14167709E-10  0.14188622E-10 -0.12246290E-11  0.99877769E+00  0.10628749E+01
  0.12200000E+03  0.13014774E-10  0.13005103E-10  0.12970777E-10 -0.10457953E-11  0.99925691E+00  0.10594089E+01
  0.12300000E+03  0.12080710E-10  0.12020192E-10  0.12030751E-10 -0.95360601E-12  0.99499059E+00  0.10545652E+01
  0.12400000E+03  0.11111686E-10  0.11095031E-10  0.11101699E-10 -0.82743729E-12  0.99850112E+00  0.10551586E+01
  0.12500000E+03  0.10403614E-10  0.10430360E-10  0.10349157E-10 -0.77882275E-12  0.10025709E+01  0.10599884E+01
  0.12600000E+03  0.95272575E-11  0.95256069E-11  0.94534996E-11 -0.85608501E-12  0.99982673E+00  0.10692971E+01
  0.12700000E+03  0.87511500E-11  0.87833490E-11  0.88226293E-11 -0.67538032E-12  0.10036794E+01  0.10638199E+01
  0.12800000E+03  0.81649965E-11  0.82043929E-11  0.81768559E-11 -0.54792949E-12  0.10048250E+01  0.10575308E+01
  0.12900000E+03  0.76100888E-11  0.76399581E-11  0.75744064E-11 -0.59733143E-12  0.10039250E+01  0.10660541E+01
  0.13000000E+03  0.69739227E-11  0.70127472E-11  0.69875889E-11 -0.63664064E-12  0.10055671E+01  0.10783854E+01
  0.13100000E+03  0.63905387E-11  0.64638503E-11  0.64101207E-11 -0.43872089E-12  0.10114719E+01  0.10666544E+01
  0.13200000E+03  0.60482847E-11  0.60584463E-11  0.60263582E-11 -0.45968367E-12  0.10016800E+01  0.10632375E+01
  0.13300000E+03  0.54696343E-11  0.55593945E-11  0.54473275E-11 -0.47112330E-12  0.10164106E+01  0.10867029E+01
  0.13400000E+03  0.51228913E-11  0.51529505E-11  0.51172257E-11 -0.41128578E-12  0.10058676E+01  0.10718782E+01
  0.13500000E+03  0.46408706E-11  0.46881513E-11  0.46512533E-11 -0.39578215E-12  0.10101879E+01  0.10808311E+01
  0.13600000E+03  0.43536025E-11  0.43657066E-11  0.43338558E-11 -0.26458802E-12  0.10027802E+01  0.10534956E+01
  0.13700000E+03  0.40647108E-11  0.40740562E-11  0.40371625E-11 -0.34112055E-12  0.10022992E+01  0.10728462E+01
  0.13800000E+03  0.36886696E-11  0.37098081E-11  0.36734274E-11 -0.33382512E-12  0.10057306E+01  0.10823623E+01
  0.13900000E+03  0.34148533E-11  0.34461867E-11  0.34116846E-11 -0.25539607E-12  0.10091757E+01  0.10729634E+01
  0.14000000E+03  0.31606428E-11  0.31909776E-11  0.31537776E-11 -0.25706734E-12  0.10095977E+01  0.10794659E+01
  0.14100000E+03  0.29052496E-11  0.29308407E-11  0.29074907E-11 -0.22880859E-12  0.10088086E+01  0.10769464E+01
  0.14200000E+03  0.26966491E-11  0.27172648E-11  0.26928796E-11 -0.23064051E-12  0.10076449E+01  0.10821661E+01
  0.14300000E+03  0.24486069E-11  0.24905817E-11  0.24265689E-11 -0.21421401E-12  0.10171423E+01  0.10939040E+01
  0.14400000E+03  0.22751868E-11  0.22994206E-11  0.22685942E-11 -0.16717568E-12  0.10106514E+01  0.10755744E+01
  0.14500000E+03  0.21041185E-11  0.21199949E-11  0.20782755E-11 -0.16410820E-12  0.10075454E+01  0.10769371E+01
  0.14600000E+03  0.19468500E-11  0.19580691E-11  0.19390700E-11 -0.15529955E-12  0.10057627E+01  0.10772240E+01
  0.14700000E+03  0.17912113E-11  0.18178889E-11  0.17813242E-11 -0.15746638E-12  0.10148937E+01  0.10941873E+01
  0.14800000E+03  0.16355231E-11  0.16600650E-11  0.16268204E-11 -0.14516995E-12  0.10150056E+01  0.10956105E+01
  0.14900000E+03  0.15030994E-11  0.15277134E-11  0.14966228E-11 -0.12376189E-12  0.10163755E+01  0.10916530E+01
  0.15000000E+03  0.13839947E-11  0.14133373E-11  0.13834650E-11 -0.11940328E-12  0.10212014E+01  0.11006074E+01
  0.15100000E+03  0.12641270E-11  0.12880939E-11  0.12633381E-11 -0.11468643E-12  0.10189592E+01  0.11030170E+01
  0.15200000E+03  0.11565839E-11  0.11851985E-11  0.11549673E-11 -0.10324588E-12  0.10247406E+01  0.11079973E+01
  0.15300000E+03  0.10600506E-11  0.10862407E-11  0.10617740E-11 -0.79780929E-13  0.10247065E+01  0.10953616E+01
  0.15400000E+03  0.99033379E-12  0.10109384E-11  0.98299591E-12 -0.84550822E-13  0.10208057E+01  0.11014802E+01
  0.15500000E+03  0.89149716E-12  0.91495431E-12  0.88881951E-12 -0.86071985E-13  0.10263121E+01  0.11181355E+01
  0.15600000E+03  0.82276628E-12  0.85151368E-12  0.81920381E-12 -0.67277882E-13  0.10349399E+01  0.11132108E+01
  0.15700000E+03  0.75237445E-12  0.77783065E-12  0.75667061E-12 -0.70099830E-13  0.10338345E+01  0.11235902E+01
  0.15800000E+03  0.68468652E-12  0.71087672E-12  0.68732661E-12 -0.62420236E-13  0.10382514E+01  0.11266347E+01
  0.15900000E+03  0.62805696E-12  0.64947716E-12  0.62809773E-12 -0.53502365E-13  0.10341055E+01  0.11172152E+01
  0.16000000E+03  0.57726930E-12  0.60134466E-12  0.58157418E-12 -0.45128232E-13  0.10417056E+01  0.11184541E+01
  0.16100000E+03  0.53506516E-12  0.55494736E-12  0.53371104E-12 -0.47937592E-13  0.10371585E+01  0.11256649E+01
  0.16200000E+03  0.48229102E-12  0.50173987E-12  0.48436027E-12 -0.46429444E-13  0.10403260E+01  0.11360188E+01
  0.16300000E+03  0.44348181E-12  0.46282379E-12  0.44741888E-12 -0.40225788E-13  0.10436139E+01  0.11343324E+01
  0.16400000E+03  0.40175594E-12  0.42219190E-12  0.40389740E-12 -0.34529874E-13  0.10508666E+01  0.11373547E+01
  0.16500000E+03  0.37349393E-12  0.39193838E-12  0.37577122E-12 -0.32163891E-13  0.10493835E+01  0.11365700E+01
  0.16600000E+03  0.33674645E-12  0.35447413E-12  0.33966593E-12 -0.32952875E-13  0.10526440E+01  0.11523172E+01
  0.16700000E+03  0.30937256E-12  0.32771282E-12  0.31264452E-12 -0.25488116E-13  0.10592821E+01  0.11437035E+01
  0.16800000E+03  0.28421940E-12  0.29896173E-12  0.28725752E-12 -0.25390084E-13  0.10518695E+01  0.11439568E+01
  0.16900000E+03  0.25913500E-12  0.27319182E-12  0.26188605E-12 -0.22006736E-13  0.10542451E+01  0.11423087E+01
  0.17000000E+03  0.23952688E-12  0.25250714E-12  0.24154287E-12 -0.21710605E-13  0.10541912E+01  0.11487380E+01
  0.17100000E+03  0.21591325E-12  0.22830392E-12  0.21849650E-12 -0.20639952E-13  0.10573872E+01  0.11576883E+01
  0.17200000E+03  0.19897265E-12  0.21039412E-12  0.20118126E-12 -0.16412647E-13  0.10574023E+01  0.11444572E+01
  0.17300000E+03  0.18238060E-12  0.19368655E-12  0.18451626E-12 -0.15202988E-13  0.10619910E+01  0.11504774E+01
  0.17400000E+03  0.16821740E-12  0.17755228E-12  0.16973981E-12 -0.15216346E-13  0.10554930E+01  0.11520689E+01
  0.17500000E+03  0.15230708E-12  0.16122941E-12  0.15327874E-12 -0.13659781E-13  0.10585812E+01  0.11548847E+01
  0.17600000E+03  0.14098068E-12  0.14897099E-12  0.14210451E-12 -0.11818602E-13  0.10566766E+01  0.11472080E+01
  0.17700000E+03  0.12840427E-12  0.13608209E-12  0.12996554E-12 -0.11076057E-13  0.10597941E+01  0.11534767E+01
  0.17800000E+03  0.11881816E-12  0.12584291E-12  0.11938061E-12 -0.10167523E-13  0.10591218E+01  0.11525832E+01
  0.17900000E+03  0.10791963E-12  0.11452258E-12  0.10921384E-12 -0.10031925E-13  0.10611840E+01  0.11632819E+01
  0.18000000E+03  0.99113826E-13  0.10498273E-12  0.10064374E-12 -0.82078517E-14  0.10592139E+01  0.11506773E+01
  0.18100000E+03  0.91152678E-13  0.96680842E-13  0.92525698E-13 -0.80071956E-14  0.10606472E+01  0.11582068E+01
  0.18200000E+03  0.83176799E-13  0.87792153E-13  0.84170037E-13 -0.73598295E-14  0.10554885E+01  0.11543021E+01
  0.18300000E+03  0.76509762E-13  0.80993013E-13  0.77445137E-13 -0.63827880E-14  0.10585971E+01  0.11522722E+01
  0.18400000E+03  0.70288468E-13  0.74146127E-13  0.71260258E-13 -0.59067872E-14  0.10548832E+01  0.11497611E+01
  0.18500000E+03  0.64639497E-13  0.68270774E-13  0.65622753E-13 -0.56141458E-14  0.10561774E+01  0.11547683E+01
  0.18600000E+03  0.59096106E-13  0.62049785E-13  0.59705625E-13 -0.51566244E-14  0.10499809E+01  0.11495671E+01
  0.18700000E+03  0.54340613E-13  0.57255863E-13  0.55051924E-13 -0.46445133E-14  0.10536478E+01  0.11517180E+01
  0.18800000E+03  0.49776891E-13  0.52147956E-13  0.50523791E-13 -0.42524768E-14  0.10476339E+01  0.11461828E+01
  0.18900000E+03  0.45819919E-13  0.48079132E-13  0.46438717E-13 -0.38985949E-14  0.10493064E+01  0.11479788E+01
  0.19000000E+03  0.41960267E-13  0.43854365E-13  0.42273761E-13 -0.36135057E-14  0.10451403E+01  0.11455381E+01
  0.19100000E+03  0.38590760E-13  0.40537360E-13  0.39137449E-13 -0.33048547E-14  0.10504421E+01  0.11508071E+01
  0.19200000E+03  0.35305685E-13  0.36860932E-13  0.35709313E-13 -0.32183442E-14  0.10440509E+01  0.11514422E+01
  0.19300000E+03  0.32241510E-13  0.33625544E-13  0.32713195E-13 -0.27258700E-14  0.10429271E+01  0.11430485E+01
  0.19400000E+03  0.29786405E-13  0.31051154E-13  0.30246449E-13 -0.25317546E-14  0.10424606E+01  0.11436384E+01
  0.19500000E+03  0.27146955E-13  0.28218023E-13  0.27483595E-13 -0.24498164E-14  0.10394545E+01  0.11474303E+01
  0.19600000E+03  0.24930314E-13  0.25836218E-13  0.25328545E-13 -0.21650730E-14  0.10363374E+01  0.11407807E+01
  0.19700000E+03  0.22790582E-13  0.23680958E-13  0.23115338E-13 -0.19960842E-14  0.10390677E+01  0.11449369E+01
  0.19800000E+03  0.20916298E-13  0.21593226E-13  0.21240047E-13 -0.19028297E-14  0.10323637E+01  0.11428885E+01
  0.19900000E+03  0.18987839E-13  0.19670821E-13  0.19260476E-13 -0.18214177E-14  0.10359694E+01  0.11530991E+01
  0.20000000E+03  0.17342336E-13  0.17940124E-13  0.17661823E-13 -0.14253460E-14  0.10344698E+01  0.11353307E+01
  0.20100000E+03  0.16055903E-13  0.16541213E-13  0.16333033E-13 -0.13735495E-14  0.10302263E+01  0.11357343E+01
  0.20200000E+03  0.14564955E-13  0.15001758E-13  0.14814345E-13 -0.14391429E-14  0.10299900E+01  0.11524589E+01
  0.20300000E+03  0.13251389E-13  0.13663103E-13  0.13571679E-13 -0.11823366E-14  0.10310695E+01  0.11422057E+01
  0.20400000E+03  0.12175945E-13  0.12525188E-13  0.12442805E-13 -0.10384155E-14  0.10286829E+01  0.11354357E+01
  0.20500000E+03  0.11131862E-13  0.11402503E-13  0.11344054E-13 -0.10714206E-14  0.10243124E+01  0.11453793E+01
  0.20600000E+03  0.10069727E-13  0.10276047E-13  0.10327147E-13 -0.93750432E-15  0.10204892E+01  0.11381692E+01
  0.20700000E+03  0.92586893E-14  0.94564173E-14  0.94633731E-14 -0.80072179E-15  0.10213560E+01  0.11312015E+01
  0.20800000E+03  0.84406122E-14  0.86180783E-14  0.87007224E-14 -0.77668776E-15  0.10210253E+01  0.11384652E+01
  0.20900000E+03  0.77076034E-14  0.78623292E-14  0.79519902E-14 -0.72916328E-15  0.10200745E+01  0.11413941E+01
  0.21000000E+03  0.69812943E-14  0.71146753E-14  0.72125974E-14 -0.69796505E-15  0.10191054E+01  0.11479295E+01
  0.21100000E+03  0.63341048E-14  0.64238644E-14  0.65548602E-14 -0.56482190E-15  0.10141709E+01  0.11296195E+01
  0.21200000E+03  0.58282020E-14  0.59005302E-14  0.60231742E-14 -0.53265995E-15  0.10124100E+01  0.11312962E+01
  0.21300000E+03  0.52607272E-14  0.53137651E-14  0.54550158E-14 -0.53203558E-15  0.10100819E+01  0.11422584E+01
  0.21400000E+03  0.47861919E-14  0.48313874E-14  0.50034588E-14 -0.42948676E-15  0.10094429E+01  0.11272722E+01
  0.21500000E+03  0.43824498E-14  0.44122285E-14  0.45538037E-14 -0.41633064E-15  0.10067950E+01  0.11321206E+01
  0.21600000E+03  0.39558234E-14  0.39761734E-14  0.41561806E-14 -0.38807606E-15  0.10051444E+01  0.11351653E+01
  0.21700000E+03  0.36137475E-14  0.36290254E-14  0.38127159E-14 -0.32418863E-15  0.10042278E+01  0.11236759E+01
  0.21800000E+03  0.32934860E-14  0.32954624E-14  0.34657948E-14 -0.32172979E-15  0.10006001E+01  0.11312689E+01
  0.21900000E+03  0.29740131E-14  0.29747113E-14  0.31614971E-14 -0.30100303E-15  0.10002347E+01  0.11362388E+01
  0.22000000E+03  0.26987063E-14  0.27006462E-14  0.28793509E-14 -0.24833706E-15  0.10007188E+01  0.11249379E+01
  0.22100000E+03  0.24675463E-14  0.24626206E-14  0.26364601E-14 -0.23897814E-15  0.99800378E+00  0.11293341E+01
  0.22200000E+03  0.22217960E-14  0.22182429E-14  0.23862648E-14 -0.22202921E-15  0.99840081E+00  0.11345261E+01
  0.22300000E+03  0.20264694E-14  0.20267872E-14  0.21949929E-14 -0.19332168E-15  0.10001569E+01  0.11306913E+01
  0.22400000E+03  0.18344409E-14  0.18192762E-14  0.19849967E-14 -0.16617066E-15  0.99173337E+00  0.11162360E+01
  0.22500000E+03  0.16885657E-14  0.16782263E-14  0.18455573E-14 -0.15987248E-15  0.99387681E+00  0.11245897E+01
  0.22600000E+03  0.15126141E-14  0.15071034E-14  0.16603477E-14 -0.16297242E-15  0.99635684E+00  0.11457649E+01
  0.22700000E+03  0.13703252E-14  0.13597964E-14  0.15107889E-14 -0.13264794E-15  0.99231654E+00  0.11271453E+01
  0.22800000E+03  0.12441863E-14  0.12339927E-14  0.13782223E-14 -0.11756453E-15  0.99180710E+00  0.11239992E+01
  0.22900000E+03  0.11329186E-14  0.11256366E-14  0.12692584E-14 -0.10948123E-15  0.99357229E+00  0.11293588E+01
  0.23000000E+03  0.10241354E-14  0.10221868E-14  0.11536009E-14 -0.10605806E-15  0.99809730E+00  0.11442456E+01
  0.23100000E+03  0.92369271E-15  0.91828017E-15  0.10469245E-14 -0.89982619E-16  0.00000000E+00  0.00000000E+00
  0.23200000E+03  0.84307545E-15  0.84797564E-15  0.96565811E-15 -0.78565648E-16  0.00000000E+00  0.00000000E+00
  0.23300000E+03  0.76423066E-15  0.76344419E-15  0.87981704E-15 -0.75738940E-16  0.00000000E+00  0.00000000E+00
  0.23400000E+03  0.69122690E-15  0.69258517E-15  0.80512890E-15 -0.74099448E-16  0.00000000E+00  0.00000000E+00
  0.23500000E+03  0.61777178E-15  0.62390732E-15  0.72397409E-15 -0.65849804E-16  0.00000000E+00  0.00000000E+00
  0.23600000E+03  0.56059780E-15  0.56679300E-15  0.66566445E-15 -0.53004625E-16  0.00000000E+00  0.00000000E+00
  0.23700000E+03  0.50939545E-15  0.51596959E-15  0.60996902E-15 -0.49876374E-16  0.00000000E+00  0.00000000E+00
  0.23800000E+03  0.46027172E-15  0.46793795E-15  0.55461626E-15 -0.48376447E-16  0.00000000E+00  0.00000000E+00
  0.23900000E+03  0.41367967E-15  0.42493676E-15  0.50580784E-15 -0.42550065E-16  0.00000000E+00  0.00000000E+00
  0.24000000E+03  0.37538896E-15  0.38572803E-15  0.46232969E-15 -0.35691378E-16  0.00000000E+00  0.00000000E+00
  0.24100000E+03  0.34093404E-15  0.35369568E-15  0.42525961E-15 -0.34442196E-16  0.00000000E+00  0.00000000E+00
  0.24200000E+03  0.30660324E-15  0.31934667E-15  0.38586803E-15 -0.32391681E-16  0.00000000E+00  0.00000000E+00
  0.24300000E+03  0.27670017E-15  0.28960205E-15  0.35136049E-15 -0.28143560E-16  0.00000000E+00  0.00000000E+00
  0.24400000E+03  0.25021827E-15  0.26554748E-15  0.32176638E-15 -0.24210040E-16  0.00000000E+00  0.00000000E+00
  0.24500000E+03  0.22757695E-15  0.24285456E-15  0.29538199E-15 -0.22996184E-16  0.00000000E+00  0.00000000E+00
  0.24600000E+03  0.20413787E-15  0.22012577E-15  0.26891388E-15 -0.22172528E-16  0.00000000E+00  0.00000000E+00
  0.24700000E+03  0.18401112E-15  0.20033371E-15  0.24443634E-15 -0.17859642E-16  0.00000000E+00  0.00000000E+00
  0.24800000E+03  0.16776196E-15  0.18454954E-15  0.22477483E-15 -0.16458251E-16  0.00000000E+00  0.00000000E+00
  0.24900000E+03  0.15088537E-15  0.16756808E-15  0.20450867E-15 -0.15662382E-16  0.00000000E+00  0.00000000E+00
  0.25000000E+03  0.13663091E-15  0.15397937E-15  0.18792601E-15 -0.14042220E-16  0.00000000E+00  0.00000000E+00
  0.25100000E+03  0.12291136E-15  0.13927352E-15  0.16994731E-15 -0.12000084E-16  0.00000000E+00  0.00000000E+00
  0.25200000E+03  0.11247657E-15  0.12985116E-15  0.15771566E-15 -0.10462564E-16  0.00000000E+00  0.00000000E+00
  0.25300000E+03  0.10165156E-15  0.11809492E-15  0.14300268E-15 -0.10253863E-16  0.00000000E+00  0.00000000E+00
  0.25400000E+03  0.92103233E-16  0.10927168E-15  0.13153336E-15 -0.94128952E-17  0.00000000E+00  0.00000000E+00
  0.25500000E+03  0.82971059E-16  0.98850896E-16  0.11920837E-15 -0.80579535E-17  0.00000000E+00  0.00000000E+00
  0.25600000E+03  0.75987326E-16  0.92782123E-16  0.11112457E-15 -0.69837337E-17  0.00000000E+00  0.00000000E+00
