 # Isotropy Coefficients: Standard IC = E₂₂/E₁₁ (should be 4/3 for isotropy)
 # Derivative-based IC = [2E₂₂ - k dE₁₁/dk] / [2E₁₁] (alternative definition)
 # Columns: k, E11(k), E22(k), E33(k), dE11/dk, IC_standard, IC_derivative
  0.10000000E+01  0.33001963E-05  0.46524333E-05  0.35729493E-05  0.23336906E-04  0.14097444E+01  0.13663549E+01
  0.20000000E+01  0.26637103E-04  0.19476734E-04  0.27045602E-04  0.15249645E-06  0.73118818E+00  0.73111790E+00
  0.30000000E+01  0.36051892E-05  0.26615305E-05  0.29444104E-05 -0.15209406E-04  0.73824990E+00  0.81590778E+00
  0.40000000E+01  0.37911807E-05  0.30063920E-05  0.33752810E-05  0.16826665E-05  0.79299623E+00  0.78210288E+00
  0.50000000E+01  0.30456931E-05  0.28929237E-05  0.29284679E-05 -0.10494219E-05  0.94984084E+00  0.96041179E+00
  0.60000000E+01  0.19691363E-05  0.19609358E-05  0.20460893E-05 -0.75884623E-06  0.99583548E+00  0.10100231E+01
  0.70000000E+01  0.16218991E-05  0.16258340E-05  0.15980316E-05 -0.17670648E-06  0.10024261E+01  0.10071057E+01
  0.80000000E+01  0.15069830E-05  0.14015101E-05  0.15263093E-05 -0.31232862E-07  0.93001050E+00  0.93102789E+00
  0.90000000E+01  0.14689447E-05  0.15014239E-05  0.14774409E-05 -0.19680085E-06  0.10221106E+01  0.10295091E+01
  0.10000000E+02  0.11202955E-05  0.10209263E-05  0.10880509E-05 -0.32460184E-06  0.91130096E+00  0.92907965E+00
  0.11000000E+02  0.89000895E-06  0.86909051E-06  0.87248600E-06 -0.16443165E-06  0.97649640E+00  0.98896629E+00
  0.12000000E+02  0.77071957E-06  0.80940634E-06  0.85295449E-06 -0.11674260E-06  0.10501957E+01  0.10613487E+01
  0.13000000E+02  0.64551745E-06  0.65117024E-06  0.74089820E-06 -0.97629162E-07  0.10087570E+01  0.10208211E+01
  0.14000000E+02  0.56527472E-06  0.56819306E-06  0.60075558E-06 -0.12284531E-06  0.10051627E+01  0.10238310E+01
  0.15000000E+02  0.41800016E-06  0.43764595E-06  0.47383173E-06 -0.70332291E-07  0.10469995E+01  0.10624858E+01
  0.16000000E+02  0.42472493E-06  0.45371200E-06  0.43403173E-06 -0.13469209E-07  0.10682491E+01  0.10713625E+01
  0.17000000E+02  0.36510659E-06  0.37739284E-06  0.37644520E-06 -0.67002439E-07  0.10336511E+01  0.10527936E+01
  0.18000000E+02  0.30375659E-06  0.32245973E-06  0.30152901E-06 -0.57039454E-07  0.10615728E+01  0.10823125E+01
  0.19000000E+02  0.25428278E-06  0.24661361E-06  0.25292755E-06 -0.41225988E-07  0.96983999E+00  0.98874110E+00
  0.20000000E+02  0.22260795E-06  0.22593187E-06  0.23222188E-06 -0.17786588E-07  0.10149317E+01  0.10247370E+01
  0.21000000E+02  0.21062928E-06  0.20633514E-06  0.20344444E-06 -0.27283383E-07  0.97961283E+00  0.99630368E+00
  0.22000000E+02  0.16796767E-06  0.16197592E-06  0.16568535E-06 -0.35786350E-07  0.96432793E+00  0.99308830E+00
  0.23000000E+02  0.14456111E-06  0.14029933E-06  0.14729532E-06 -0.21393895E-07  0.97051919E+00  0.99140471E+00
  0.24000000E+02  0.12349881E-06  0.12342049E-06  0.12592713E-06 -0.16193708E-07  0.99936587E+00  0.10186756E+01
  0.25000000E+02  0.11160511E-06  0.11508446E-06  0.11291941E-06 -0.11563235E-07  0.10311755E+01  0.10470688E+01
  0.26000000E+02  0.98644129E-07  0.97685259E-07  0.99584526E-07 -0.14429323E-07  0.99027950E+00  0.10136156E+01
  0.27000000E+02  0.84482508E-07  0.81411891E-07  0.83642895E-07 -0.88904866E-08  0.96365380E+00  0.98108798E+00
  0.28000000E+02  0.79669839E-07  0.75529563E-07  0.76820392E-07 -0.86093532E-08  0.94803208E+00  0.96659791E+00
  0.29000000E+02  0.66496604E-07  0.65410404E-07  0.65950481E-07 -0.11706500E-07  0.98366535E+00  0.10149914E+01
  0.30000000E+02  0.58069119E-07  0.55684744E-07  0.56327153E-07 -0.65855486E-08  0.95893902E+00  0.97981507E+00
  0.31000000E+02  0.52154753E-07  0.51184553E-07  0.51505040E-07 -0.72354229E-08  0.98139769E+00  0.10077859E+01
  0.32000000E+02  0.43961634E-07  0.43293550E-07  0.44265409E-07 -0.59851963E-08  0.98480302E+00  0.10115352E+01
  0.33000000E+02  0.40461796E-07  0.40144599E-07  0.40242565E-07 -0.32970859E-08  0.99216056E+00  0.10086604E+01
  0.34000000E+02  0.36347810E-07  0.35623728E-07  0.35681008E-07 -0.51800519E-08  0.98007905E+00  0.10098103E+01
  0.35000000E+02  0.30809183E-07  0.30895865E-07  0.30909465E-07 -0.36685763E-08  0.10028136E+01  0.10283855E+01
  0.36000000E+02  0.28901354E-07  0.27969721E-07  0.28025628E-07 -0.27647884E-08  0.96776503E+00  0.98889637E+00
  0.37000000E+02  0.24913058E-07  0.24374399E-07  0.24870525E-07 -0.34270962E-08  0.97837847E+00  0.10096091E+01
  0.38000000E+02  0.22356275E-07  0.21788189E-07  0.22520593E-07 -0.26296973E-08  0.97458941E+00  0.10020159E+01
  0.39000000E+02  0.19573708E-07  0.19345137E-07  0.18956669E-07 -0.23428055E-08  0.98832256E+00  0.10169648E+01
  0.40000000E+02  0.17742915E-07  0.17579586E-07  0.17545275E-07 -0.16094243E-08  0.99079472E+00  0.10130578E+01
  0.41000000E+02  0.16119847E-07  0.15819710E-07  0.15851743E-07 -0.19007826E-08  0.98138094E+00  0.10110452E+01
  0.42000000E+02  0.14038475E-07  0.13856149E-07  0.13585440E-07 -0.17123392E-08  0.98701239E+00  0.10184463E+01
  0.43000000E+02  0.12747582E-07  0.12521112E-07  0.12400169E-07 -0.13218394E-08  0.98223430E+00  0.10095932E+01
  0.44000000E+02  0.11312864E-07  0.11114604E-07  0.10970576E-07 -0.12882567E-08  0.98247480E+00  0.10132190E+01
  0.45000000E+02  0.10177034E-07  0.10247027E-07  0.10032646E-07 -0.12123247E-08  0.10068775E+01  0.10397695E+01
  0.46000000E+02  0.89331778E-08  0.87543421E-08  0.88128935E-08 -0.95366459E-09  0.97998077E+00  0.10101126E+01
  0.47000000E+02  0.82579827E-08  0.80343305E-08  0.78117850E-08 -0.73325418E-09  0.97291684E+00  0.99852383E+00
  0.48000000E+02  0.74044282E-08  0.72950948E-08  0.73314599E-08 -0.76306400E-09  0.98523402E+00  0.10155863E+01
  0.49000000E+02  0.67460881E-08  0.65771788E-08  0.65725634E-08 -0.69561085E-09  0.97496188E+00  0.10059639E+01
  0.50000000E+02  0.59947891E-08  0.60207168E-08  0.59144307E-08 -0.74094503E-09  0.10043250E+01  0.10422444E+01
  0.51000000E+02  0.53281992E-08  0.52929008E-08  0.51667834E-08 -0.50250115E-09  0.99337518E+00  0.10228877E+01
  0.52000000E+02  0.49526561E-08  0.48275144E-08  0.47793831E-08 -0.42032477E-09  0.97473240E+00  0.10018113E+01
  0.53000000E+02  0.44390380E-08  0.43078896E-08  0.43141890E-08 -0.53704557E-09  0.97045565E+00  0.10097996E+01
  0.54000000E+02  0.39253969E-08  0.39197077E-08  0.38603725E-08 -0.44938284E-09  0.99855065E+00  0.10364827E+01
  0.55000000E+02  0.35546723E-08  0.34945555E-08  0.34671608E-08 -0.32293837E-09  0.98308796E+00  0.10137473E+01
  0.56000000E+02  0.32703253E-08  0.31796887E-08  0.31995520E-08 -0.21367293E-09  0.97228515E+00  0.99473572E+00
  0.57000000E+02  0.30737266E-08  0.29579272E-08  0.29354315E-08 -0.32527026E-09  0.96232605E+00  0.99933738E+00
  0.58000000E+02  0.26419069E-08  0.26198426E-08  0.26077733E-08 -0.34598849E-09  0.99164832E+00  0.10382553E+01
  0.59000000E+02  0.24305673E-08  0.23545166E-08  0.23418509E-08 -0.15521595E-09  0.96871072E+00  0.99182928E+00
  0.60000000E+02  0.22769129E-08  0.21942348E-08  0.21694047E-08 -0.20924723E-09  0.96368849E+00  0.99752182E+00
  0.61000000E+02  0.20163660E-08  0.19635673E-08  0.19320143E-08 -0.22465914E-09  0.97381496E+00  0.10155177E+01
  0.62000000E+02  0.18392627E-08  0.17997885E-08  0.17649645E-08 -0.19725199E-09  0.97853804E+00  0.10193369E+01
  0.63000000E+02  0.16252755E-08  0.15986915E-08  0.15730338E-08 -0.16578315E-09  0.98364341E+00  0.10230740E+01
  0.64000000E+02  0.15152130E-08  0.14810290E-08  0.14385543E-08 -0.91436435E-10  0.97743946E+00  0.10011371E+01
  0.65000000E+02  0.14133652E-08  0.13682507E-08  0.13429700E-08 -0.14316204E-09  0.96808010E+00  0.10084788E+01
  0.66000000E+02  0.12412180E-08  0.12013522E-08  0.11801776E-08 -0.13503916E-09  0.96788174E+00  0.10119408E+01
  0.67000000E+02  0.11512600E-08  0.11183462E-08  0.11017934E-08 -0.98238105E-10  0.97141063E+00  0.10064908E+01
  0.68000000E+02  0.10388412E-08  0.10066125E-08  0.98406083E-09 -0.87133877E-10  0.96897620E+00  0.10039729E+01
  0.69000000E+02  0.97320796E-09  0.93420904E-09  0.92482894E-09 -0.87257944E-10  0.95992744E+00  0.99788761E+00
  0.70000000E+02  0.86240820E-09  0.84186813E-09  0.82362872E-09 -0.97978979E-10  0.97618288E+00  0.10249804E+01
  0.71000000E+02  0.78689089E-09  0.75487955E-09  0.75488893E-09 -0.66338844E-10  0.95931923E+00  0.99604672E+00
  0.72000000E+02  0.72405237E-09  0.70905665E-09  0.69777478E-09 -0.61919594E-10  0.97928917E+00  0.10170699E+01
  0.73000000E+02  0.66242756E-09  0.63956557E-09  0.63541639E-09 -0.56777739E-10  0.96548754E+00  0.10038798E+01
  0.74000000E+02  0.60973687E-09  0.59186900E-09  0.58228417E-09 -0.54302524E-10  0.97069573E+00  0.10111337E+01
  0.75000000E+02  0.55369981E-09  0.52658594E-09  0.52517435E-09 -0.52417692E-10  0.95103145E+00  0.99459714E+00
  0.76000000E+02  0.50586085E-09  0.49056187E-09  0.47802101E-09 -0.46689177E-10  0.96975654E+00  0.10127972E+01
  0.77000000E+02  0.46043172E-09  0.45072024E-09  0.44445267E-09 -0.40874595E-10  0.97890788E+00  0.10208509E+01
  0.78000000E+02  0.42386233E-09  0.40561363E-09  0.39831569E-09 -0.35618345E-10  0.95694661E+00  0.99716485E+00
  0.79000000E+02  0.38820674E-09  0.37800932E-09  0.36739711E-09 -0.34569233E-10  0.97373199E+00  0.10168972E+01
  0.80000000E+02  0.35548114E-09  0.34629666E-09  0.34087841E-09 -0.29743149E-10  0.97416323E+00  0.10152347E+01
  0.81000000E+02  0.32821307E-09  0.31906294E-09  0.31585090E-09 -0.27213126E-10  0.97212136E+00  0.10133300E+01
  0.82000000E+02  0.30083064E-09  0.29183045E-09  0.28322281E-09 -0.24901881E-10  0.97008222E+00  0.10117311E+01
  0.83000000E+02  0.27756025E-09  0.26459501E-09  0.26004063E-09 -0.26475410E-10  0.95328856E+00  0.10018669E+01
  0.84000000E+02  0.24908114E-09  0.24353602E-09  0.23808969E-09 -0.22960620E-10  0.97773772E+00  0.10252496E+01
  0.85000000E+02  0.23192201E-09  0.22590652E-09  0.22055978E-09 -0.18229552E-10  0.97406244E+00  0.10150576E+01
  0.86000000E+02  0.21125213E-09  0.20603436E-09  0.20133654E-09 -0.19664414E-10  0.97530073E+00  0.10244207E+01
  0.87000000E+02  0.19368275E-09  0.18878431E-09  0.18261438E-09 -0.15820033E-10  0.97470891E+00  0.10183119E+01
  0.88000000E+02  0.17914005E-09  0.17339025E-09  0.16944947E-09 -0.14382402E-10  0.96790332E+00  0.10112545E+01
  0.89000000E+02  0.16486583E-09  0.15955816E-09  0.15721055E-09 -0.12614223E-10  0.96780610E+00  0.10095891E+01
  0.90000000E+02  0.15330558E-09  0.14837835E-09  0.14557015E-09 -0.13490088E-10  0.96786010E+00  0.10164536E+01
  0.91000000E+02  0.13837761E-09  0.13337088E-09  0.13147555E-09 -0.12228336E-10  0.96381837E+00  0.10131611E+01
  0.92000000E+02  0.12911544E-09  0.12509122E-09  0.12148618E-09 -0.98523698E-11  0.96883237E+00  0.10119079E+01
  0.93000000E+02  0.11808474E-09  0.11454974E-09  0.11056339E-09 -0.10014409E-10  0.97006387E+00  0.10184582E+01
  0.94000000E+02  0.10919096E-09  0.10606453E-09  0.10307208E-09 -0.95540477E-11  0.97136730E+00  0.10218344E+01
  0.95000000E+02  0.99154691E-10  0.96822383E-10  0.93348849E-10 -0.84509596E-11  0.97647810E+00  0.10261598E+01
  0.96000000E+02  0.92323656E-10  0.90284183E-10  0.87328672E-10 -0.72414596E-11  0.97790951E+00  0.10241120E+01
  0.97000000E+02  0.84557819E-10  0.82763400E-10  0.79466690E-10 -0.63632936E-11  0.97877878E+00  0.10235686E+01
  0.98000000E+02  0.79313479E-10  0.77299743E-10  0.74319759E-10 -0.65813505E-11  0.97461039E+00  0.10245074E+01
  0.99000000E+02  0.71432797E-10  0.70205050E-10  0.67390135E-10 -0.67023318E-11  0.98281258E+00  0.10398084E+01
  0.10000000E+03  0.66299695E-10  0.64324927E-10  0.62645264E-10 -0.51539645E-11  0.97021455E+00  0.10179136E+01
  0.10100000E+03  0.60875534E-10  0.59656079E-10  0.58319745E-10 -0.47919984E-11  0.97996807E+00  0.10287517E+01
  0.10200000E+03  0.56702944E-10  0.54912411E-10  0.53665489E-10 -0.42087254E-11  0.96842259E+00  0.10148768E+01
  0.10300000E+03  0.52162764E-10  0.50871460E-10  0.49209106E-10 -0.50869070E-11  0.97524470E+00  0.10368773E+01
  0.10400000E+03  0.47102246E-10  0.45803982E-10  0.44201955E-10 -0.33926870E-11  0.97243732E+00  0.10184011E+01
  0.10500000E+03  0.45112827E-10  0.43910060E-10  0.42433990E-10 -0.28566325E-11  0.97333866E+00  0.10141352E+01
  0.10600000E+03  0.41015694E-10  0.40014509E-10  0.38423254E-10 -0.38566576E-11  0.97559017E+00  0.10367472E+01
  0.10700000E+03  0.37749952E-10  0.36820234E-10  0.35313322E-10 -0.33100794E-11  0.97537166E+00  0.10329403E+01
  0.10800000E+03  0.34479142E-10  0.33473307E-10  0.32395604E-10 -0.25227572E-11  0.97082776E+00  0.10193145E+01
  0.10900000E+03  0.32541365E-10  0.31837873E-10  0.30462469E-10 -0.23408419E-11  0.97838157E+00  0.10264924E+01
  0.11000000E+03  0.29620081E-10  0.28652259E-10  0.27717564E-10 -0.29307990E-11  0.96732551E+00  0.10341096E+01
  0.11100000E+03  0.26967569E-10  0.26409779E-10  0.25506706E-10 -0.22587227E-11  0.97931629E+00  0.10363621E+01
  0.11200000E+03  0.25058365E-10  0.24821286E-10  0.23819334E-10 -0.18770820E-11  0.99053890E+00  0.10420177E+01
  0.11300000E+03  0.23152313E-10  0.22863943E-10  0.21993844E-10 -0.16804380E-11  0.98754466E+00  0.10378699E+01
  0.11400000E+03  0.21623025E-10  0.21066664E-10  0.20385133E-10 -0.17763424E-11  0.97426999E+00  0.10317339E+01
  0.11500000E+03  0.19650096E-10  0.19248630E-10  0.18581090E-10 -0.16632402E-11  0.97956932E+00  0.10392959E+01
  0.11600000E+03  0.18356733E-10  0.17997558E-10  0.17321486E-10 -0.12744780E-11  0.98043364E+00  0.10298505E+01
  0.11700000E+03  0.16980863E-10  0.16672393E-10  0.15984344E-10 -0.14158019E-11  0.98183423E+00  0.10416903E+01
  0.11800000E+03  0.15562902E-10  0.15198098E-10  0.14576299E-10 -0.13810909E-11  0.97655940E+00  0.10408125E+01
  0.11900000E+03  0.14289071E-10  0.14040651E-10  0.13441712E-10 -0.10548349E-11  0.98261470E+00  0.10365170E+01
  0.12000000E+03  0.13395489E-10  0.13170571E-10  0.12597726E-10 -0.96938462E-12  0.98320949E+00  0.10364937E+01
  0.12100000E+03  0.12299578E-10  0.12051624E-10  0.11616270E-10 -0.10893895E-11  0.97984046E+00  0.10455999E+01
  0.12200000E+03  0.11279571E-10  0.11148850E-10  0.10605758E-10 -0.93045114E-12  0.98841083E+00  0.10501614E+01
  0.12300000E+03  0.10434404E-10  0.10279289E-10  0.98815157E-11 -0.81628047E-12  0.98513424E+00  0.10441756E+01
  0.12400000E+03  0.96395123E-11  0.94690809E-11  0.91135823E-11 -0.71234425E-12  0.98231947E+00  0.10385454E+01
  0.12500000E+03  0.89744722E-11  0.88483769E-11  0.84950501E-11 -0.75089956E-12  0.98594958E+00  0.10501240E+01
  0.12600000E+03  0.81482486E-11  0.80626929E-11  0.77351060E-11 -0.74893526E-12  0.98950011E+00  0.10605609E+01
  0.12700000E+03  0.75150901E-11  0.73890772E-11  0.71449621E-11 -0.59378153E-12  0.98323202E+00  0.10448030E+01
  0.12800000E+03  0.69516788E-11  0.69045464E-11  0.66072733E-11 -0.47306088E-12  0.99321997E+00  0.10466663E+01
  0.12900000E+03  0.65272939E-11  0.63946118E-11  0.61534458E-11 -0.51388716E-12  0.97967273E+00  0.10419894E+01
  0.13000000E+03  0.59226101E-11  0.58601518E-11  0.56444081E-11 -0.56848016E-12  0.98945427E+00  0.10660185E+01
  0.13100000E+03  0.54491880E-11  0.53525214E-11  0.51973742E-11 -0.35938863E-12  0.98226035E+00  0.10352736E+01
  0.13200000E+03  0.51485929E-11  0.50859763E-11  0.48718998E-11 -0.40211522E-12  0.98783809E+00  0.10510962E+01
  0.13300000E+03  0.46478208E-11  0.45499225E-11  0.44136457E-11 -0.41620627E-12  0.97893673E+00  0.10520154E+01
  0.13400000E+03  0.43370537E-11  0.42554987E-11  0.41286362E-11 -0.33936081E-12  0.98119575E+00  0.10455314E+01
  0.13500000E+03  0.39513514E-11  0.39018641E-11  0.37537599E-11 -0.35068343E-12  0.98747587E+00  0.10609921E+01
  0.13600000E+03  0.36491673E-11  0.36208484E-11  0.34905852E-11 -0.29328287E-12  0.99223959E+00  0.10593071E+01
  0.13700000E+03  0.33529301E-11  0.33478392E-11  0.32220802E-11 -0.29202755E-12  0.99848163E+00  0.10716966E+01
  0.13800000E+03  0.30690786E-11  0.30418101E-11  0.29528947E-11 -0.27132192E-12  0.99111509E+00  0.10659727E+01
  0.13900000E+03  0.28149716E-11  0.28202839E-11  0.27184383E-11 -0.23150527E-12  0.10018872E+01  0.10720297E+01
  0.14000000E+03  0.26013612E-11  0.26025137E-11  0.25122528E-11 -0.21322507E-12  0.10004430E+01  0.10708549E+01
  0.14100000E+03  0.23892531E-11  0.23825278E-11  0.22982978E-11 -0.18642775E-12  0.99718517E+00  0.10646919E+01
  0.14200000E+03  0.22220318E-11  0.22162962E-11  0.21374051E-11 -0.18481873E-12  0.99741876E+00  0.10698898E+01
  0.14300000E+03  0.20174697E-11  0.20127342E-11  0.19571564E-11 -0.19429342E-12  0.99765271E+00  0.10821546E+01
  0.14400000E+03  0.18449192E-11  0.18415391E-11  0.18008453E-11 -0.15335156E-12  0.99816787E+00  0.10716114E+01
  0.14500000E+03  0.17038727E-11  0.17109392E-11  0.16564647E-11 -0.14454726E-12  0.10041473E+01  0.10796254E+01
  0.14600000E+03  0.15534748E-11  0.15636874E-11  0.15231357E-11 -0.14385361E-12  0.10065740E+01  0.10895303E+01
  0.14700000E+03  0.14204821E-11  0.14331183E-11  0.14004914E-11 -0.12387519E-12  0.10088956E+01  0.10875542E+01
  0.14800000E+03  0.13040374E-11  0.13111713E-11  0.12788308E-11 -0.11187373E-12  0.10054706E+01  0.10833782E+01
  0.14900000E+03  0.11948762E-11  0.12141499E-11  0.11865419E-11 -0.10655168E-12  0.10161302E+01  0.10976577E+01
  0.15000000E+03  0.10911126E-11  0.11061820E-11  0.10757552E-11 -0.99868444E-13  0.10138111E+01  0.10980533E+01
  0.15100000E+03  0.99570363E-12  0.10085200E-11  0.98388441E-12 -0.91260624E-13  0.10128716E+01  0.10977917E+01
  0.15200000E+03  0.90907799E-12  0.92389302E-12  0.90075609E-12 -0.80888340E-13  0.10162967E+01  0.10992835E+01
  0.15300000E+03  0.83372729E-12  0.84751189E-12  0.83100698E-12 -0.69735403E-13  0.10165337E+01  0.10950574E+01
  0.15400000E+03  0.76596200E-12  0.77924668E-12  0.76584502E-12 -0.74597548E-13  0.10173438E+01  0.11093713E+01
  0.15500000E+03  0.68760080E-12  0.70412513E-12  0.68911315E-12 -0.66007773E-13  0.10240319E+01  0.11153318E+01
  0.15600000E+03  0.63523644E-12  0.65061444E-12  0.63867011E-12 -0.51702705E-13  0.10242083E+01  0.11021163E+01
  0.15700000E+03  0.58001607E-12  0.59327353E-12  0.58742637E-12 -0.55338638E-13  0.10228571E+01  0.11147683E+01
  0.15800000E+03  0.52571673E-12  0.53866460E-12  0.53184665E-12 -0.53133750E-13  0.10246290E+01  0.11226132E+01
  0.15900000E+03  0.47550690E-12  0.48763527E-12  0.48176068E-12 -0.44360691E-13  0.10255063E+01  0.11165223E+01
  0.16000000E+03  0.43676811E-12  0.45051205E-12  0.44606113E-12 -0.35921092E-13  0.10314673E+01  0.11122092E+01
  0.16100000E+03  0.40075541E-12  0.41313044E-12  0.41012335E-12 -0.39881499E-13  0.10308793E+01  0.11291893E+01
  0.16200000E+03  0.35875784E-12  0.37131694E-12  0.36911606E-12 -0.35568530E-13  0.10350072E+01  0.11335578E+01
  0.16300000E+03  0.33000265E-12  0.33974172E-12  0.33742223E-12 -0.30318159E-13  0.10295120E+01  0.11213988E+01
  0.16400000E+03  0.29756839E-12  0.31013565E-12  0.30760699E-12 -0.27247058E-13  0.10422332E+01  0.11343750E+01
  0.16500000E+03  0.27505778E-12  0.28557698E-12  0.28410393E-12 -0.25517228E-13  0.10382437E+01  0.11321670E+01
  0.16600000E+03  0.24616352E-12  0.25525776E-12  0.25564292E-12 -0.25635101E-13  0.10369439E+01  0.11430155E+01
  0.16700000E+03  0.22497046E-12  0.23494897E-12  0.23430753E-12 -0.20472825E-13  0.10443548E+01  0.11376047E+01
  0.16800000E+03  0.20449107E-12  0.21231640E-12  0.21387178E-12 -0.18822077E-13  0.10382673E+01  0.11331490E+01
  0.16900000E+03  0.18735211E-12  0.19555738E-12  0.19565479E-12 -0.16280730E-13  0.10437959E+01  0.11339079E+01
  0.17000000E+03  0.17108165E-12  0.17836935E-12  0.17995304E-12 -0.17478150E-13  0.10425978E+01  0.11491643E+01
  0.17100000E+03  0.15306387E-12  0.16001678E-12  0.16296360E-12 -0.15807802E-13  0.10454248E+01  0.11537863E+01
  0.17200000E+03  0.13992293E-12  0.14739718E-12  0.14987616E-12 -0.12421169E-13  0.10534168E+01  0.11471044E+01
  0.17300000E+03  0.12777594E-12  0.13453786E-12  0.13662992E-12 -0.10774761E-13  0.10529202E+01  0.11424329E+01
  0.17400000E+03  0.11783223E-12  0.12402710E-12  0.12616596E-12 -0.11213187E-13  0.10525737E+01  0.11541739E+01
  0.17500000E+03  0.10563538E-12  0.11079753E-12  0.11313530E-12 -0.10362556E-13  0.10488676E+01  0.11542034E+01
  0.17600000E+03  0.97356727E-13  0.10238215E-12  0.10555491E-12 -0.84749822E-14  0.10516187E+01  0.11456268E+01
  0.17700000E+03  0.88322565E-13  0.92894029E-13  0.95426603E-13 -0.82538736E-14  0.10517588E+01  0.11532525E+01
  0.17800000E+03  0.81029462E-13  0.85568495E-13  0.88273979E-13 -0.69880595E-14  0.10560170E+01  0.11502090E+01
  0.17900000E+03  0.74063755E-13  0.77979974E-13  0.81015747E-13 -0.70180868E-14  0.10528764E+01  0.11569512E+01
  0.18000000E+03  0.67142980E-13  0.71287411E-13  0.74012072E-13 -0.63455655E-14  0.10617255E+01  0.11661067E+01
  0.18100000E+03  0.61447775E-13  0.65321602E-13  0.68143421E-13 -0.53493218E-14  0.10630426E+01  0.11597258E+01
  0.18200000E+03  0.56248405E-13  0.59533460E-13  0.61999064E-13 -0.52053025E-14  0.10584027E+01  0.11617470E+01
  0.18300000E+03  0.51099021E-13  0.54132930E-13  0.56919869E-13 -0.47446411E-14  0.10593731E+01  0.11636342E+01
  0.18400000E+03  0.46816578E-13  0.49663148E-13  0.52259771E-13 -0.40196029E-14  0.10608026E+01  0.11577377E+01
  0.18500000E+03  0.42928853E-13  0.45426712E-13  0.48080158E-13 -0.38200889E-14  0.10581861E+01  0.11591986E+01
  0.18600000E+03  0.39122300E-13  0.41640126E-13  0.44068709E-13 -0.38343919E-14  0.10643578E+01  0.11762153E+01
  0.18700000E+03  0.35385855E-13  0.37711086E-13  0.40031726E-13 -0.32867472E-14  0.10657108E+01  0.11722864E+01
  0.18800000E+03  0.32485309E-13  0.34585971E-13  0.36818442E-13 -0.30593066E-14  0.10646650E+01  0.11733010E+01
  0.18900000E+03  0.29273886E-13  0.31266622E-13  0.33467386E-13 -0.27962487E-14  0.10680722E+01  0.11788460E+01
  0.19000000E+03  0.26938228E-13  0.28635575E-13  0.30730799E-13 -0.23046019E-14  0.10630089E+01  0.11627469E+01
  0.19100000E+03  0.24564186E-13  0.26180289E-13  0.28312522E-13 -0.22402558E-14  0.10657910E+01  0.11726739E+01
  0.19200000E+03  0.22462936E-13  0.23951705E-13  0.25920480E-13 -0.21216894E-14  0.10662767E+01  0.11775514E+01
  0.19300000E+03  0.20354625E-13  0.21707242E-13  0.23617325E-13 -0.18555771E-14  0.10664525E+01  0.11744101E+01
  0.19400000E+03  0.18722022E-13  0.19990354E-13  0.21720274E-13 -0.17133024E-14  0.10677454E+01  0.11766794E+01
  0.19500000E+03  0.16903799E-13  0.17985810E-13  0.19730152E-13 -0.16699359E-14  0.10640099E+01  0.11822133E+01
  0.19600000E+03  0.15415964E-13  0.16455268E-13  0.18072752E-13 -0.14767536E-14  0.10674174E+01  0.11826229E+01
  0.19700000E+03  0.13945394E-13  0.14877033E-13  0.16438006E-13 -0.13192614E-14  0.10668062E+01  0.11811588E+01
  0.19800000E+03  0.12775820E-13  0.13566214E-13  0.15102496E-13 -0.11434139E-14  0.10618664E+01  0.11705989E+01
  0.19900000E+03  0.11613784E-13  0.12322702E-13  0.13724754E-13 -0.11634738E-14  0.10610411E+01  0.11833663E+01
  0.20000000E+03  0.10484055E-13  0.11166880E-13  0.12491330E-13 -0.10223387E-14  0.10651299E+01  0.11847972E+01
  0.20100000E+03  0.95729546E-14  0.10167335E-13  0.11478719E-13 -0.86425032E-15  0.10620894E+01  0.11734343E+01
  0.20200000E+03  0.87172506E-14  0.92488290E-14  0.10400126E-13 -0.86986477E-15  0.10609801E+01  0.11846611E+01
  0.20300000E+03  0.78503564E-14  0.83536253E-14  0.94247035E-14 -0.79961790E-15  0.10641078E+01  0.11909808E+01
  0.20400000E+03  0.71416465E-14  0.75896863E-14  0.86617682E-14 -0.61858244E-15  0.10627362E+01  0.11711562E+01
  0.20500000E+03  0.65635363E-14  0.69784270E-14  0.79715135E-14 -0.65552944E-15  0.10632114E+01  0.11888399E+01
  0.20600000E+03  0.58456797E-14  0.61744827E-14  0.71144542E-14 -0.61751555E-15  0.10562471E+01  0.11897713E+01
  0.20700000E+03  0.53489758E-14  0.56713536E-14  0.65350261E-14 -0.49011841E-15  0.10602691E+01  0.11766497E+01
  0.20800000E+03  0.48353481E-14  0.51013627E-14  0.59240769E-14 -0.49658969E-15  0.10550146E+01  0.11860875E+01
  0.20900000E+03  0.43623057E-14  0.46175298E-14  0.53833501E-14 -0.46469313E-15  0.10585067E+01  0.11951149E+01
  0.21000000E+03  0.39113949E-14  0.41630005E-14  0.48778434E-14 -0.41751442E-15  0.10643263E+01  0.12018695E+01
  0.21100000E+03  0.35336667E-14  0.37524809E-14  0.44250915E-14 -0.33803169E-15  0.10619227E+01  0.11857722E+01
  0.21200000E+03  0.32164103E-14  0.34201221E-14  0.40375697E-14 -0.34011393E-15  0.10633352E+01  0.12008878E+01
  0.21300000E+03  0.28588090E-14  0.30504486E-14  0.36278942E-14 -0.31591796E-15  0.10670347E+01  0.12114619E+01
  0.21400000E+03  0.25939014E-14  0.27699040E-14  0.33000886E-14 -0.25164409E-15  0.10678525E+01  0.11952400E+01
  0.21500000E+03  0.23446109E-14  0.24922765E-14  0.29745415E-14 -0.23541828E-15  0.10629809E+01  0.11954417E+01
  0.21600000E+03  0.21225551E-14  0.22662896E-14  0.27181554E-14 -0.21585073E-15  0.10677177E+01  0.12024986E+01
  0.21700000E+03  0.19130578E-14  0.20451090E-14  0.24581142E-14 -0.19484278E-15  0.10690262E+01  0.12046375E+01
  0.21800000E+03  0.17316855E-14  0.18461977E-14  0.22241980E-14 -0.17633400E-15  0.10661275E+01  0.12023358E+01
  0.21900000E+03  0.15557672E-14  0.16726120E-14  0.20230156E-14 -0.17983293E-15  0.10751044E+01  0.12304319E+01
  0.22000000E+03  0.13802387E-14  0.14921427E-14  0.18185725E-14 -0.14614153E-15  0.10810758E+01  0.12240053E+01
  0.22100000E+03  0.12594791E-14  0.13517168E-14  0.16670250E-14 -0.13113399E-15  0.10732348E+01  0.12144223E+01
  0.22200000E+03  0.11150791E-14  0.12010784E-14  0.14813091E-14 -0.12726343E-15  0.10771240E+01  0.12325883E+01
  0.22300000E+03  0.10080983E-14  0.10954440E-14  0.13496603E-14 -0.10936850E-15  0.10866441E+01  0.12350919E+01
  0.22400000E+03  0.89635335E-15  0.97711529E-15  0.12077644E-14 -0.91891005E-16  0.00000000E+00  0.00000000E+00
  0.22500000E+03  0.82209561E-15  0.89497829E-15  0.11141485E-14 -0.82211794E-16  0.00000000E+00  0.00000000E+00
  0.22600000E+03  0.72974969E-15  0.79571757E-15  0.99177447E-15 -0.81740744E-16  0.00000000E+00  0.00000000E+00
  0.22700000E+03  0.66181077E-15  0.72328302E-15  0.89986303E-15 -0.65300648E-16  0.00000000E+00  0.00000000E+00
  0.22800000E+03  0.59496362E-15  0.65591394E-15  0.81567383E-15 -0.68549960E-16  0.00000000E+00  0.00000000E+00
  0.22900000E+03  0.52741502E-15  0.58879113E-15  0.73532195E-15 -0.58584365E-16  0.00000000E+00  0.00000000E+00
  0.23000000E+03  0.47718316E-15  0.53299919E-15  0.66669958E-15 -0.52424242E-16  0.00000000E+00  0.00000000E+00
  0.23100000E+03  0.42257947E-15  0.47010434E-15  0.59550567E-15 -0.45616466E-16  0.00000000E+00  0.00000000E+00
  0.23200000E+03  0.38537011E-15  0.43251109E-15  0.54398965E-15 -0.40707930E-16  0.00000000E+00  0.00000000E+00
  0.23300000E+03  0.34030817E-15  0.38502224E-15  0.48718667E-15 -0.39393348E-16  0.00000000E+00  0.00000000E+00
  0.23400000E+03  0.30750787E-15  0.34743057E-15  0.44220406E-15 -0.33679516E-16  0.00000000E+00  0.00000000E+00
  0.23500000E+03  0.27240185E-15  0.31042085E-15  0.39400219E-15 -0.30950551E-16  0.00000000E+00  0.00000000E+00
  0.23600000E+03  0.24627385E-15  0.28253909E-15  0.35761990E-15 -0.24508010E-16  0.00000000E+00  0.00000000E+00
  0.23700000E+03  0.22184253E-15  0.25648557E-15  0.32516817E-15 -0.24835706E-16  0.00000000E+00  0.00000000E+00
  0.23800000E+03  0.19712944E-15  0.23071595E-15  0.29184504E-15 -0.22513634E-16  0.00000000E+00  0.00000000E+00
  0.23900000E+03  0.17727505E-15  0.20887619E-15  0.26472834E-15 -0.18399210E-16  0.00000000E+00  0.00000000E+00
  0.24000000E+03  0.15989756E-15  0.18969185E-15  0.23855058E-15 -0.15975721E-16  0.00000000E+00  0.00000000E+00
  0.24100000E+03  0.14477799E-15  0.17273751E-15  0.21760471E-15 -0.15590272E-16  0.00000000E+00  0.00000000E+00
  0.24200000E+03  0.12886165E-15  0.15562060E-15  0.19596185E-15 -0.14529070E-16  0.00000000E+00  0.00000000E+00
  0.24300000E+03  0.11607100E-15  0.14109614E-15  0.17645953E-15 -0.11971041E-16  0.00000000E+00  0.00000000E+00
  0.24400000E+03  0.10459046E-15  0.12766168E-15  0.16003065E-15 -0.10816921E-16  0.00000000E+00  0.00000000E+00
  0.24500000E+03  0.94261016E-16  0.11595926E-15  0.14438173E-15 -0.10243089E-16  0.00000000E+00  0.00000000E+00
  0.24600000E+03  0.84184791E-16  0.10484437E-15  0.13065936E-15 -0.93746960E-17  0.00000000E+00  0.00000000E+00
  0.24700000E+03  0.75742672E-16  0.94829785E-16  0.11758980E-15 -0.74812589E-17  0.00000000E+00  0.00000000E+00
  0.24800000E+03  0.68940071E-16  0.87363547E-16  0.10694752E-15 -0.67701458E-17  0.00000000E+00  0.00000000E+00
  0.24900000E+03  0.62078350E-16  0.79281377E-16  0.96846161E-16 -0.64588132E-17  0.00000000E+00  0.00000000E+00
  0.25000000E+03  0.56111962E-16  0.72554659E-16  0.87850816E-16 -0.57440232E-17  0.00000000E+00  0.00000000E+00
  0.25100000E+03  0.50623563E-16  0.66237308E-16  0.79612944E-16 -0.49014691E-17  0.00000000E+00  0.00000000E+00
  0.25200000E+03  0.46230046E-16  0.61106479E-16  0.72691693E-16 -0.43585205E-17  0.00000000E+00  0.00000000E+00
  0.25300000E+03  0.41840658E-16  0.55840005E-16  0.65589196E-16 -0.40498560E-17  0.00000000E+00  0.00000000E+00
  0.25400000E+03  0.38150963E-16  0.51126591E-16  0.60015765E-16 -0.36311512E-17  0.00000000E+00  0.00000000E+00
  0.25500000E+03  0.34589179E-16  0.46884872E-16  0.54165759E-16 -0.31794639E-17  0.00000000E+00  0.00000000E+00
  0.25600000E+03  0.31792035E-16  0.43558166E-16  0.49544112E-16 -0.27971443E-17  0.00000000E+00  0.00000000E+00
