 # Normalized spectrum: k_eta, E_norm, E_pope_norm
 # Columns: k_eta, normalized_simulated_spectrum, normalized_pope_spectrum
  0.13977514E-01  0.10419440E+03  0.27242691E+02
  0.27955027E-01  0.15877494E+04  0.67305794E+02
  0.41932542E-01  0.18631824E+03  0.83325874E+02
  0.55910055E-01  0.19574744E+03  0.81059074E+02
  0.69887571E-01  0.15673615E+03  0.72029900E+02
  0.83865084E-01  0.11837282E+03  0.61995541E+02
  0.97842604E-01  0.96470703E+02  0.52935154E+02
  0.11182011E+00  0.86281952E+02  0.45286041E+02
  0.12579763E+00  0.87420593E+02  0.38968914E+02
  0.13977514E+00  0.61323292E+02  0.33771637E+02
  0.15375267E+00  0.49281197E+02  0.29477598E+02
  0.16773017E+00  0.44427433E+02  0.25902052E+02
  0.18170768E+00  0.39432892E+02  0.22896933E+02
  0.19568521E+00  0.31372267E+02  0.20346544E+02
  0.20966271E+00  0.25052832E+02  0.18161139E+02
  0.22364022E+00  0.23751135E+02  0.16271217E+02
  0.23761775E+00  0.19741959E+02  0.14622777E+02
  0.25159526E+00  0.17383808E+02  0.13173694E+02
  0.26557276E+00  0.14022703E+02  0.11890935E+02
  0.27955028E+00  0.12544840E+02  0.10748477E+02
  0.29352781E+00  0.11294408E+02  0.97256699E+01
  0.30750534E+00  0.92909384E+01  0.88060522E+01
  0.32148281E+00  0.81396103E+01  0.79763670E+01
  0.33546034E+00  0.71853004E+01  0.72258544E+01
  0.34943786E+00  0.65492411E+01  0.65456600E+01
  0.36341536E+00  0.56791854E+01  0.59284225E+01
  0.37739289E+00  0.47315140E+01  0.53679013E+01
  0.39137042E+00  0.42456293E+01  0.48587432E+01
  0.40534788E+00  0.37130620E+01  0.43962698E+01
  0.41932541E+00  0.32234626E+01  0.39763315E+01
  0.43330294E+00  0.28924177E+01  0.35952065E+01
  0.44728044E+00  0.24458842E+01  0.32495234E+01
  0.46125796E+00  0.22419918E+01  0.29361999E+01
  0.47523549E+00  0.20275073E+01  0.26524048E+01
  0.48921302E+00  0.17467383E+01  0.23955350E+01
  0.50319052E+00  0.15865046E+01  0.21631892E+01
  0.51716799E+00  0.13911021E+01  0.19531536E+01
  0.53114551E+00  0.12509712E+01  0.17633874E+01
  0.54512304E+00  0.10755363E+01  0.15920180E+01
  0.55910057E+00  0.99726921E+00  0.14373236E+01
  0.57307804E+00  0.88783091E+00  0.12977304E+01
  0.58705562E+00  0.77840912E+00  0.11717950E+01
  0.60103309E+00  0.71227664E+00  0.10582062E+01
  0.61501068E+00  0.61270088E+00  0.95576656E+00
  0.62898815E+00  0.57603669E+00  0.86339074E+00
  0.64296561E+00  0.48901322E+00  0.78009224E+00
  0.65694320E+00  0.44781646E+00  0.70497686E+00
  0.67092067E+00  0.40613922E+00  0.63723868E+00
  0.68489820E+00  0.36580226E+00  0.57614613E+00
  0.69887573E+00  0.33153495E+00  0.52104121E+00
  0.71285325E+00  0.29483595E+00  0.47132874E+00
  0.72683072E+00  0.27011773E+00  0.42647329E+00
  0.74080825E+00  0.24369825E+00  0.38599172E+00
  0.75478578E+00  0.21780364E+00  0.34944975E+00
  0.76876324E+00  0.19646186E+00  0.31645629E+00
  0.78274083E+00  0.17879577E+00  0.28665888E+00
  0.79671830E+00  0.16508092E+00  0.25974154E+00
  0.81069577E+00  0.14524800E+00  0.23541877E+00
  0.82467335E+00  0.13282445E+00  0.21343443E+00
  0.83865082E+00  0.12289929E+00  0.19355817E+00
  0.85262835E+00  0.10877813E+00  0.17558262E+00
  0.86660588E+00  0.99428944E-01  0.15932125E+00
  0.88058341E+00  0.87864481E-01  0.14460632E+00
  0.89456087E+00  0.81955098E-01  0.13128674E+00
  0.90853840E+00  0.76050907E-01  0.11922666E+00
  0.92251593E+00  0.67592122E-01  0.10830378E+00
  0.93649340E+00  0.62341921E-01  0.98407932E-01
  0.95047098E+00  0.55468220E-01  0.89439802E-01
  0.96444845E+00  0.51928919E-01  0.81310198E-01
  0.97842604E+00  0.46571154E-01  0.73938511E-01
  0.99240351E+00  0.42525299E-01  0.67252167E-01
  0.10063810E+01  0.39384738E-01  0.61185766E-01
  0.10203586E+01  0.35313796E-01  0.55680186E-01
  0.10343360E+01  0.32934703E-01  0.50682288E-01
  0.10483136E+01  0.29536555E-01  0.46143956E-01
  0.10622910E+01  0.27294783E-01  0.42021859E-01
  0.10762686E+01  0.24947518E-01  0.38276754E-01
  0.10902461E+01  0.22628222E-01  0.34873318E-01
  0.11042236E+01  0.20804791E-01  0.31779572E-01
  0.11182011E+01  0.19061670E-01  0.28966591E-01
  0.11321787E+01  0.17605115E-01  0.26408294E-01
  0.11461561E+01  0.16013637E-01  0.24081020E-01
  0.11601337E+01  0.14674572E-01  0.21963375E-01
  0.11741112E+01  0.13371140E-01  0.20036036E-01
  0.11880887E+01  0.12447967E-01  0.18281480E-01
  0.12020662E+01  0.11385166E-01  0.16683860E-01
  0.12160437E+01  0.10265290E-01  0.15228798E-01
  0.12300214E+01  0.95901107E-02  0.13903248E-01
  0.12439988E+01  0.87451208E-02  0.12695477E-01
  0.12579763E+01  0.81748357E-02  0.11594742E-01
  0.12719538E+01  0.73768026E-02  0.10591331E-01
  0.12859312E+01  0.67947078E-02  0.96764918E-02
  0.12999088E+01  0.62607452E-02  0.88421917E-02
  0.13138864E+01  0.57561439E-02  0.80812005E-02
  0.13278639E+01  0.52363346E-02  0.73869429E-02
  0.13418413E+01  0.48789084E-02  0.67534512E-02
  0.13558189E+01  0.44992031E-02  0.61752843E-02
  0.13697964E+01  0.41669887E-02  0.56475126E-02
  0.13837738E+01  0.37456504E-02  0.51656584E-02
  0.13977515E+01  0.34964159E-02  0.47256351E-02
  0.14117290E+01  0.32310465E-02  0.43237535E-02
  0.14257065E+01  0.29871811E-02  0.39566383E-02
  0.14396839E+01  0.27502642E-02  0.36212227E-02
  0.14536614E+01  0.24787781E-02  0.33147174E-02
  0.14676390E+01  0.23632189E-02  0.30345838E-02
  0.14816165E+01  0.21348216E-02  0.27785099E-02
  0.14955940E+01  0.19702113E-02  0.25443945E-02
  0.15095716E+01  0.18177461E-02  0.23303176E-02
  0.15235490E+01  0.16942926E-02  0.21345355E-02
  0.15375265E+01  0.15441217E-02  0.19554549E-02
  0.15515040E+01  0.14176088E-02  0.17916291E-02
  0.15654817E+01  0.13184446E-02  0.16417349E-02
  0.15794591E+01  0.12214812E-02  0.15045698E-02
  0.15934366E+01  0.11307128E-02  0.13790315E-02
  0.16074141E+01  0.10255115E-02  0.12641193E-02
  0.16213915E+01  0.96719246E-03  0.11589212E-02
  0.16353692E+01  0.88862167E-03  0.10626001E-02
  0.16493467E+01  0.80819032E-03  0.97439578E-03
  0.16633242E+01  0.74941164E-03  0.89361391E-03
  0.16773016E+01  0.70230471E-03  0.81962103E-03
  0.16912792E+01  0.64629863E-03  0.75183733E-03
  0.17052567E+01  0.59458875E-03  0.68973296E-03
  0.17192342E+01  0.54701412E-03  0.63282653E-03
  0.17332118E+01  0.50566200E-03  0.58067514E-03
  0.17471893E+01  0.47437381E-03  0.53287693E-03
  0.17611668E+01  0.42806088E-03  0.48906292E-03
  0.17751442E+01  0.39578002E-03  0.44889608E-03
  0.17891217E+01  0.36662054E-03  0.41206862E-03
  0.18030994E+01  0.34194879E-03  0.37829924E-03
  0.18170768E+01  0.31516943E-03  0.34733093E-03
  0.18310543E+01  0.28662637E-03  0.31892754E-03
  0.18450319E+01  0.27011611E-03  0.29287406E-03
  0.18590094E+01  0.24466374E-03  0.26897373E-03
  0.18729868E+01  0.22736723E-03  0.24704612E-03
  0.18869644E+01  0.20821839E-03  0.22692645E-03
  0.19009420E+01  0.19296960E-03  0.20846333E-03
  0.19149194E+01  0.17887328E-03  0.19151942E-03
  0.19288969E+01  0.16239742E-03  0.17596749E-03
  0.19428744E+01  0.15025887E-03  0.16169222E-03
  0.19568521E+01  0.13927495E-03  0.14858710E-03
  0.19708295E+01  0.12762361E-03  0.13655558E-03
  0.19848070E+01  0.11832931E-03  0.12550845E-03
  0.19987845E+01  0.10712317E-03  0.11536416E-03
  0.20127621E+01  0.98924909E-04  0.10604803E-03
  0.20267396E+01  0.91256799E-04  0.97492113E-04
  0.20407171E+01  0.83730352E-04  0.89633126E-04
  0.20546947E+01  0.76709788E-04  0.82413928E-04
  0.20686719E+01  0.70339272E-04  0.75781994E-04
  0.20826497E+01  0.64697444E-04  0.69688678E-04
  0.20966272E+01  0.59348309E-04  0.64090076E-04
  0.21106045E+01  0.53891414E-04  0.58945563E-04
  0.21245821E+01  0.49558625E-04  0.54217777E-04
  0.21385596E+01  0.45426277E-04  0.49872640E-04
  0.21525371E+01  0.41941479E-04  0.45878998E-04
  0.21665146E+01  0.37664999E-04  0.42208070E-04
  0.21804922E+01  0.34856879E-04  0.38833386E-04
  0.21944697E+01  0.31957170E-04  0.35730944E-04
  0.22084472E+01  0.28916629E-04  0.32878506E-04
  0.22224247E+01  0.26302358E-04  0.30255747E-04
  0.22364023E+01  0.24127685E-04  0.27844035E-04
  0.22503798E+01  0.22285039E-04  0.25626176E-04
  0.22643573E+01  0.20038971E-04  0.23586475E-04
  0.22783346E+01  0.18429109E-04  0.21710475E-04
  0.22923121E+01  0.16647613E-04  0.19984896E-04
  0.23062897E+01  0.15398105E-04  0.18397568E-04
  0.23202674E+01  0.13799082E-04  0.16937338E-04
  0.23342450E+01  0.12775183E-04  0.15593918E-04
  0.23482225E+01  0.11631665E-04  0.14357925E-04
  0.23622000E+01  0.10604714E-04  0.13220640E-04
  0.23761773E+01  0.97397915E-05  0.12174160E-04
  0.23901548E+01  0.88110282E-05  0.11211138E-04
  0.24041324E+01  0.80703367E-05  0.10324867E-04
  0.24181099E+01  0.74051745E-05  0.95091800E-05
  0.24320874E+01  0.67668343E-05  0.87584212E-05
  0.24460649E+01  0.61254809E-05  0.80673608E-05
  0.24600427E+01  0.56499930E-05  0.74312152E-05
  0.24740198E+01  0.51715579E-05  0.68456320E-05
  0.24879975E+01  0.47552830E-05  0.63064863E-05
  0.25019751E+01  0.43337554E-05  0.58101195E-05
  0.25159526E+01  0.39773940E-05  0.53530885E-05
  0.25299301E+01  0.36609872E-05  0.49322548E-05
  0.25439076E+01  0.33211866E-05  0.45447346E-05
  0.25578852E+01  0.30655231E-05  0.41878661E-05
  0.25718625E+01  0.28165757E-05  0.38592202E-05
  0.25858400E+01  0.25895843E-05  0.35565322E-05
  0.25998175E+01  0.23517455E-05  0.32777375E-05
  0.26137950E+01  0.21568710E-05  0.30209435E-05
  0.26277728E+01  0.19855015E-05  0.27843951E-05
  0.26417503E+01  0.18205614E-05  0.25664890E-05
  0.26557279E+01  0.16548213E-05  0.23657472E-05
  0.26697052E+01  0.15308243E-05  0.21808075E-05
  0.26836827E+01  0.14034230E-05  0.20104144E-05
  0.26976602E+01  0.12759758E-05  0.18534187E-05
  0.27116377E+01  0.11755095E-05  0.17087560E-05
  0.27256153E+01  0.10672960E-05  0.15754553E-05
  0.27395928E+01  0.98615385E-06  0.14526145E-05
  0.27535703E+01  0.89884918E-06  0.13394084E-05
  0.27675476E+01  0.82434218E-06  0.12350804E-05
  0.27815251E+01  0.74852539E-06  0.11389245E-05
  0.27955029E+01  0.68325869E-06  0.10502972E-05
  0.28094804E+01  0.63325649E-06  0.96860833E-06
  0.28234580E+01  0.56907055E-06  0.89330808E-06
  0.28374355E+01  0.52055685E-06  0.82389442E-06
  0.28514130E+01  0.47717594E-06  0.75990647E-06
  0.28653903E+01  0.43868647E-06  0.70091716E-06
  0.28793678E+01  0.39321856E-06  0.64653005E-06
  0.28933454E+01  0.36245061E-06  0.59638654E-06
  0.29073229E+01  0.32748724E-06  0.55015352E-06
  0.29213004E+01  0.29938690E-06  0.50752311E-06
  0.29352779E+01  0.27004438E-06  0.46821484E-06
  0.29492557E+01  0.24580325E-06  0.43196582E-06
  0.29632330E+01  0.22550141E-06  0.39853984E-06
  0.29772105E+01  0.20415911E-06  0.36771254E-06
  0.29911880E+01  0.18456076E-06  0.33928259E-06
  0.30051656E+01  0.16827633E-06  0.31306180E-06
  0.30191431E+01  0.15310360E-06  0.28887774E-06
  0.30331206E+01  0.13891561E-06  0.26657150E-06
  0.30470979E+01  0.12569632E-06  0.24599660E-06
  0.30610754E+01  0.11463750E-06  0.22701705E-06
  0.30750530E+01  0.10246470E-06  0.20950928E-06
  0.30890305E+01  0.94402090E-07  0.19335839E-06
  0.31030080E+01  0.84129098E-07  0.17845822E-06
  0.31169858E+01  0.76924721E-07  0.16471209E-06
  0.31309633E+01  0.69031742E-07  0.15202954E-06
  0.31449406E+01  0.63210365E-07  0.14032864E-06
  0.31589181E+01  0.56662149E-07  0.12953238E-06
  0.31728957E+01  0.51176180E-07  0.11957039E-06
  0.31868732E+01  0.46512639E-07  0.11037820E-06
  0.32008507E+01  0.42056694E-07  0.10189588E-06
  0.32148283E+01  0.37983540E-07  0.94068398E-07
  0.32288058E+01  0.34106545E-07  0.86844928E-07
  0.32427831E+01  0.31363601E-07  0.80178758E-07
  0.32567606E+01  0.28112796E-07  0.74026396E-07
  0.32707384E+01  0.25518204E-07  0.68348150E-07
  0.32847159E+01  0.22805541E-07  0.63107457E-07
  0.32986934E+01  0.20764611E-07  0.58270334E-07
  0.33126709E+01  0.18818493E-07  0.53805500E-07
  0.33266485E+01  0.16926043E-07  0.49684338E-07
  0.33406258E+01  0.15336157E-07  0.45880174E-07
  0.33546033E+01  0.13875077E-07  0.42368470E-07
  0.33685808E+01  0.12664079E-07  0.39126697E-07
  0.33825583E+01  0.11374968E-07  0.36133965E-07
  0.33965359E+01  0.10279526E-07  0.33371091E-07
  0.34105134E+01  0.93513997E-08  0.30820331E-07
  0.34244912E+01  0.84588265E-08  0.28465292E-07
  0.34384685E+01  0.76172446E-08  0.26291051E-07
  0.34524460E+01  0.68940733E-08  0.24283475E-07
  0.34664235E+01  0.63032068E-08  0.22429795E-07
  0.34804010E+01  0.57075664E-08  0.20718200E-07
  0.34943786E+01  0.51829065E-08  0.19137710E-07
  0.35083561E+01  0.46885518E-08  0.17678262E-07
  0.35223336E+01  0.43123660E-08  0.16330510E-07
  0.35363109E+01  0.38912580E-08  0.15085964E-07
  0.35502884E+01  0.35635643E-08  0.13936599E-07
  0.35642660E+01  0.32305894E-08  0.12875108E-07
  0.35782435E+01  0.29685763E-08  0.11894793E-07
