 # Normalized spectrum: k_eta, E_norm, E_pope_norm
 # Columns: k_eta, normalized_simulated_spectrum, normalized_pope_spectrum
  0.13613686E-01  0.13780515E+03  0.27307329E+02
  0.27227372E-01  0.14689705E+04  0.68111458E+02
  0.40841058E-01  0.22659842E+03  0.85074074E+02
  0.54454744E-01  0.20567430E+03  0.83298149E+02
  0.68068430E-01  0.15829933E+03  0.74349266E+02
  0.81682116E-01  0.13112469E+03  0.64187637E+02
  0.95295809E-01  0.11284971E+03  0.54925854E+02
  0.10890949E+00  0.86802658E+02  0.47064964E+02
  0.12252317E+00  0.90667709E+02  0.40551289E+02
  0.13613686E+00  0.68351295E+02  0.35180733E+02
  0.14975056E+00  0.54138531E+02  0.30737406E+02
  0.16336423E+00  0.46293697E+02  0.27034451E+02
  0.17697792E+00  0.40199284E+02  0.23920956E+02
  0.19059162E+00  0.32733440E+02  0.21278288E+02
  0.20420529E+00  0.26852774E+02  0.19014065E+02
  0.21781898E+00  0.25528147E+02  0.17056498E+02
  0.23143268E+00  0.21586998E+02  0.15349628E+02
  0.24504635E+00  0.18174271E+02  0.13849697E+02
  0.25866005E+00  0.15118434E+02  0.12522276E+02
  0.27227372E+00  0.13542596E+02  0.11340170E+02
  0.28588742E+00  0.12213663E+02  0.10281775E+02
  0.29950112E+00  0.10118011E+02  0.93298054E+01
  0.31311476E+00  0.87603703E+01  0.84703569E+01
  0.32672846E+00  0.75387235E+01  0.76921406E+01
  0.34034216E+00  0.70055780E+01  0.69858956E+01
  0.35395584E+00  0.60662136E+01  0.63439498E+01
  0.36756954E+00  0.51809731E+01  0.57598457E+01
  0.38118324E+00  0.46743636E+01  0.52280707E+01
  0.39479688E+00  0.40288630E+01  0.47438521E+01
  0.40841058E+00  0.35156357E+01  0.43029838E+01
  0.42202428E+00  0.31502943E+01  0.39017241E+01
  0.43563795E+00  0.27360930E+01  0.35366940E+01
  0.44925165E+00  0.25175259E+01  0.32048211E+01
  0.46286535E+00  0.22057981E+01  0.29032884E+01
  0.47647902E+00  0.19373542E+01  0.26295028E+01
  0.49009269E+00  0.17706324E+01  0.23810742E+01
  0.50370640E+00  0.15398500E+01  0.21557920E+01
  0.51732010E+00  0.13892461E+01  0.19516168E+01
  0.53093380E+00  0.12166059E+01  0.17666653E+01
  0.54454744E+00  0.11066746E+01  0.15992032E+01
  0.55816114E+00  0.99815845E+00  0.14476347E+01
  0.57177484E+00  0.88907266E+00  0.13104955E+01
  0.58538848E+00  0.79954916E+00  0.11864434E+01
  0.59900224E+00  0.70765555E+00  0.10742513E+01
  0.61261588E+00  0.64278525E+00  0.97280025E+00
  0.62622952E+00  0.55662465E+00  0.88106906E+00
  0.63984329E+00  0.51457465E+00  0.79812908E+00
  0.65345693E+00  0.46874771E+00  0.72313899E+00
  0.66707063E+00  0.42413339E+00  0.65533233E+00
  0.68068433E+00  0.37793198E+00  0.59401643E+00
  0.69429803E+00  0.33739462E+00  0.53856403E+00
  0.70791167E+00  0.31060103E+00  0.48840725E+00
  0.72152537E+00  0.27771562E+00  0.44303271E+00
  0.73513907E+00  0.25226060E+00  0.40197706E+00
  0.74875271E+00  0.22635424E+00  0.36482176E+00
  0.76236647E+00  0.20690440E+00  0.33118835E+00
  0.77598011E+00  0.18957955E+00  0.30073661E+00
  0.78959376E+00  0.16988957E+00  0.27315855E+00
  0.80320752E+00  0.15435509E+00  0.24817646E+00
  0.81682116E+00  0.14113133E+00  0.22554041E+00
  0.83043486E+00  0.12675211E+00  0.20502438E+00
  0.84404856E+00  0.11615074E+00  0.18642478E+00
  0.85766226E+00  0.10289906E+00  0.16955790E+00
  0.87127590E+00  0.96277699E-01  0.15425836E+00
  0.88488960E+00  0.88377051E-01  0.14037633E+00
  0.89850330E+00  0.78685358E-01  0.12777700E+00
  0.91211694E+00  0.72803803E-01  0.11633870E+00
  0.92573071E+00  0.66137217E-01  0.10595135E+00
  0.93934435E+00  0.61439876E-01  0.96515998E-01
  0.95295805E+00  0.55114165E-01  0.87942816E-01
  0.96657175E+00  0.49693331E-01  0.80150940E-01
  0.98018539E+00  0.46418238E-01  0.73067226E-01
  0.99379909E+00  0.42168740E-01  0.66625521E-01
  0.10074128E+01  0.39008897E-01  0.60766067E-01
  0.10210265E+01  0.34912065E-01  0.55434849E-01
  0.10346402E+01  0.32510657E-01  0.50582934E-01
  0.10482538E+01  0.29737541E-01  0.46166137E-01
  0.10618676E+01  0.26747508E-01  0.42144291E-01
  0.10754812E+01  0.24777604E-01  0.38481265E-01
  0.10890949E+01  0.22772087E-01  0.35144109E-01
  0.11027086E+01  0.21096950E-01  0.32103155E-01
  0.11163223E+01  0.19188384E-01  0.29331421E-01
  0.11299360E+01  0.17585713E-01  0.26804453E-01
  0.11435497E+01  0.15951643E-01  0.24500119E-01
  0.11571633E+01  0.14807333E-01  0.22398308E-01
  0.11707770E+01  0.13664727E-01  0.20480772E-01
  0.11843908E+01  0.12443583E-01  0.18730950E-01
  0.11980045E+01  0.11471242E-01  0.17133852E-01
  0.12116181E+01  0.10510988E-01  0.15675837E-01
  0.12252318E+01  0.98037450E-02  0.14344466E-01
  0.12388455E+01  0.88754660E-02  0.13128513E-01
  0.12524590E+01  0.82170712E-02  0.12017749E-01
  0.12660729E+01  0.75520379E-02  0.11002831E-01
  0.12796866E+01  0.69324044E-02  0.10075337E-01
  0.12933003E+01  0.63112080E-02  0.92275636E-02
  0.13069139E+01  0.58811284E-02  0.84525039E-02
  0.13205276E+01  0.54565705E-02  0.77437866E-02
  0.13341413E+01  0.50593661E-02  0.70956112E-02
  0.13477550E+01  0.45741517E-02  0.65027014E-02
  0.13613687E+01  0.42644199E-02  0.59602428E-02
  0.13749824E+01  0.39395876E-02  0.54638512E-02
  0.13885961E+01  0.36261301E-02  0.50095459E-02
  0.14022096E+01  0.33307422E-02  0.45936839E-02
  0.14158233E+01  0.30217629E-02  0.42129438E-02
  0.14294372E+01  0.28854378E-02  0.38642976E-02
  0.14430507E+01  0.25926577E-02  0.35449988E-02
  0.14566644E+01  0.24097261E-02  0.32525221E-02
  0.14702781E+01  0.22294701E-02  0.29845771E-02
  0.14838917E+01  0.20830608E-02  0.27390651E-02
  0.14975054E+01  0.19017316E-02  0.25140755E-02
  0.15111192E+01  0.17365904E-02  0.23078558E-02
  0.15247329E+01  0.16257478E-02  0.21188201E-02
  0.15383465E+01  0.15041529E-02  0.19455086E-02
  0.15519602E+01  0.13910253E-02  0.17865889E-02
  0.15655739E+01  0.12659234E-02  0.16408475E-02
  0.15791875E+01  0.11834729E-02  0.15071720E-02
  0.15928013E+01  0.10967627E-02  0.13845467E-02
  0.16064150E+01  0.10030399E-02  0.12720433E-02
  0.16200287E+01  0.92691166E-03  0.11688139E-02
  0.16336423E+01  0.86587272E-03  0.10740795E-02
  0.16472560E+01  0.79872110E-03  0.98713231E-03
  0.16608697E+01  0.73357875E-03  0.90732012E-03
  0.16744834E+01  0.67978358E-03  0.83404861E-03
  0.16880971E+01  0.62753609E-03  0.76677458E-03
  0.17017108E+01  0.58376923E-03  0.70499897E-03
  0.17153245E+01  0.53265202E-03  0.64826576E-03
  0.17289381E+01  0.49517601E-03  0.59615803E-03
  0.17425518E+01  0.45508609E-03  0.54829207E-03
  0.17561656E+01  0.42423242E-03  0.50431793E-03
  0.17697792E+01  0.39062760E-03  0.46391529E-03
  0.17833929E+01  0.35672894E-03  0.42678951E-03
  0.17970066E+01  0.33562761E-03  0.39267101E-03
  0.18106203E+01  0.30580262E-03  0.36131291E-03
  0.18242339E+01  0.28378572E-03  0.33248949E-03
  0.18378477E+01  0.25949563E-03  0.30599211E-03
  0.18514614E+01  0.24056190E-03  0.28163136E-03
  0.18650750E+01  0.22364751E-03  0.25923239E-03
  0.18786887E+01  0.20474457E-03  0.23863508E-03
  0.18923024E+01  0.18844572E-03  0.21969288E-03
  0.19059161E+01  0.17429733E-03  0.20227111E-03
  0.19195298E+01  0.15956671E-03  0.18624619E-03
  0.19331435E+01  0.14813234E-03  0.17150452E-03
  0.19467572E+01  0.13494575E-03  0.15794236E-03
  0.19603708E+01  0.12492378E-03  0.14546410E-03
  0.19739845E+01  0.11527443E-03  0.13398207E-03
  0.19875982E+01  0.10590319E-03  0.12341587E-03
  0.20012119E+01  0.97605211E-04  0.11369142E-03
  0.20148256E+01  0.89174791E-04  0.10474104E-03
  0.20284393E+01  0.82184109E-04  0.96502474E-04
  0.20420530E+01  0.75277479E-04  0.88918263E-04
  0.20556667E+01  0.68805261E-04  0.81935970E-04
  0.20692804E+01  0.63069878E-04  0.75507494E-04
  0.20828941E+01  0.58018766E-04  0.69588103E-04
  0.20965075E+01  0.53687076E-04  0.64137377E-04
  0.21101213E+01  0.48629201E-04  0.59117410E-04
  0.21237352E+01  0.44739198E-04  0.54494099E-04
  0.21373489E+01  0.41053147E-04  0.50235722E-04
  0.21509624E+01  0.37325386E-04  0.46313227E-04
  0.21645761E+01  0.34114979E-04  0.42699692E-04
  0.21781898E+01  0.31422278E-04  0.39370669E-04
  0.21918035E+01  0.28906448E-04  0.36303460E-04
  0.22054172E+01  0.26163938E-04  0.33477310E-04
  0.22190309E+01  0.24024275E-04  0.30873081E-04
  0.22326446E+01  0.21910848E-04  0.28473178E-04
  0.22462583E+01  0.20213593E-04  0.26261407E-04
  0.22598720E+01  0.18226434E-04  0.24222927E-04
  0.22734857E+01  0.16853288E-04  0.22343986E-04
  0.22870994E+01  0.15353147E-04  0.20611978E-04
  0.23007131E+01  0.14030780E-04  0.19015348E-04
  0.23143265E+01  0.12940422E-04  0.17543403E-04
  0.23279402E+01  0.11781239E-04  0.16186315E-04
  0.23415539E+01  0.10817897E-04  0.14935027E-04
  0.23551676E+01  0.99084527E-05  0.13781211E-04
  0.23687816E+01  0.91210441E-05  0.12717235E-04
  0.23823953E+01  0.82170900E-05  0.11736040E-04
  0.23960090E+01  0.76432025E-05  0.10831131E-04
  0.24096224E+01  0.69860912E-05  0.99965437E-05
  0.24232361E+01  0.64077658E-05  0.92267283E-05
  0.24368498E+01  0.58844789E-05  0.85166275E-05
  0.24504635E+01  0.53828262E-05  0.78615813E-05
  0.24640772E+01  0.49661016E-05  0.72572880E-05
  0.24776909E+01  0.45346296E-05  0.66997804E-05
  0.24913046E+01  0.41627395E-05  0.61854071E-05
  0.25049181E+01  0.38148487E-05  0.57107995E-05
  0.25185318E+01  0.35004534E-05  0.52728697E-05
  0.25321457E+01  0.32090441E-05  0.48687421E-05
  0.25457594E+01  0.29434837E-05  0.44958088E-05
  0.25593731E+01  0.27141809E-05  0.41516378E-05
  0.25729868E+01  0.24739725E-05  0.38339949E-05
  0.25866005E+01  0.22692248E-05  0.35408127E-05
  0.26002140E+01  0.20905604E-05  0.32702060E-05
  0.26138277E+01  0.19201541E-05  0.30204071E-05
  0.26274414E+01  0.17505602E-05  0.27898188E-05
  0.26410551E+01  0.16190978E-05  0.25769441E-05
  0.26546688E+01  0.14776813E-05  0.23804182E-05
  0.26682825E+01  0.13561771E-05  0.21989745E-05
  0.26818964E+01  0.12469091E-05  0.20314469E-05
  0.26955099E+01  0.11352237E-05  0.18767661E-05
  0.27091236E+01  0.10371465E-05  0.17339325E-05
  0.27227373E+01  0.95199044E-06  0.16020365E-05
  0.27363510E+01  0.87474132E-06  0.14802345E-05
  0.27499647E+01  0.80014576E-06  0.13677499E-05
  0.27635784E+01  0.72953395E-06  0.12638607E-05
  0.27771921E+01  0.67129554E-06  0.11679123E-05
  0.27908056E+01  0.61571166E-06  0.10792901E-05
  0.28044193E+01  0.55566221E-06  0.99743204E-06
  0.28180330E+01  0.51324781E-06  0.92181750E-06
  0.28316467E+01  0.46739211E-06  0.85196768E-06
  0.28452606E+01  0.42634468E-06  0.78744023E-06
  0.28588743E+01  0.38685192E-06  0.72782774E-06
  0.28724880E+01  0.35222516E-06  0.67275431E-06
  0.28861015E+01  0.32287903E-06  0.62187104E-06
  0.28997152E+01  0.29317613E-06  0.57485727E-06
  0.29133289E+01  0.26849312E-06  0.53141713E-06
  0.29269426E+01  0.24237914E-06  0.49127618E-06
  0.29405563E+01  0.22315136E-06  0.45418423E-06
  0.29541700E+01  0.20266087E-06  0.41990810E-06
  0.29677835E+01  0.18460632E-06  0.38823208E-06
  0.29813972E+01  0.16768563E-06  0.35895764E-06
  0.29950109E+01  0.15259262E-06  0.33190264E-06
  0.30086246E+01  0.14033522E-06  0.30689679E-06
  0.30222385E+01  0.12609486E-06  0.28378415E-06
  0.30358522E+01  0.11618668E-06  0.26242128E-06
  0.30494659E+01  0.10481954E-06  0.24267473E-06
  0.30630794E+01  0.97012183E-07  0.22442177E-06
  0.30766931E+01  0.87288946E-07  0.20754796E-06
  0.30903068E+01  0.79725886E-07  0.19194933E-06
  0.31039205E+01  0.72169314E-07  0.17752845E-06
  0.31175342E+01  0.66074207E-07  0.16419648E-06
  0.31311479E+01  0.59443209E-07  0.15187031E-06
  0.31447616E+01  0.53962975E-07  0.14047382E-06
  0.31583750E+01  0.49507083E-07  0.12993675E-06
  0.31719887E+01  0.44876085E-07  0.12019375E-06
  0.31856027E+01  0.40901256E-07  0.11118450E-06
  0.31992164E+01  0.36832176E-07  0.10285368E-06
  0.32128301E+01  0.33559697E-07  0.95150121E-07
  0.32264438E+01  0.30551959E-07  0.88026013E-07
  0.32400575E+01  0.27788733E-07  0.81437712E-07
  0.32536709E+01  0.25204926E-07  0.75344822E-07
  0.32672846E+01  0.23023430E-07  0.69709728E-07
  0.32808983E+01  0.21007743E-07  0.64497868E-07
  0.32945120E+01  0.18887761E-07  0.59677348E-07
  0.33081257E+01  0.17361060E-07  0.55218781E-07
  0.33217394E+01  0.15840534E-07  0.51094720E-07
  0.33353534E+01  0.14456798E-07  0.47279887E-07
  0.33489668E+01  0.13048350E-07  0.43751182E-07
  0.33625805E+01  0.11862589E-07  0.40486956E-07
  0.33761942E+01  0.10902419E-07  0.37467291E-07
  0.33898079E+01  0.99170530E-08  0.34673711E-07
  0.34034216E+01  0.90733012E-08  0.32089350E-07
  0.34170353E+01  0.81804110E-08  0.29698308E-07
  0.34306490E+01  0.75494304E-08  0.27486186E-07
  0.34442625E+01  0.68483694E-08  0.25439551E-07
  0.34578762E+01  0.62648393E-08  0.23545864E-07
  0.34714899E+01  0.56945444E-08  0.21793753E-07
  0.34851036E+01  0.52625704E-08  0.20172495E-07
