 # Normalized spectrum: k_eta, E_norm, E_pope_norm
 # Columns: k_eta, normalized_simulated_spectrum, normalized_pope_spectrum
  0.12827734E-01  0.32906659E+03  0.33366203E+02
  0.25655467E-01  0.73664154E+03  0.81291313E+02
  0.38483199E-01  0.19916742E+03  0.99358826E+02
  0.51310934E-01  0.18526096E+03  0.95767090E+02
  0.64138666E-01  0.14856236E+03  0.84573479E+02
  0.76966397E-01  0.10535300E+03  0.72493683E+02
  0.89794137E-01  0.95932030E+02  0.61732613E+02
  0.10262187E+00  0.76764717E+02  0.52722103E+02
  0.11544960E+00  0.78452019E+02  0.45323536E+02
  0.12827733E+00  0.55660400E+02  0.39263950E+02
  0.14110507E+00  0.47332775E+02  0.34276730E+02
  0.15393279E+00  0.47265797E+02  0.30138599E+02
  0.16676053E+00  0.40346767E+02  0.26672466E+02
  0.17958827E+00  0.35045609E+02  0.23740707E+02
  0.19241600E+00  0.29270302E+02  0.21236959E+02
  0.20524374E+00  0.28643118E+02  0.19078915E+02
  0.21807148E+00  0.23359592E+02  0.17202614E+02
  0.23089920E+00  0.21789724E+02  0.15558081E+02
  0.24372694E+00  0.17840063E+02  0.14106006E+02
  0.25655466E+00  0.16910469E+02  0.12815285E+02
  0.26938242E+00  0.14891682E+02  0.11661174E+02
  0.28221014E+00  0.12869374E+02  0.10623863E+02
  0.29503787E+00  0.11451606E+02  0.96873846E+01
  0.30786559E+00  0.10227530E+02  0.88388042E+01
  0.32069334E+00  0.92117157E+01  0.80675459E+01
  0.33352107E+00  0.81633492E+01  0.73649106E+01
  0.34634882E+00  0.69738188E+01  0.67236485E+01
  0.35917655E+00  0.63898449E+01  0.61376615E+01
  0.37200427E+00  0.55812607E+01  0.56017480E+01
  0.38483199E+00  0.49741530E+01  0.51114154E+01
  0.39765975E+00  0.44353008E+01  0.46627250E+01
  0.41048747E+00  0.39586489E+01  0.42521873E+01
  0.42331523E+00  0.36320221E+01  0.38766639E+01
  0.43614295E+00  0.32564809E+01  0.35333102E+01
  0.44897068E+00  0.28727098E+01  0.32195287E+01
  0.46179840E+00  0.25795724E+01  0.29329271E+01
  0.47462612E+00  0.23146474E+01  0.26712992E+01
  0.48745388E+00  0.21143050E+01  0.24326005E+01
  0.50028163E+00  0.18538841E+01  0.22149386E+01
  0.51310933E+00  0.17189001E+01  0.20165594E+01
  0.52593708E+00  0.15716472E+01  0.18358337E+01
  0.53876483E+00  0.13821112E+01  0.16712587E+01
  0.55159253E+00  0.12668629E+01  0.15214447E+01
  0.56442028E+00  0.11134911E+01  0.13851068E+01
  0.57724804E+00  0.10327603E+01  0.12610641E+01
  0.59007573E+00  0.90589714E+00  0.11482301E+01
  0.60290349E+00  0.83354169E+00  0.10456055E+01
  0.61573118E+00  0.76008397E+00  0.95227659E+00
  0.62855899E+00  0.68977970E+00  0.86740649E+00
  0.64138669E+00  0.62837201E+00  0.79023069E+00
  0.65421444E+00  0.55926371E+00  0.72004896E+00
  0.66704214E+00  0.51687771E+00  0.65622598E+00
  0.67986983E+00  0.46676949E+00  0.59817952E+00
  0.69269764E+00  0.42284614E+00  0.54538238E+00
  0.70552534E+00  0.38342035E+00  0.49735373E+00
  0.71835309E+00  0.35242090E+00  0.45365626E+00
  0.73118079E+00  0.32678175E+00  0.41389281E+00
  0.74400854E+00  0.29158255E+00  0.37770271E+00
  0.75683630E+00  0.26637563E+00  0.34475857E+00
  0.76966399E+00  0.24678326E+00  0.31476313E+00
  0.78249174E+00  0.22241220E+00  0.28744653E+00
  0.79531950E+00  0.20467551E+00  0.26256382E+00
  0.80814725E+00  0.18226272E+00  0.23989324E+00
  0.82097495E+00  0.17048261E+00  0.21923314E+00
  0.83380264E+00  0.15870909E+00  0.20040058E+00
  0.84663045E+00  0.14192516E+00  0.18322973E+00
  0.85945815E+00  0.13120027E+00  0.16757023E+00
  0.87228590E+00  0.11825328E+00  0.15328535E+00
  0.88511360E+00  0.11164027E+00  0.14025123E+00
  0.89794135E+00  0.99610016E-01  0.12835531E+00
  0.91076910E+00  0.91369338E-01  0.11749557E+00
  0.92359680E+00  0.85148610E-01  0.10757919E+00
  0.93642455E+00  0.77299148E-01  0.98521993E-01
  0.94925225E+00  0.71802936E-01  0.90247504E-01
  0.96208006E+00  0.64646736E-01  0.82686111E-01
  0.97490776E+00  0.60497541E-01  0.75774819E-01
  0.98773545E+00  0.55248983E-01  0.69456115E-01
  0.10005633E+01  0.50198689E-01  0.63677683E-01
  0.10133909E+01  0.46680655E-01  0.58392260E-01
  0.10262187E+01  0.42756397E-01  0.53556565E-01
  0.10390464E+01  0.39896868E-01  0.49131241E-01
  0.10518742E+01  0.36652263E-01  0.45080598E-01
  0.10647019E+01  0.33440482E-01  0.41372012E-01
  0.10775297E+01  0.30671123E-01  0.37975889E-01
  0.10903573E+01  0.28537797E-01  0.34865215E-01
  0.11031851E+01  0.26286740E-01  0.32015309E-01
  0.11160128E+01  0.24051620E-01  0.29403776E-01
  0.11288406E+01  0.22333832E-01  0.27010191E-01
  0.11416682E+01  0.20592622E-01  0.24815902E-01
  0.11544961E+01  0.19122131E-01  0.22803862E-01
  0.11673238E+01  0.17387960E-01  0.20958593E-01
  0.11801515E+01  0.16194347E-01  0.19265935E-01
  0.11929792E+01  0.14898792E-01  0.17712921E-01
  0.12058070E+01  0.13818237E-01  0.16287791E-01
  0.12186347E+01  0.12711622E-01  0.14979748E-01
  0.12314624E+01  0.11785304E-01  0.13778960E-01
  0.12442901E+01  0.10953378E-01  0.12676417E-01
  0.12571180E+01  0.10211919E-01  0.11663882E-01
  0.12699456E+01  0.91759646E-02  0.10733865E-01
  0.12827734E+01  0.86404113E-02  0.98794773E-02
  0.12956011E+01  0.80045005E-02  0.90944339E-02
  0.13084289E+01  0.73720212E-02  0.83729867E-02
  0.13212565E+01  0.68319580E-02  0.77098706E-02
  0.13340843E+01  0.62116054E-02  0.71002622E-02
  0.13469120E+01  0.59353341E-02  0.65397550E-02
  0.13597397E+01  0.54033361E-02  0.60243225E-02
  0.13725675E+01  0.50123325E-02  0.55502430E-02
  0.13853953E+01  0.46150335E-02  0.51141502E-02
  0.13982229E+01  0.43622288E-02  0.47129337E-02
  0.14110507E+01  0.39959783E-02  0.43437434E-02
  0.14238784E+01  0.36531112E-02  0.40039797E-02
  0.14367062E+01  0.34416893E-02  0.36912444E-02
  0.14495338E+01  0.31923209E-02  0.34033519E-02
  0.14623616E+01  0.29526041E-02  0.31382877E-02
  0.14751894E+01  0.26976338E-02  0.28942083E-02
  0.14880171E+01  0.25409441E-02  0.26694257E-02
  0.15008448E+01  0.23504852E-02  0.24623813E-02
  0.15136726E+01  0.21498611E-02  0.22716494E-02
  0.15265003E+01  0.20042269E-02  0.20959254E-02
  0.15393280E+01  0.18766663E-02  0.19340059E-02
  0.15521557E+01  0.17401321E-02  0.17847889E-02
  0.15649835E+01  0.16115254E-02  0.16472579E-02
  0.15778111E+01  0.14889369E-02  0.15204852E-02
  0.15906390E+01  0.13754799E-02  0.14036110E-02
  0.16034667E+01  0.12871774E-02  0.12958533E-02
  0.16162945E+01  0.11770464E-02  0.11964889E-02
  0.16291221E+01  0.10958103E-02  0.11048525E-02
  0.16419499E+01  0.10156170E-02  0.10203336E-02
  0.16547776E+01  0.95045124E-03  0.94236992E-03
  0.16676053E+01  0.87576319E-03  0.87044656E-03
  0.16804330E+01  0.80568920E-03  0.80408732E-03
  0.16932609E+01  0.75979118E-03  0.74285478E-03
  0.17060887E+01  0.69290173E-03  0.68634754E-03
  0.17189163E+01  0.64552616E-03  0.63419592E-03
  0.17317441E+01  0.59323397E-03  0.58605848E-03
  0.17445718E+01  0.55043394E-03  0.54162124E-03
  0.17573994E+01  0.51401882E-03  0.50059706E-03
  0.17702272E+01  0.46916475E-03  0.46271909E-03
  0.17830549E+01  0.43391366E-03  0.42774275E-03
  0.17958827E+01  0.40674466E-03  0.39544297E-03
  0.18087105E+01  0.37287909E-03  0.36561221E-03
  0.18215382E+01  0.34644827E-03  0.33805854E-03
  0.18343660E+01  0.31452967E-03  0.31260628E-03
  0.18471936E+01  0.29190865E-03  0.28909321E-03
  0.18600214E+01  0.27197757E-03  0.26736886E-03
  0.18728491E+01  0.24981252E-03  0.24729586E-03
  0.18856769E+01  0.22914808E-03  0.22874704E-03
  0.18985045E+01  0.21115271E-03  0.21160539E-03
  0.19113324E+01  0.19492756E-03  0.19576246E-03
  0.19241601E+01  0.17908383E-03  0.18111880E-03
  0.19369878E+01  0.16427376E-03  0.16758252E-03
  0.19498155E+01  0.15109741E-03  0.15506909E-03
  0.19626433E+01  0.13968034E-03  0.14349978E-03
  0.19754709E+01  0.12884887E-03  0.13280276E-03
  0.19882987E+01  0.11623987E-03  0.12291154E-03
  0.20011265E+01  0.10816402E-03  0.11376452E-03
  0.20139542E+01  0.99234145E-04  0.10530541E-03
  0.20267818E+01  0.90205329E-04  0.97481672E-04
  0.20396097E+01  0.82362385E-04  0.90244859E-04
  0.20524373E+01  0.76070995E-04  0.83550789E-04
  0.20652649E+01  0.70340422E-04  0.77358054E-04
  0.20780928E+01  0.63593026E-04  0.71628740E-04
  0.20909204E+01  0.58478996E-04  0.66328023E-04
  0.21037483E+01  0.53025396E-04  0.61423205E-04
  0.21165760E+01  0.49419174E-04  0.56884568E-04
  0.21294038E+01  0.44342403E-04  0.52684278E-04
  0.21422315E+01  0.40778512E-04  0.48797207E-04
  0.21550593E+01  0.37755119E-04  0.45199409E-04
  0.21678870E+01  0.34509700E-04  0.41869363E-04
  0.21807146E+01  0.31750151E-04  0.38786871E-04
  0.21935425E+01  0.28489085E-04  0.35933303E-04
  0.22063701E+01  0.26383585E-04  0.33291526E-04
  0.22191980E+01  0.24166571E-04  0.30845651E-04
  0.22320256E+01  0.22425815E-04  0.28581040E-04
  0.22448535E+01  0.20237134E-04  0.26484089E-04
  0.22576811E+01  0.18781868E-04  0.24542318E-04
  0.22705088E+01  0.17185674E-04  0.22744131E-04
  0.22833364E+01  0.15899974E-04  0.21078800E-04
  0.22961643E+01  0.14451262E-04  0.19536372E-04
  0.23089921E+01  0.13288947E-04  0.18107727E-04
  0.23218198E+01  0.12307739E-04  0.16784425E-04
  0.23346477E+01  0.11217328E-04  0.15558575E-04
  0.23474753E+01  0.10332849E-04  0.14423010E-04
  0.23603029E+01  0.94976549E-05  0.13370965E-04
  0.23731306E+01  0.87599310E-05  0.12396247E-04
  0.23859584E+01  0.80227428E-05  0.11493114E-04
  0.23987863E+01  0.73606366E-05  0.10656293E-04
  0.24116139E+01  0.67459046E-05  0.98808960E-05
  0.24244418E+01  0.62165395E-05  0.91622996E-05
  0.24372694E+01  0.56556710E-05  0.84963758E-05
  0.24500971E+01  0.52452747E-05  0.78792082E-05
  0.24629247E+01  0.47932531E-05  0.73072079E-05
  0.24757526E+01  0.43744271E-05  0.67770188E-05
  0.24885802E+01  0.40812934E-05  0.62855788E-05
  0.25014081E+01  0.36942938E-05  0.58300279E-05
  0.25142360E+01  0.34123029E-05  0.54077154E-05
  0.25270636E+01  0.31214977E-05  0.50162253E-05
  0.25398912E+01  0.28746881E-05  0.46532732E-05
  0.25527189E+01  0.26247396E-05  0.43167602E-05
  0.25655468E+01  0.23910991E-05  0.40047416E-05
  0.25783744E+01  0.21973510E-05  0.37154359E-05
  0.25912023E+01  0.20099542E-05  0.34471661E-05
  0.26040299E+01  0.18287778E-05  0.31983993E-05
  0.26168578E+01  0.16746720E-05  0.29676996E-05
  0.26296854E+01  0.15400495E-05  0.27537508E-05
  0.26425130E+01  0.13955774E-05  0.25553265E-05
  0.26553409E+01  0.12842778E-05  0.23712914E-05
  0.26681685E+01  0.11697177E-05  0.22005931E-05
  0.26809964E+01  0.10693368E-05  0.20422603E-05
  0.26938241E+01  0.97798613E-06  0.18953921E-05
  0.27066519E+01  0.88351766E-06  0.17591515E-05
  0.27194793E+01  0.81362111E-06  0.16327665E-05
  0.27323072E+01  0.73696469E-06  0.15155118E-05
  0.27451351E+01  0.67304086E-06  0.14067292E-05
  0.27579627E+01  0.61445951E-06  0.13058059E-05
  0.27707906E+01  0.56016103E-06  0.12121627E-05
  0.27836182E+01  0.51122851E-06  0.11252775E-05
  0.27964458E+01  0.46648279E-06  0.10446556E-05
  0.28092735E+01  0.42605970E-06  0.96984388E-06
  0.28221014E+01  0.38476730E-06  0.90041891E-06
  0.28349290E+01  0.35527151E-06  0.83599286E-06
  0.28477569E+01  0.31956327E-06  0.77620274E-06
  0.28605847E+01  0.29452553E-06  0.72071174E-06
  0.28734124E+01  0.26514584E-06  0.66921211E-06
  0.28862400E+01  0.24521955E-06  0.62141271E-06
  0.28990676E+01  0.22043875E-06  0.57704523E-06
  0.29118955E+01  0.20103586E-06  0.53586336E-06
  0.29247231E+01  0.18223128E-06  0.49763622E-06
  0.29375510E+01  0.16713066E-06  0.46215078E-06
  0.29503789E+01  0.15104597E-06  0.42920865E-06
  0.29632065E+01  0.13501636E-06  0.39862795E-06
  0.29760342E+01  0.12547530E-06  0.37023702E-06
  0.29888618E+01  0.11344957E-06  0.34387921E-06
  0.30016897E+01  0.10300194E-06  0.31940723E-06
  0.30145173E+01  0.92462315E-07  0.29668576E-06
  0.30273452E+01  0.84621547E-07  0.27558860E-06
  0.30401728E+01  0.77347153E-07  0.25599954E-06
  0.30530007E+01  0.69875767E-07  0.23780956E-06
  0.30658283E+01  0.63610571E-07  0.22091872E-06
  0.30786560E+01  0.58098131E-07  0.20523360E-06
  0.30914838E+01  0.53216141E-07  0.19066756E-06
  0.31043115E+01  0.47869772E-07  0.17714034E-06
  0.31171393E+01  0.43306194E-07  0.16457720E-06
  0.31299670E+01  0.39523158E-07  0.15290976E-06
  0.31427948E+01  0.35888100E-07  0.14207303E-06
  0.31556222E+01  0.32246636E-07  0.13200832E-06
  0.31684501E+01  0.29049071E-07  0.12265964E-06
  0.31812780E+01  0.26501493E-07  0.11397616E-06
  0.31941056E+01  0.23975620E-07  0.10591047E-06
  0.32069335E+01  0.21656987E-07  0.98417893E-07
  0.32197611E+01  0.19498261E-07  0.91457991E-07
  0.32325890E+01  0.17846835E-07  0.84992273E-07
  0.32454164E+01  0.16099083E-07  0.78986126E-07
  0.32582443E+01  0.14588307E-07  0.73405978E-07
  0.32710719E+01  0.13128679E-07  0.68221993E-07
  0.32838998E+01  0.12078030E-07  0.63405558E-07
