 # Energy density spectrum: E(k) [energy per unit wavenumber]
 # Columns: k_phys [physical wavenumber], E_density [simulated]
  0.10000000E+01  0.72598777E-03
  0.20000000E+01  0.54178890E-02
  0.30000000E+01  0.79314312E-03
  0.40000000E+01  0.81982743E-03
  0.50000000E+01  0.63801656E-03
  0.60000000E+01  0.50357968E-03
  0.70000000E+01  0.36655072E-03
  0.80000000E+01  0.31534437E-03
  0.90000000E+01  0.31375533E-03
  0.10000000E+02  0.19964379E-03
  0.11000000E+02  0.18920244E-03
  0.12000000E+02  0.15807652E-03
  0.13000000E+02  0.14122520E-03
  0.14000000E+02  0.11799645E-03
  0.15000000E+02  0.91302354E-04
  0.16000000E+02  0.88599656E-04
  0.17000000E+02  0.72654933E-04
  0.18000000E+02  0.60085007E-04
  0.19000000E+02  0.47010930E-04
  0.20000000E+02  0.45481895E-04
  0.21000000E+02  0.38967275E-04
  0.22000000E+02  0.32029318E-04
  0.23000000E+02  0.27827995E-04
  0.24000000E+02  0.24259969E-04
  0.25000000E+02  0.21915292E-04
  0.26000000E+02  0.18663332E-04
  0.27000000E+02  0.15732285E-04
  0.28000000E+02  0.14309321E-04
  0.29000000E+02  0.12468053E-04
  0.30000000E+02  0.10797502E-04
  0.31000000E+02  0.96335261E-05
  0.32000000E+02  0.82183487E-05
  0.33000000E+02  0.74717414E-05
  0.34000000E+02  0.65593167E-05
  0.35000000E+02  0.56574654E-05
  0.36000000E+02  0.51493284E-05
  0.37000000E+02  0.44875901E-05
  0.38000000E+02  0.40454765E-05
  0.39000000E+02  0.35024741E-05
  0.40000000E+02  0.31576542E-05
  0.41000000E+02  0.28770583E-05
  0.42000000E+02  0.24908977E-05
  0.43000000E+02  0.22596346E-05
  0.44000000E+02  0.19796094E-05
  0.45000000E+02  0.18165780E-05
  0.46000000E+02  0.15630901E-05
  0.47000000E+02  0.14306684E-05
  0.48000000E+02  0.12812918E-05
  0.49000000E+02  0.11637427E-05
  0.50000000E+02  0.10483693E-05
  0.51000000E+02  0.92056155E-06
  0.52000000E+02  0.84298364E-06
  0.53000000E+02  0.75700564E-06
  0.54000000E+02  0.66827704E-06
  0.55000000E+02  0.60160482E-06
  0.56000000E+02  0.54340762E-06
  0.57000000E+02  0.50127016E-06
  0.58000000E+02  0.44513982E-06
  0.59000000E+02  0.40434816E-06
  0.60000000E+02  0.37044953E-06
  0.61000000E+02  0.33054224E-06
  0.62000000E+02  0.29821186E-06
  0.63000000E+02  0.26594896E-06
  0.64000000E+02  0.24568098E-06
  0.65000000E+02  0.22617536E-06
  0.66000000E+02  0.19922514E-06
  0.67000000E+02  0.18335211E-06
  0.68000000E+02  0.16630692E-06
  0.69000000E+02  0.15383497E-06
  0.70000000E+02  0.13670284E-06
  0.71000000E+02  0.12345362E-06
  0.72000000E+02  0.11504348E-06
  0.73000000E+02  0.10331471E-06
  0.74000000E+02  0.95016802E-07
  0.75000000E+02  0.84843450E-07
  0.76000000E+02  0.78618498E-07
  0.77000000E+02  0.71730277E-07
  0.78000000E+02  0.64018323E-07
  0.79000000E+02  0.59450027E-07
  0.80000000E+02  0.53778294E-07
  0.81000000E+02  0.49833872E-07
  0.82000000E+02  0.45339036E-07
  0.83000000E+02  0.41357012E-07
  0.84000000E+02  0.37392489E-07
  0.85000000E+02  0.34848760E-07
  0.86000000E+02  0.31726767E-07
  0.87000000E+02  0.28592911E-07
  0.88000000E+02  0.26354927E-07
  0.89000000E+02  0.24155103E-07
  0.90000000E+02  0.22321167E-07
  0.91000000E+02  0.20156760E-07
  0.92000000E+02  0.18628922E-07
  0.93000000E+02  0.16973305E-07
  0.94000000E+02  0.15537674E-07
  0.95000000E+02  0.14160416E-07
  0.96000000E+02  0.13129107E-07
  0.97000000E+02  0.12030530E-07
  0.98000000E+02  0.11182358E-07
  0.99000000E+02  0.99853059E-08
  0.10000000E+03  0.93065813E-08
  0.10100000E+03  0.84882750E-08
  0.10200000E+03  0.78018800E-08
  0.10300000E+03  0.71581643E-08
  0.10400000E+03  0.64489738E-08
  0.10500000E+03  0.61431669E-08
  0.10600000E+03  0.55136122E-08
  0.10700000E+03  0.50767475E-08
  0.10800000E+03  0.46610840E-08
  0.10900000E+03  0.43349617E-08
  0.11000000E+03  0.39216577E-08
  0.11100000E+03  0.35885408E-08
  0.11200000E+03  0.33445107E-08
  0.11300000E+03  0.30757645E-08
  0.11400000E+03  0.28391181E-08
  0.11500000E+03  0.25514482E-08
  0.11600000E+03  0.23959803E-08
  0.11700000E+03  0.22036579E-08
  0.11800000E+03  0.20037201E-08
  0.11900000E+03  0.18472257E-08
  0.12000000E+03  0.17100917E-08
  0.12100000E+03  0.15733860E-08
  0.12200000E+03  0.14419327E-08
  0.12300000E+03  0.13225070E-08
  0.12400000E+03  0.12173386E-08
  0.12500000E+03  0.11283334E-08
  0.12600000E+03  0.10222884E-08
  0.12700000E+03  0.93989871E-09
  0.12800000E+03  0.86297536E-09
  0.12900000E+03  0.79788454E-09
  0.13000000E+03  0.72977285E-09
  0.13100000E+03  0.66601569E-09
  0.13200000E+03  0.62256761E-09
  0.13300000E+03  0.56404947E-09
  0.13400000E+03  0.52480092E-09
  0.13500000E+03  0.47540549E-09
  0.13600000E+03  0.43793646E-09
  0.13700000E+03  0.40209017E-09
  0.13800000E+03  0.36449177E-09
  0.13900000E+03  0.33425540E-09
  0.14000000E+03  0.30821631E-09
  0.14100000E+03  0.28131930E-09
  0.14200000E+03  0.26048488E-09
  0.14300000E+03  0.23393720E-09
  0.14400000E+03  0.21545356E-09
  0.14500000E+03  0.19699184E-09
  0.14600000E+03  0.17980448E-09
  0.14700000E+03  0.16392294E-09
  0.14800000E+03  0.14993258E-09
  0.14900000E+03  0.13659261E-09
  0.15000000E+03  0.12449426E-09
  0.15100000E+03  0.11233214E-09
  0.15200000E+03  0.10224413E-09
  0.15300000E+03  0.93593515E-10
  0.15400000E+03  0.85710709E-10
  0.15500000E+03  0.77172178E-10
  0.15600000E+03  0.70543550E-10
  0.15700000E+03  0.64339596E-10
  0.15800000E+03  0.58094370E-10
  0.15900000E+03  0.52450735E-10
  0.16000000E+03  0.47878430E-10
  0.16100000E+03  0.43785069E-10
  0.16200000E+03  0.39014944E-10
  0.16300000E+03  0.35632556E-10
  0.16400000E+03  0.32121489E-10
  0.16500000E+03  0.29624407E-10
  0.16600000E+03  0.26473223E-10
  0.16700000E+03  0.24390118E-10
  0.16800000E+03  0.22148942E-10
  0.16900000E+03  0.20097991E-10
  0.17000000E+03  0.18428037E-10
  0.17100000E+03  0.16399892E-10
  0.17200000E+03  0.15119008E-10
  0.17300000E+03  0.13750291E-10
  0.17400000E+03  0.12545348E-10
  0.17500000E+03  0.11196522E-10
  0.17600000E+03  0.10328367E-10
  0.17700000E+03  0.93782872E-11
  0.17800000E+03  0.85178262E-11
  0.17900000E+03  0.78256013E-11
  0.18000000E+03  0.71395468E-11
  0.18100000E+03  0.65580597E-11
  0.18200000E+03  0.59422905E-11
  0.18300000E+03  0.54261868E-11
  0.18400000E+03  0.49661672E-11
  0.18500000E+03  0.45249642E-11
  0.18600000E+03  0.41263846E-11
  0.18700000E+03  0.37484269E-11
  0.18800000E+03  0.34208413E-11
  0.18900000E+03  0.31312071E-11
  0.19000000E+03  0.28210056E-11
  0.19100000E+03  0.26054313E-11
  0.19200000E+03  0.23825267E-11
  0.19300000E+03  0.21401741E-11
  0.19400000E+03  0.19779866E-11
  0.19500000E+03  0.17753379E-11
  0.19600000E+03  0.16309885E-11
  0.19700000E+03  0.14812921E-11
  0.19800000E+03  0.13419774E-11
  0.19900000E+03  0.12102839E-11
  0.20000000E+03  0.11034486E-11
  0.20100000E+03  0.10089936E-11
  0.20200000E+03  0.90887958E-12
  0.20300000E+03  0.82104489E-12
  0.20400000E+03  0.74719121E-12
  0.20500000E+03  0.68136349E-12
  0.20600000E+03  0.60758451E-12
  0.20700000E+03  0.55473855E-12
  0.20800000E+03  0.50306401E-12
  0.20900000E+03  0.45112181E-12
  0.21000000E+03  0.40748313E-12
  0.21100000E+03  0.36597681E-12
  0.21200000E+03  0.33450892E-12
  0.21300000E+03  0.30020807E-12
  0.21400000E+03  0.27132677E-12
  0.21500000E+03  0.24315299E-12
  0.21600000E+03  0.22114405E-12
  0.21700000E+03  0.19906850E-12
  0.21800000E+03  0.17928858E-12
  0.21900000E+03  0.16093805E-12
  0.22000000E+03  0.14414877E-12
  0.22100000E+03  0.13095863E-12
  0.22200000E+03  0.11636807E-12
  0.22300000E+03  0.10541160E-12
  0.22400000E+03  0.93230423E-13
  0.22500000E+03  0.84733151E-13
  0.22600000E+03  0.75177671E-13
  0.22700000E+03  0.67227535E-13
  0.22800000E+03  0.60551343E-13
  0.22900000E+03  0.54334622E-13
  0.23000000E+03  0.48808180E-13
  0.23100000E+03  0.42976100E-13
  0.23200000E+03  0.39172557E-13
  0.23300000E+03  0.34977731E-13
  0.23400000E+03  0.31466600E-13
  0.23500000E+03  0.27842903E-13
  0.23600000E+03  0.25131056E-13
  0.23700000E+03  0.22598685E-13
  0.23800000E+03  0.20293893E-13
  0.23900000E+03  0.18158428E-13
  0.24000000E+03  0.16412607E-13
  0.24100000E+03  0.14799282E-13
  0.24200000E+03  0.13232195E-13
  0.24300000E+03  0.11895991E-13
  0.24400000E+03  0.10752747E-13
  0.24500000E+03  0.97491476E-14
  0.24600000E+03  0.87841264E-14
  0.24700000E+03  0.78972829E-14
  0.24800000E+03  0.72283081E-14
  0.24900000E+03  0.65768360E-14
  0.25000000E+03  0.59987733E-14
  0.25100000E+03  0.54359119E-14
  0.25200000E+03  0.50599038E-14
  0.25300000E+03  0.46256414E-14
  0.25400000E+03  0.43188321E-14
  0.25500000E+03  0.39762636E-14
  0.25600000E+03  0.36597062E-14
