 # Energy density spectrum: E(k) [energy per unit wavenumber]
 # Columns: k_phys [physical wavenumber], E_density [simulated]
  0.10000000E+01  0.10549746E-02
  0.20000000E+01  0.35474082E-02
  0.30000000E+01  0.71191066E-03
  0.40000000E+01  0.72022859E-03
  0.50000000E+01  0.60028984E-03
  0.60000000E+01  0.40842255E-03
  0.70000000E+01  0.33026072E-03
  0.80000000E+01  0.28283137E-03
  0.90000000E+01  0.27729486E-03
  0.10000000E+02  0.20501789E-03
  0.11000000E+02  0.16210636E-03
  0.12000000E+02  0.15376767E-03
  0.13000000E+02  0.12934422E-03
  0.14000000E+02  0.11562036E-03
  0.15000000E+02  0.87665845E-04
  0.16000000E+02  0.85919797E-04
  0.17000000E+02  0.73461451E-04
  0.18000000E+02  0.62331201E-04
  0.19000000E+02  0.50893352E-04
  0.20000000E+02  0.46428653E-04
  0.21000000E+02  0.41448508E-04
  0.22000000E+02  0.34714467E-04
  0.23000000E+02  0.30289297E-04
  0.24000000E+02  0.26084765E-04
  0.25000000E+02  0.24182909E-04
  0.26000000E+02  0.20383104E-04
  0.27000000E+02  0.17974167E-04
  0.28000000E+02  0.16297388E-04
  0.29000000E+02  0.14193939E-04
  0.30000000E+02  0.12324908E-04
  0.31000000E+02  0.10810794E-04
  0.32000000E+02  0.94368415E-05
  0.33000000E+02  0.85193888E-05
  0.34000000E+02  0.77401955E-05
  0.35000000E+02  0.66224306E-05
  0.36000000E+02  0.61210699E-05
  0.37000000E+02  0.53568260E-05
  0.38000000E+02  0.47258632E-05
  0.39000000E+02  0.40662198E-05
  0.40000000E+02  0.37542500E-05
  0.41000000E+02  0.33374763E-05
  0.42000000E+02  0.29233006E-05
  0.43000000E+02  0.26956850E-05
  0.44000000E+02  0.23208768E-05
  0.45000000E+02  0.21661915E-05
  0.46000000E+02  0.18801494E-05
  0.47000000E+02  0.16790240E-05
  0.48000000E+02  0.15353560E-05
  0.49000000E+02  0.13838319E-05
  0.50000000E+02  0.12557288E-05
  0.51000000E+02  0.10981801E-05
  0.52000000E+02  0.10032110E-05
  0.53000000E+02  0.90805190E-06
  0.54000000E+02  0.81044260E-06
  0.55000000E+02  0.72116046E-06
  0.56000000E+02  0.66213545E-06
  0.57000000E+02  0.60560961E-06
  0.58000000E+02  0.53793991E-06
  0.59000000E+02  0.48097712E-06
  0.60000000E+02  0.44664191E-06
  0.61000000E+02  0.39901002E-06
  0.62000000E+02  0.36228855E-06
  0.63000000E+02  0.32104782E-06
  0.64000000E+02  0.29884933E-06
  0.65000000E+02  0.27738474E-06
  0.66000000E+02  0.24314571E-06
  0.67000000E+02  0.22263835E-06
  0.68000000E+02  0.19905102E-06
  0.69000000E+02  0.18448605E-06
  0.70000000E+02  0.16545359E-06
  0.71000000E+02  0.15048050E-06
  0.72000000E+02  0.13946224E-06
  0.73000000E+02  0.12403368E-06
  0.74000000E+02  0.11614230E-06
  0.75000000E+02  0.10371748E-06
  0.76000000E+02  0.95451398E-07
  0.77000000E+02  0.86911378E-07
  0.78000000E+02  0.77885446E-07
  0.79000000E+02  0.71808849E-07
  0.80000000E+02  0.65669958E-07
  0.81000000E+02  0.60528485E-07
  0.82000000E+02  0.55294148E-07
  0.83000000E+02  0.50171124E-07
  0.84000000E+02  0.45480050E-07
  0.85000000E+02  0.42014861E-07
  0.86000000E+02  0.38250448E-07
  0.87000000E+02  0.34742111E-07
  0.88000000E+02  0.31925516E-07
  0.89000000E+02  0.29318686E-07
  0.90000000E+02  0.27107230E-07
  0.91000000E+02  0.24646525E-07
  0.92000000E+02  0.22556447E-07
  0.93000000E+02  0.20677529E-07
  0.94000000E+02  0.19003465E-07
  0.95000000E+02  0.17145744E-07
  0.96000000E+02  0.15926357E-07
  0.97000000E+02  0.14742652E-07
  0.98000000E+02  0.13611804E-07
  0.99000000E+02  0.12180762E-07
  0.10000000E+03  0.11366905E-07
  0.10100000E+03  0.10329457E-07
  0.10200000E+03  0.95038670E-08
  0.10300000E+03  0.87439123E-08
  0.10400000E+03  0.78609865E-08
  0.10500000E+03  0.74245694E-08
  0.10600000E+03  0.67260815E-08
  0.10700000E+03  0.61969319E-08
  0.10800000E+03  0.57002203E-08
  0.10900000E+03  0.53005160E-08
  0.11000000E+03  0.48205058E-08
  0.11100000E+03  0.43897352E-08
  0.11200000E+03  0.40724752E-08
  0.11300000E+03  0.37489007E-08
  0.11400000E+03  0.34653336E-08
  0.11500000E+03  0.31302665E-08
  0.11600000E+03  0.29213394E-08
  0.11700000E+03  0.26818470E-08
  0.11800000E+03  0.24468345E-08
  0.11900000E+03  0.22477875E-08
  0.12000000E+03  0.20917281E-08
  0.12100000E+03  0.19126805E-08
  0.12200000E+03  0.17545401E-08
  0.12300000E+03  0.16170103E-08
  0.12400000E+03  0.14793308E-08
  0.12500000E+03  0.13853702E-08
  0.12600000E+03  0.12451207E-08
  0.12700000E+03  0.11526208E-08
  0.12800000E+03  0.10588765E-08
  0.12900000E+03  0.97959929E-09
  0.13000000E+03  0.89511548E-09
  0.13100000E+03  0.82181867E-09
  0.13200000E+03  0.76563839E-09
  0.13300000E+03  0.69114087E-09
  0.13400000E+03  0.64054306E-09
  0.13500000E+03  0.58202132E-09
  0.13600000E+03  0.53781696E-09
  0.13700000E+03  0.49444637E-09
  0.13800000E+03  0.44892529E-09
  0.13900000E+03  0.41077322E-09
  0.14000000E+03  0.37987646E-09
  0.14100000E+03  0.34682629E-09
  0.14200000E+03  0.31983655E-09
  0.14300000E+03  0.28864497E-09
  0.14400000E+03  0.26553418E-09
  0.14500000E+03  0.24319768E-09
  0.14600000E+03  0.22220653E-09
  0.14700000E+03  0.20338739E-09
  0.14800000E+03  0.18649320E-09
  0.14900000E+03  0.16929511E-09
  0.15000000E+03  0.15427505E-09
  0.15100000E+03  0.14027382E-09
  0.15200000E+03  0.12798868E-09
  0.15300000E+03  0.11680507E-09
  0.15400000E+03  0.10719764E-09
  0.15500000E+03  0.96638343E-10
  0.15600000E+03  0.88310637E-10
  0.15700000E+03  0.80810532E-10
  0.15800000E+03  0.73119101E-10
  0.15900000E+03  0.65900188E-10
  0.16000000E+03  0.60852295E-10
  0.16100000E+03  0.55623069E-10
  0.16200000E+03  0.50025602E-10
  0.16300000E+03  0.45959708E-10
  0.16400000E+03  0.41594100E-10
  0.16500000E+03  0.38266241E-10
  0.16600000E+03  0.34252115E-10
  0.16700000E+03  0.31559595E-10
  0.16800000E+03  0.28482980E-10
  0.16900000E+03  0.25951715E-10
  0.17000000E+03  0.24033830E-10
  0.17100000E+03  0.21625011E-10
  0.17200000E+03  0.19794073E-10
  0.17300000E+03  0.18125331E-10
  0.17400000E+03  0.16461908E-10
  0.17500000E+03  0.14932416E-10
  0.17600000E+03  0.13818921E-10
  0.17700000E+03  0.12510032E-10
  0.17800000E+03  0.11496552E-10
  0.17900000E+03  0.10439928E-10
  0.18000000E+03  0.95869371E-11
  0.18100000E+03  0.88072995E-11
  0.18200000E+03  0.80271180E-11
  0.18300000E+03  0.73206458E-11
  0.18400000E+03  0.67081193E-11
  0.18500000E+03  0.61522744E-11
  0.18600000E+03  0.56080605E-11
  0.18700000E+03  0.50904506E-11
  0.18800000E+03  0.46624943E-11
  0.18900000E+03  0.42665346E-11
  0.19000000E+03  0.38551432E-11
  0.19100000E+03  0.35765011E-11
  0.19200000E+03  0.32398366E-11
  0.19300000E+03  0.29396312E-11
  0.19400000E+03  0.27066004E-11
  0.19500000E+03  0.24246620E-11
  0.19600000E+03  0.22277707E-11
  0.19700000E+03  0.20219163E-11
  0.19800000E+03  0.18398412E-11
  0.19900000E+03  0.16777668E-11
  0.20000000E+03  0.15069579E-11
  0.20100000E+03  0.13908583E-11
  0.20200000E+03  0.12514366E-11
  0.20300000E+03  0.11333907E-11
  0.20400000E+03  0.10306347E-11
  0.20500000E+03  0.93004337E-12
  0.20600000E+03  0.83719549E-12
  0.20700000E+03  0.76384867E-12
  0.20800000E+03  0.69027829E-12
  0.20900000E+03  0.62787205E-12
  0.21000000E+03  0.56181931E-12
  0.21100000E+03  0.50738493E-12
  0.21200000E+03  0.45867715E-12
  0.21300000E+03  0.41061528E-12
  0.21400000E+03  0.37215817E-12
  0.21500000E+03  0.33330367E-12
  0.21600000E+03  0.30045606E-12
  0.21700000E+03  0.27274976E-12
  0.21800000E+03  0.24449222E-12
  0.21900000E+03  0.21987066E-12
  0.22000000E+03  0.19616193E-12
  0.22100000E+03  0.17758826E-12
  0.22200000E+03  0.15876525E-12
  0.22300000E+03  0.14343828E-12
  0.22400000E+03  0.12801183E-12
  0.22500000E+03  0.11665729E-12
  0.22600000E+03  0.10333838E-12
  0.22700000E+03  0.93045458E-13
  0.22800000E+03  0.83420555E-13
  0.22900000E+03  0.74938238E-13
  0.23000000E+03  0.67176198E-13
  0.23100000E+03  0.59572796E-13
  0.23200000E+03  0.54604948E-13
  0.23300000E+03  0.48565068E-13
  0.23400000E+03  0.43754405E-13
  0.23500000E+03  0.38779188E-13
  0.23600000E+03  0.34776808E-13
  0.23700000E+03  0.31395266E-13
  0.23800000E+03  0.28003121E-13
  0.23900000E+03  0.25136265E-13
  0.24000000E+03  0.22717730E-13
  0.24100000E+03  0.20566160E-13
  0.24200000E+03  0.18323076E-13
  0.24300000E+03  0.16509621E-13
  0.24400000E+03  0.14893263E-13
  0.24500000E+03  0.13440500E-13
  0.24600000E+03  0.12048157E-13
  0.24700000E+03  0.10808649E-13
  0.24800000E+03  0.98829856E-14
  0.24900000E+03  0.89396653E-14
  0.25000000E+03  0.81075681E-14
  0.25100000E+03  0.73609340E-14
  0.25200000E+03  0.67908571E-14
  0.25300000E+03  0.61731664E-14
  0.25400000E+03  0.56508693E-14
  0.25500000E+03  0.51808923E-14
  0.25600000E+03  0.47275471E-14
