 # Energy density spectrum: E(k) [energy per unit wavenumber]
 # Columns: k_phys [physical wavenumber], E_density [simulated]
  0.10000000E+01  0.89495385E-03
  0.20000000E+01  0.58312821E-02
  0.30000000E+01  0.81880373E-03
  0.40000000E+01  0.74063602E-03
  0.50000000E+01  0.62883057E-03
  0.60000000E+01  0.48960600E-03
  0.70000000E+01  0.45072706E-03
  0.80000000E+01  0.37409022E-03
  0.90000000E+01  0.35316584E-03
  0.10000000E+02  0.25833590E-03
  0.11000000E+02  0.23059310E-03
  0.12000000E+02  0.20200087E-03
  0.13000000E+02  0.16605425E-03
  0.14000000E+02  0.14071533E-03
  0.15000000E+02  0.10916741E-03
  0.16000000E+02  0.10588459E-03
  0.17000000E+02  0.87375280E-04
  0.18000000E+02  0.74942109E-04
  0.19000000E+02  0.64511478E-04
  0.20000000E+02  0.57267087E-04
  0.21000000E+02  0.50448158E-04
  0.22000000E+02  0.41278781E-04
  0.23000000E+02  0.36638507E-04
  0.24000000E+02  0.32326363E-04
  0.25000000E+02  0.29462541E-04
  0.26000000E+02  0.25398827E-04
  0.27000000E+02  0.21469254E-04
  0.28000000E+02  0.19420500E-04
  0.29000000E+02  0.16527210E-04
  0.30000000E+02  0.14772253E-04
  0.31000000E+02  0.13031559E-04
  0.32000000E+02  0.11264513E-04
  0.33000000E+02  0.10444733E-04
  0.34000000E+02  0.92600139E-05
  0.35000000E+02  0.79400488E-05
  0.36000000E+02  0.72295852E-05
  0.37000000E+02  0.63210878E-05
  0.38000000E+02  0.56861049E-05
  0.39000000E+02  0.49522282E-05
  0.40000000E+02  0.45241468E-05
  0.41000000E+02  0.40960699E-05
  0.42000000E+02  0.35766773E-05
  0.43000000E+02  0.32525172E-05
  0.44000000E+02  0.28325030E-05
  0.45000000E+02  0.26578309E-05
  0.46000000E+02  0.22790189E-05
  0.47000000E+02  0.20904979E-05
  0.48000000E+02  0.18883893E-05
  0.49000000E+02  0.17279750E-05
  0.50000000E+02  0.15257776E-05
  0.51000000E+02  0.13525848E-05
  0.52000000E+02  0.12519378E-05
  0.53000000E+02  0.11277202E-05
  0.54000000E+02  0.10041621E-05
  0.55000000E+02  0.90403404E-06
  0.56000000E+02  0.82849527E-06
  0.57000000E+02  0.75820185E-06
  0.58000000E+02  0.68179315E-06
  0.59000000E+02  0.61808487E-06
  0.60000000E+02  0.56828628E-06
  0.61000000E+02  0.50866191E-06
  0.62000000E+02  0.46351374E-06
  0.63000000E+02  0.41381566E-06
  0.64000000E+02  0.38397366E-06
  0.65000000E+02  0.35489114E-06
  0.66000000E+02  0.31520671E-06
  0.67000000E+02  0.29213751E-06
  0.68000000E+02  0.26061238E-06
  0.69000000E+02  0.24260328E-06
  0.70000000E+02  0.21696519E-06
  0.71000000E+02  0.19717608E-06
  0.72000000E+02  0.18442876E-06
  0.73000000E+02  0.16522819E-06
  0.74000000E+02  0.15415416E-06
  0.75000000E+02  0.13809124E-06
  0.76000000E+02  0.12798580E-06
  0.77000000E+02  0.11642117E-06
  0.78000000E+02  0.10457426E-06
  0.79000000E+02  0.97655928E-07
  0.80000000E+02  0.89029754E-07
  0.81000000E+02  0.82226244E-07
  0.82000000E+02  0.75207126E-07
  0.83000000E+02  0.68787941E-07
  0.84000000E+02  0.62105343E-07
  0.85000000E+02  0.58152711E-07
  0.86000000E+02  0.52917724E-07
  0.87000000E+02  0.48396970E-07
  0.88000000E+02  0.44756028E-07
  0.89000000E+02  0.40972949E-07
  0.90000000E+02  0.37761964E-07
  0.91000000E+02  0.34500832E-07
  0.92000000E+02  0.31538775E-07
  0.93000000E+02  0.28909829E-07
  0.94000000E+02  0.26654194E-07
  0.95000000E+02  0.24288969E-07
  0.96000000E+02  0.22591326E-07
  0.97000000E+02  0.20848731E-07
  0.98000000E+02  0.19385361E-07
  0.99000000E+02  0.17408587E-07
  0.10000000E+03  0.16151390E-07
  0.10100000E+03  0.14878000E-07
  0.10200000E+03  0.13804211E-07
  0.10300000E+03  0.12620905E-07
  0.10400000E+03  0.11475676E-07
  0.10500000E+03  0.10903674E-07
  0.10600000E+03  0.98384305E-08
  0.10700000E+03  0.90644718E-08
  0.10800000E+03  0.83728438E-08
  0.10900000E+03  0.77763334E-08
  0.11000000E+03  0.70918333E-08
  0.11100000E+03  0.65066135E-08
  0.11200000E+03  0.60619576E-08
  0.11300000E+03  0.55972293E-08
  0.11400000E+03  0.51665170E-08
  0.11500000E+03  0.47028923E-08
  0.11600000E+03  0.43975477E-08
  0.11700000E+03  0.40552632E-08
  0.11800000E+03  0.36789514E-08
  0.11900000E+03  0.33919221E-08
  0.12000000E+03  0.31674940E-08
  0.12100000E+03  0.29269440E-08
  0.12200000E+03  0.26925218E-08
  0.12300000E+03  0.24732683E-08
  0.12400000E+03  0.22771260E-08
  0.12500000E+03  0.21250530E-08
  0.12600000E+03  0.19269562E-08
  0.12700000E+03  0.17843413E-08
  0.12800000E+03  0.16371400E-08
  0.12900000E+03  0.15324956E-08
  0.13000000E+03  0.13947453E-08
  0.13100000E+03  0.12836455E-08
  0.13200000E+03  0.11986645E-08
  0.13300000E+03  0.10866522E-08
  0.13400000E+03  0.10039533E-08
  0.13500000E+03  0.91847252E-09
  0.13600000E+03  0.85404589E-09
  0.13700000E+03  0.78613055E-09
  0.13800000E+03  0.71467671E-09
  0.13900000E+03  0.65891403E-09
  0.14000000E+03  0.60779232E-09
  0.14100000E+03  0.55584459E-09
  0.14200000E+03  0.51378335E-09
  0.14300000E+03  0.46541190E-09
  0.14400000E+03  0.43183421E-09
  0.14500000E+03  0.39526771E-09
  0.14600000E+03  0.36336703E-09
  0.14700000E+03  0.33211175E-09
  0.14800000E+03  0.30402228E-09
  0.14900000E+03  0.27880606E-09
  0.15000000E+03  0.25394895E-09
  0.15100000E+03  0.23268883E-09
  0.15200000E+03  0.21213720E-09
  0.15300000E+03  0.19404231E-09
  0.15400000E+03  0.17810781E-09
  0.15500000E+03  0.16061902E-09
  0.15600000E+03  0.14737209E-09
  0.15700000E+03  0.13498293E-09
  0.15800000E+03  0.12217935E-09
  0.15900000E+03  0.11047828E-09
  0.16000000E+03  0.10142911E-09
  0.16100000E+03  0.93211570E-10
  0.16200000E+03  0.84038311E-10
  0.16300000E+03  0.76771173E-10
  0.16400000E+03  0.68897839E-10
  0.16500000E+03  0.63921493E-10
  0.16600000E+03  0.57311694E-10
  0.16700000E+03  0.52762798E-10
  0.16800000E+03  0.47730823E-10
  0.16900000E+03  0.43372486E-10
  0.17000000E+03  0.39997637E-10
  0.17100000E+03  0.35791693E-10
  0.17200000E+03  0.32925097E-10
  0.17300000E+03  0.30083602E-10
  0.17400000E+03  0.27365525E-10
  0.17500000E+03  0.24652030E-10
  0.17600000E+03  0.22681506E-10
  0.17700000E+03  0.20741631E-10
  0.17800000E+03  0.18908809E-10
  0.17900000E+03  0.17195892E-10
  0.18000000E+03  0.15705348E-10
  0.18100000E+03  0.14418013E-10
  0.18200000E+03  0.13041150E-10
  0.18300000E+03  0.11917960E-10
  0.18400000E+03  0.10923666E-10
  0.18500000E+03  0.10010618E-10
  0.18600000E+03  0.90888529E-11
  0.18700000E+03  0.83413276E-11
  0.18800000E+03  0.76100471E-11
  0.18900000E+03  0.69133111E-11
  0.19000000E+03  0.62522591E-11
  0.19100000E+03  0.57747127E-11
  0.19200000E+03  0.52795303E-11
  0.19300000E+03  0.47592008E-11
  0.19400000E+03  0.43784074E-11
  0.19500000E+03  0.39624948E-11
  0.19600000E+03  0.36130426E-11
  0.19700000E+03  0.32998710E-11
  0.19800000E+03  0.30039738E-11
  0.19900000E+03  0.26980258E-11
  0.20000000E+03  0.24693498E-11
  0.20100000E+03  0.22517767E-11
  0.20200000E+03  0.20548756E-11
  0.20300000E+03  0.18390905E-11
  0.20400000E+03  0.16854707E-11
  0.20500000E+03  0.15329657E-11
  0.20600000E+03  0.13665128E-11
  0.20700000E+03  0.12540793E-11
  0.20800000E+03  0.11352149E-11
  0.20900000E+03  0.10327172E-11
  0.21000000E+03  0.92751024E-12
  0.21100000E+03  0.83789779E-12
  0.21200000E+03  0.76341694E-12
  0.21300000E+03  0.68313448E-12
  0.21400000E+03  0.61756915E-12
  0.21500000E+03  0.55731721E-12
  0.21600000E+03  0.50752301E-12
  0.21700000E+03  0.45919610E-12
  0.21800000E+03  0.41162500E-12
  0.21900000E+03  0.37194903E-12
  0.22000000E+03  0.33347717E-12
  0.22100000E+03  0.30458432E-12
  0.22200000E+03  0.27059133E-12
  0.22300000E+03  0.24686644E-12
  0.22400000E+03  0.22118079E-12
  0.22500000E+03  0.20089656E-12
  0.22600000E+03  0.17998873E-12
  0.22700000E+03  0.16161840E-12
  0.22800000E+03  0.14531674E-12
  0.22900000E+03  0.13155991E-12
  0.23000000E+03  0.11759849E-12
  0.23100000E+03  0.10497216E-12
  0.23200000E+03  0.96312979E-13
  0.23300000E+03  0.85773795E-13
  0.23400000E+03  0.77318468E-13
  0.23500000E+03  0.68719688E-13
  0.23600000E+03  0.62073292E-13
  0.23700000E+03  0.56283320E-13
  0.23800000E+03  0.50269447E-13
  0.23900000E+03  0.45264367E-13
  0.24000000E+03  0.40788038E-13
  0.24100000E+03  0.36797246E-13
  0.24200000E+03  0.33045700E-13
  0.24300000E+03  0.29724927E-13
  0.24400000E+03  0.26878529E-13
  0.24500000E+03  0.24099446E-13
  0.24600000E+03  0.21685351E-13
  0.24700000E+03  0.19454720E-13
  0.24800000E+03  0.17859259E-13
  0.24900000E+03  0.16069797E-13
  0.25000000E+03  0.14510460E-13
  0.25100000E+03  0.13012408E-13
  0.25200000E+03  0.11999412E-13
  0.25300000E+03  0.10855389E-13
  0.25400000E+03  0.98556154E-14
  0.25500000E+03  0.89540192E-14
  0.25600000E+03  0.81887376E-14
