 # Energy density spectrum: E(k) [energy per unit wavenumber]
 # Columns: k_phys [physical wavenumber], E_density [simulated]
  0.10000000E+01  0.62438881E-03
  0.20000000E+01  0.45752185E-02
  0.30000000E+01  0.83085609E-03
  0.40000000E+01  0.77334291E-03
  0.50000000E+01  0.60335372E-03
  0.60000000E+01  0.41490351E-03
  0.70000000E+01  0.37165225E-03
  0.80000000E+01  0.29445335E-03
  0.90000000E+01  0.27378250E-03
  0.10000000E+02  0.20507451E-03
  0.11000000E+02  0.16210535E-03
  0.12000000E+02  0.15295648E-03
  0.13000000E+02  0.12287745E-03
  0.14000000E+02  0.10032173E-03
  0.15000000E+02  0.80024183E-04
  0.16000000E+02  0.74015552E-04
  0.17000000E+02  0.60013357E-04
  0.18000000E+02  0.51667441E-04
  0.19000000E+02  0.41336363E-04
  0.20000000E+02  0.36122754E-04
  0.21000000E+02  0.32254658E-04
  0.22000000E+02  0.26711905E-04
  0.23000000E+02  0.22848399E-04
  0.24000000E+02  0.19969873E-04
  0.25000000E+02  0.17696086E-04
  0.26000000E+02  0.15088350E-04
  0.27000000E+02  0.12835278E-04
  0.28000000E+02  0.11451316E-04
  0.29000000E+02  0.98692390E-05
  0.30000000E+02  0.86200589E-05
  0.31000000E+02  0.75458079E-05
  0.32000000E+02  0.65509066E-05
  0.33000000E+02  0.58046548E-05
  0.34000000E+02  0.50988065E-05
  0.35000000E+02  0.44371245E-05
  0.36000000E+02  0.40410873E-05
  0.37000000E+02  0.34905047E-05
  0.38000000E+02  0.31219049E-05
  0.39000000E+02  0.26872642E-05
  0.40000000E+02  0.24406033E-05
  0.41000000E+02  0.21597523E-05
  0.42000000E+02  0.18989738E-05
  0.43000000E+02  0.16997644E-05
  0.44000000E+02  0.14914464E-05
  0.45000000E+02  0.13809482E-05
  0.46000000E+02  0.11745673E-05
  0.47000000E+02  0.10473150E-05
  0.48000000E+02  0.95240682E-06
  0.49000000E+02  0.85948290E-06
  0.50000000E+02  0.76920122E-06
  0.51000000E+02  0.66664558E-06
  0.52000000E+02  0.61181282E-06
  0.53000000E+02  0.54894230E-06
  0.54000000E+02  0.48760029E-06
  0.55000000E+02  0.44033823E-06
  0.56000000E+02  0.39571421E-06
  0.57000000E+02  0.36317851E-06
  0.58000000E+02  0.31963640E-06
  0.59000000E+02  0.28830598E-06
  0.60000000E+02  0.26381943E-06
  0.61000000E+02  0.23491592E-06
  0.62000000E+02  0.21372155E-06
  0.63000000E+02  0.18769128E-06
  0.64000000E+02  0.17350406E-06
  0.65000000E+02  0.16048315E-06
  0.66000000E+02  0.14022659E-06
  0.67000000E+02  0.12798547E-06
  0.68000000E+02  0.11446834E-06
  0.69000000E+02  0.10611433E-06
  0.70000000E+02  0.94197404E-07
  0.71000000E+02  0.84841858E-07
  0.72000000E+02  0.78373226E-07
  0.73000000E+02  0.70357196E-07
  0.74000000E+02  0.65129356E-07
  0.75000000E+02  0.57688741E-07
  0.76000000E+02  0.52943154E-07
  0.77000000E+02  0.48017096E-07
  0.78000000E+02  0.43082018E-07
  0.79000000E+02  0.39557957E-07
  0.80000000E+02  0.35865497E-07
  0.81000000E+02  0.33148101E-07
  0.82000000E+02  0.30054604E-07
  0.83000000E+02  0.27417313E-07
  0.84000000E+02  0.24678338E-07
  0.85000000E+02  0.22978121E-07
  0.86000000E+02  0.20668233E-07
  0.87000000E+02  0.18732976E-07
  0.88000000E+02  0.17170739E-07
  0.89000000E+02  0.15667377E-07
  0.90000000E+02  0.14468618E-07
  0.91000000E+02  0.12952755E-07
  0.92000000E+02  0.11942690E-07
  0.93000000E+02  0.10863769E-07
  0.94000000E+02  0.99463957E-08
  0.95000000E+02  0.90482128E-08
  0.96000000E+02  0.83504013E-08
  0.97000000E+02  0.76838029E-08
  0.98000000E+02  0.70351480E-08
  0.99000000E+02  0.63417329E-08
  0.10000000E+03  0.58273124E-08
  0.10100000E+03  0.53472342E-08
  0.10200000E+03  0.48829851E-08
  0.10300000E+03  0.44991895E-08
  0.10400000E+03  0.40224006E-08
  0.10500000E+03  0.38218313E-08
  0.10600000E+03  0.34327081E-08
  0.10700000E+03  0.31600704E-08
  0.10800000E+03  0.28977163E-08
  0.10900000E+03  0.26886591E-08
  0.11000000E+03  0.24255218E-08
  0.11100000E+03  0.22122275E-08
  0.11200000E+03  0.20533530E-08
  0.11300000E+03  0.18787654E-08
  0.11400000E+03  0.17473492E-08
  0.11500000E+03  0.15743412E-08
  0.11600000E+03  0.14702425E-08
  0.11700000E+03  0.13444887E-08
  0.11800000E+03  0.12154308E-08
  0.11900000E+03  0.11143531E-08
  0.12000000E+03  0.10351946E-08
  0.12100000E+03  0.95179575E-09
  0.12200000E+03  0.86701896E-09
  0.12300000E+03  0.80103707E-09
  0.12400000E+03  0.72935652E-09
  0.12500000E+03  0.68032013E-09
  0.12600000E+03  0.61136540E-09
  0.12700000E+03  0.56315785E-09
  0.12800000E+03  0.51710369E-09
  0.12900000E+03  0.47739285E-09
  0.13000000E+03  0.43558293E-09
  0.13100000E+03  0.39699721E-09
  0.13200000E+03  0.37121997E-09
  0.13300000E+03  0.33589539E-09
  0.13400000E+03  0.30799255E-09
  0.13500000E+03  0.28056740E-09
  0.13600000E+03  0.25889038E-09
  0.13700000E+03  0.23860031E-09
  0.13800000E+03  0.21552884E-09
  0.13900000E+03  0.19730891E-09
  0.14000000E+03  0.18158723E-09
  0.14100000E+03  0.16493891E-09
  0.14200000E+03  0.15198307E-09
  0.14300000E+03  0.13704043E-09
  0.14400000E+03  0.12607876E-09
  0.14500000E+03  0.11474194E-09
  0.14600000E+03  0.10486297E-09
  0.14700000E+03  0.95397572E-10
  0.14800000E+03  0.86983018E-10
  0.14900000E+03  0.79452417E-10
  0.15000000E+03  0.72216066E-10
  0.15100000E+03  0.65222869E-10
  0.15200000E+03  0.59320208E-10
  0.15300000E+03  0.54138926E-10
  0.15400000E+03  0.49334866E-10
  0.15500000E+03  0.44401750E-10
  0.15600000E+03  0.40598091E-10
  0.15700000E+03  0.36935954E-10
  0.15800000E+03  0.33267097E-10
  0.15900000E+03  0.30149459E-10
  0.16000000E+03  0.27643941E-10
  0.16100000E+03  0.25201646E-10
  0.16200000E+03  0.22583066E-10
  0.16300000E+03  0.20584985E-10
  0.16400000E+03  0.18596289E-10
  0.16500000E+03  0.17024911E-10
  0.16600000E+03  0.15239426E-10
  0.16700000E+03  0.14043122E-10
  0.16800000E+03  0.12708088E-10
  0.16900000E+03  0.11511538E-10
  0.17000000E+03  0.10589988E-10
  0.17100000E+03  0.94862868E-11
  0.17200000E+03  0.87044200E-11
  0.17300000E+03  0.79058418E-11
  0.17400000E+03  0.72342375E-11
  0.17500000E+03  0.65128319E-11
  0.17600000E+03  0.59958180E-11
  0.17700000E+03  0.54476540E-11
  0.17800000E+03  0.50046881E-11
  0.17900000E+03  0.45196858E-11
  0.18000000E+03  0.41481124E-11
  0.18100000E+03  0.37892259E-11
  0.18200000E+03  0.34379175E-11
  0.18300000E+03  0.31244545E-11
  0.18400000E+03  0.28645413E-11
  0.18500000E+03  0.26298675E-11
  0.18600000E+03  0.23848235E-11
  0.18700000E+03  0.21814083E-11
  0.18800000E+03  0.19837805E-11
  0.18900000E+03  0.18141256E-11
  0.19000000E+03  0.16365212E-11
  0.19100000E+03  0.15019634E-11
  0.19200000E+03  0.13662544E-11
  0.19300000E+03  0.12376282E-11
  0.19400000E+03  0.11374300E-11
  0.19500000E+03  0.10231980E-11
  0.19600000E+03  0.94058322E-12
  0.19700000E+03  0.84350528E-12
  0.19800000E+03  0.77243203E-12
  0.19900000E+03  0.69862649E-12
  0.20000000E+03  0.62831240E-12
  0.20100000E+03  0.57748614E-12
  0.20200000E+03  0.51923543E-12
  0.20300000E+03  0.46733635E-12
  0.20400000E+03  0.42547961E-12
  0.20500000E+03  0.38563968E-12
  0.20600000E+03  0.34531284E-12
  0.20700000E+03  0.31296068E-12
  0.20800000E+03  0.28266937E-12
  0.20900000E+03  0.25438657E-12
  0.21000000E+03  0.22924430E-12
  0.21100000E+03  0.20418893E-12
  0.21200000E+03  0.18600350E-12
  0.21300000E+03  0.16616552E-12
  0.21400000E+03  0.14949870E-12
  0.21500000E+03  0.13396390E-12
  0.21600000E+03  0.12049708E-12
  0.21700000E+03  0.10785078E-12
  0.21800000E+03  0.96800992E-13
  0.21900000E+03  0.86385875E-13
  0.22000000E+03  0.77254460E-13
  0.22100000E+03  0.69338185E-13
  0.22200000E+03  0.61516120E-13
  0.22300000E+03  0.55485198E-13
  0.22400000E+03  0.49132756E-13
  0.22500000E+03  0.44301497E-13
  0.22600000E+03  0.39314306E-13
  0.22700000E+03  0.35046036E-13
  0.22800000E+03  0.31309021E-13
  0.22900000E+03  0.28003605E-13
  0.23000000E+03  0.24892499E-13
  0.23100000E+03  0.21992921E-13
  0.23200000E+03  0.20000803E-13
  0.23300000E+03  0.17646032E-13
  0.23400000E+03  0.15877082E-13
  0.23500000E+03  0.14004380E-13
  0.23600000E+03  0.12625558E-13
  0.23700000E+03  0.11281689E-13
  0.23800000E+03  0.10082556E-13
  0.23900000E+03  0.90433159E-14
  0.24000000E+03  0.81281248E-14
  0.24100000E+03  0.73318994E-14
  0.24200000E+03  0.65823138E-14
  0.24300000E+03  0.59462234E-14
  0.24400000E+03  0.53871376E-14
  0.24500000E+03  0.48911731E-14
  0.24600000E+03  0.44435713E-14
  0.24700000E+03  0.40321627E-14
  0.24800000E+03  0.37300061E-14
  0.24900000E+03  0.34339446E-14
  0.25000000E+03  0.31835244E-14
  0.25100000E+03  0.29369614E-14
  0.25200000E+03  0.27780133E-14
  0.25300000E+03  0.25900427E-14
  0.25400000E+03  0.24703976E-14
  0.25500000E+03  0.23159071E-14
  0.25600000E+03  0.21541340E-14
