 # Energy density spectrum: E(k) [energy per unit wavenumber]
 # Columns: k_phys [physical wavenumber], E_density [simulated]
  0.10000000E+01  0.23636366E-02
  0.20000000E+01  0.44991594E-01
  0.30000000E+01  0.56793788E-02
  0.40000000E+01  0.61060628E-02
  0.50000000E+01  0.46656835E-02
  0.60000000E+01  0.35380928E-02
  0.70000000E+01  0.29889860E-02
  0.80000000E+01  0.27998514E-02
  0.90000000E+01  0.27410397E-02
  0.10000000E+02  0.21403111E-02
  0.11000000E+02  0.18614203E-02
  0.12000000E+02  0.17370119E-02
  0.13000000E+02  0.15921775E-02
  0.14000000E+02  0.14288070E-02
  0.15000000E+02  0.11830240E-02
  0.16000000E+02  0.12060478E-02
  0.17000000E+02  0.10575057E-02
  0.18000000E+02  0.99513901E-03
  0.19000000E+02  0.85611793E-03
  0.20000000E+02  0.82815246E-03
  0.21000000E+02  0.78688067E-03
  0.22000000E+02  0.68674929E-03
  0.23000000E+02  0.63805928E-03
  0.24000000E+02  0.58354496E-03
  0.25000000E+02  0.57151768E-03
  0.26000000E+02  0.50412526E-03
  0.27000000E+02  0.46060450E-03
  0.28000000E+02  0.43847726E-03
  0.29000000E+02  0.40850163E-03
  0.30000000E+02  0.37523487E-03
  0.31000000E+02  0.34821994E-03
  0.32000000E+02  0.31617170E-03
  0.33000000E+02  0.31288824E-03
  0.34000000E+02  0.29061592E-03
  0.35000000E+02  0.26235223E-03
  0.36000000E+02  0.24908717E-03
  0.37000000E+02  0.23262633E-03
  0.38000000E+02  0.22018935E-03
  0.39000000E+02  0.20077426E-03
  0.40000000E+02  0.19025717E-03
  0.41000000E+02  0.17971377E-03
  0.42000000E+02  0.16441174E-03
  0.43000000E+02  0.15585260E-03
  0.44000000E+02  0.14569768E-03
  0.45000000E+02  0.13979914E-03
  0.46000000E+02  0.12591193E-03
  0.47000000E+02  0.12037169E-03
  0.48000000E+02  0.11392796E-03
  0.49000000E+02  0.10734671E-03
  0.50000000E+02  0.10232160E-03
  0.51000000E+02  0.93039787E-04
  0.52000000E+02  0.89485824E-04
  0.53000000E+02  0.84548599E-04
  0.54000000E+02  0.78826328E-04
  0.55000000E+02  0.73968993E-04
  0.56000000E+02  0.69543574E-04
  0.57000000E+02  0.66464811E-04
  0.58000000E+02  0.62007908E-04
  0.59000000E+02  0.58519228E-04
  0.60000000E+02  0.56350596E-04
  0.61000000E+02  0.52104926E-04
  0.62000000E+02  0.50105584E-04
  0.63000000E+02  0.46170804E-04
  0.64000000E+02  0.44322747E-04
  0.65000000E+02  0.42371503E-04
  0.66000000E+02  0.39272840E-04
  0.67000000E+02  0.37946262E-04
  0.68000000E+02  0.35268680E-04
  0.69000000E+02  0.34264340E-04
  0.70000000E+02  0.31545922E-04
  0.71000000E+02  0.29768406E-04
  0.72000000E+02  0.28915001E-04
  0.73000000E+02  0.27074719E-04
  0.74000000E+02  0.26195843E-04
  0.75000000E+02  0.24129478E-04
  0.76000000E+02  0.23151943E-04
  0.77000000E+02  0.22151313E-04
  0.78000000E+02  0.20622807E-04
  0.79000000E+02  0.19817178E-04
  0.80000000E+02  0.18766161E-04
  0.81000000E+02  0.18089288E-04
  0.82000000E+02  0.17138229E-04
  0.83000000E+02  0.16191803E-04
  0.84000000E+02  0.15336216E-04
  0.85000000E+02  0.14799069E-04
  0.86000000E+02  0.13979904E-04
  0.87000000E+02  0.13148734E-04
  0.88000000E+02  0.12631011E-04
  0.89000000E+02  0.12052458E-04
  0.90000000E+02  0.11521917E-04
  0.91000000E+02  0.10905156E-04
  0.92000000E+02  0.10347800E-04
  0.93000000E+02  0.98752198E-05
  0.94000000E+02  0.93949038E-05
  0.95000000E+02  0.89089344E-05
  0.96000000E+02  0.85982711E-05
  0.97000000E+02  0.82468359E-05
  0.98000000E+02  0.78825587E-05
  0.99000000E+02  0.73664569E-05
  0.10000000E+03  0.71315121E-05
  0.10100000E+03  0.67505152E-05
  0.10200000E+03  0.64688984E-05
  0.10300000E+03  0.61892733E-05
  0.10400000E+03  0.58226797E-05
  0.10500000E+03  0.57200905E-05
  0.10600000E+03  0.53732842E-05
  0.10700000E+03  0.51303887E-05
  0.10800000E+03  0.49066721E-05
  0.10900000E+03  0.47360854E-05
  0.11000000E+03  0.45050224E-05
  0.11100000E+03  0.42436554E-05
  0.11200000E+03  0.41384815E-05
  0.11300000E+03  0.39459242E-05
  0.11400000E+03  0.37818388E-05
  0.11500000E+03  0.35636012E-05
  0.11600000E+03  0.34474488E-05
  0.11700000E+03  0.33138144E-05
  0.11800000E+03  0.31347279E-05
  0.11900000E+03  0.29936218E-05
  0.12000000E+03  0.28972986E-05
  0.12100000E+03  0.27780964E-05
  0.12200000E+03  0.26583532E-05
  0.12300000E+03  0.25406111E-05
  0.12400000E+03  0.24201240E-05
  0.12500000E+03  0.23370476E-05
  0.12600000E+03  0.22090253E-05
  0.12700000E+03  0.21131409E-05
  0.12800000E+03  0.20344880E-05
  0.12900000E+03  0.19747454E-05
  0.13000000E+03  0.18789733E-05
  0.13100000E+03  0.17732041E-05
  0.13200000E+03  0.17244008E-05
  0.13300000E+03  0.16365108E-05
  0.13400000E+03  0.15708889E-05
  0.13500000E+03  0.14930040E-05
  0.13600000E+03  0.14453950E-05
  0.13700000E+03  0.13921440E-05
  0.13800000E+03  0.13119742E-05
  0.13900000E+03  0.12595780E-05
  0.14000000E+03  0.12144643E-05
  0.14100000E+03  0.11579749E-05
  0.14200000E+03  0.11136788E-05
  0.14300000E+03  0.10520819E-05
  0.14400000E+03  0.10124004E-05
  0.14500000E+03  0.97102895E-06
  0.14600000E+03  0.92629881E-06
  0.14700000E+03  0.88773101E-06
  0.14800000E+03  0.84724542E-06
  0.14900000E+03  0.80994187E-06
  0.15000000E+03  0.77387205E-06
  0.15100000E+03  0.73628269E-06
  0.15200000E+03  0.70291509E-06
  0.15300000E+03  0.67111114E-06
  0.15400000E+03  0.64108525E-06
  0.15500000E+03  0.60689905E-06
  0.15600000E+03  0.58245223E-06
  0.15700000E+03  0.55580182E-06
  0.15800000E+03  0.52611421E-06
  0.15900000E+03  0.49802418E-06
  0.16000000E+03  0.47875153E-06
  0.16100000E+03  0.45888569E-06
  0.16200000E+03  0.42915266E-06
  0.16300000E+03  0.40965057E-06
  0.16400000E+03  0.38510331E-06
  0.16500000E+03  0.36931542E-06
  0.16600000E+03  0.34482125E-06
  0.16700000E+03  0.33123064E-06
  0.16800000E+03  0.31259842E-06
  0.16900000E+03  0.29410788E-06
  0.17000000E+03  0.28051033E-06
  0.17100000E+03  0.26070899E-06
  0.17200000E+03  0.24726316E-06
  0.17300000E+03  0.23548823E-06
  0.17400000E+03  0.22137424E-06
  0.17500000E+03  0.20603400E-06
  0.17600000E+03  0.19643200E-06
  0.17700000E+03  0.18465357E-06
  0.17800000E+03  0.17416566E-06
  0.17900000E+03  0.16325626E-06
  0.18000000E+03  0.15295392E-06
  0.18100000E+03  0.14416074E-06
  0.18200000E+03  0.13486813E-06
  0.18300000E+03  0.12690009E-06
  0.18400000E+03  0.11948816E-06
  0.18500000E+03  0.11269669E-06
  0.18600000E+03  0.10553499E-06
  0.18700000E+03  0.98811299E-07
  0.18800000E+03  0.93319862E-07
  0.18900000E+03  0.86934001E-07
  0.19000000E+03  0.81439417E-07
  0.19100000E+03  0.77091435E-07
  0.19200000E+03  0.72599917E-07
  0.19300000E+03  0.68119370E-07
  0.19400000E+03  0.64347979E-07
  0.19500000E+03  0.60000481E-07
  0.19600000E+03  0.56501349E-07
  0.19700000E+03  0.53098006E-07
  0.19800000E+03  0.49988067E-07
  0.19900000E+03  0.46952476E-07
  0.20000000E+03  0.44127216E-07
  0.20100000E+03  0.41547537E-07
  0.20200000E+03  0.39288366E-07
  0.20300000E+03  0.36532064E-07
  0.20400000E+03  0.34654594E-07
  0.20500000E+03  0.32771432E-07
  0.20600000E+03  0.30492444E-07
  0.20700000E+03  0.28888348E-07
  0.20800000E+03  0.27051975E-07
  0.20900000E+03  0.25579123E-07
  0.21000000E+03  0.23902544E-07
  0.21100000E+03  0.22454534E-07
  0.21200000E+03  0.21333134E-07
  0.21300000E+03  0.19900085E-07
  0.21400000E+03  0.18744410E-07
  0.21500000E+03  0.17552930E-07
  0.21600000E+03  0.16496903E-07
  0.21700000E+03  0.15564023E-07
  0.21800000E+03  0.14558912E-07
  0.21900000E+03  0.13755372E-07
  0.22000000E+03  0.12869657E-07
  0.22100000E+03  0.12228863E-07
  0.22200000E+03  0.11292703E-07
  0.22300000E+03  0.10652601E-07
  0.22400000E+03  0.99713562E-08
  0.22500000E+03  0.94559969E-08
  0.22600000E+03  0.88219609E-08
  0.22700000E+03  0.82336076E-08
  0.22800000E+03  0.77193585E-08
  0.22900000E+03  0.72936546E-08
  0.23000000E+03  0.68456973E-08
  0.23100000E+03  0.63484515E-08
  0.23200000E+03  0.60296439E-08
  0.23300000E+03  0.56315512E-08
  0.23400000E+03  0.53120499E-08
  0.23500000E+03  0.49121547E-08
  0.23600000E+03  0.46927000E-08
  0.23700000E+03  0.44011790E-08
  0.23800000E+03  0.41162940E-08
  0.23900000E+03  0.38493049E-08
  0.24000000E+03  0.36238166E-08
  0.24100000E+03  0.34309748E-08
  0.24200000E+03  0.31785601E-08
  0.24300000E+03  0.29930938E-08
  0.24400000E+03  0.28191522E-08
  0.24500000E+03  0.26548268E-08
  0.24600000E+03  0.24837852E-08
  0.24700000E+03  0.23124676E-08
  0.24800000E+03  0.22069115E-08
  0.24900000E+03  0.20640443E-08
  0.25000000E+03  0.19389439E-08
  0.25100000E+03  0.18171433E-08
  0.25200000E+03  0.17226746E-08
  0.25300000E+03  0.16199646E-08
  0.25400000E+03  0.15211935E-08
  0.25500000E+03  0.14264436E-08
  0.25600000E+03  0.13568641E-08
