 # Energy density spectrum: E(k) [energy per unit wavenumber]
 # Columns: k_phys [physical wavenumber], E_density [simulated]
  0.10000000E+01  0.37727802E-03
  0.20000000E+01  0.57897856E-02
  0.30000000E+01  0.80986402E-03
  0.40000000E+01  0.84118370E-03
  0.50000000E+01  0.71019953E-03
  0.60000000E+01  0.49627572E-03
  0.70000000E+01  0.42841028E-03
  0.80000000E+01  0.35590542E-03
  0.90000000E+01  0.36264723E-03
  0.10000000E+02  0.27303188E-03
  0.11000000E+02  0.22411122E-03
  0.12000000E+02  0.19397958E-03
  0.13000000E+02  0.16802561E-03
  0.14000000E+02  0.14275205E-03
  0.15000000E+02  0.10941549E-03
  0.16000000E+02  0.10410971E-03
  0.17000000E+02  0.91465721E-04
  0.18000000E+02  0.77977827E-04
  0.19000000E+02  0.62568899E-04
  0.20000000E+02  0.56568264E-04
  0.21000000E+02  0.50471313E-04
  0.22000000E+02  0.41385352E-04
  0.23000000E+02  0.36839276E-04
  0.24000000E+02  0.31752028E-04
  0.25000000E+02  0.29736175E-04
  0.26000000E+02  0.25163888E-04
  0.27000000E+02  0.21687181E-04
  0.28000000E+02  0.19539699E-04
  0.29000000E+02  0.16734668E-04
  0.30000000E+02  0.14785003E-04
  0.31000000E+02  0.13412082E-04
  0.32000000E+02  0.11211114E-04
  0.33000000E+02  0.10462390E-04
  0.34000000E+02  0.92259816E-05
  0.35000000E+02  0.78044241E-05
  0.36000000E+02  0.72358112E-05
  0.37000000E+02  0.63249859E-05
  0.38000000E+02  0.56601534E-05
  0.39000000E+02  0.50444364E-05
  0.40000000E+02  0.46117884E-05
  0.41000000E+02  0.41319863E-05
  0.42000000E+02  0.35747639E-05
  0.43000000E+02  0.32709486E-05
  0.44000000E+02  0.28189820E-05
  0.45000000E+02  0.26433345E-05
  0.46000000E+02  0.22742940E-05
  0.47000000E+02  0.20704297E-05
  0.48000000E+02  0.18876835E-05
  0.49000000E+02  0.16982140E-05
  0.50000000E+02  0.15307570E-05
  0.51000000E+02  0.13619822E-05
  0.52000000E+02  0.12465396E-05
  0.53000000E+02  0.11338901E-05
  0.54000000E+02  0.10017516E-05
  0.55000000E+02  0.90889449E-06
  0.56000000E+02  0.82834350E-06
  0.57000000E+02  0.76838251E-06
  0.58000000E+02  0.67269571E-06
  0.59000000E+02  0.61436560E-06
  0.60000000E+02  0.57046640E-06
  0.61000000E+02  0.50702795E-06
  0.62000000E+02  0.46651800E-06
  0.63000000E+02  0.41326109E-06
  0.64000000E+02  0.38515697E-06
  0.65000000E+02  0.35095141E-06
  0.66000000E+02  0.31416059E-06
  0.67000000E+02  0.29104945E-06
  0.68000000E+02  0.25852250E-06
  0.69000000E+02  0.24306220E-06
  0.70000000E+02  0.21658093E-06
  0.71000000E+02  0.19807501E-06
  0.72000000E+02  0.18486078E-06
  0.73000000E+02  0.16564573E-06
  0.74000000E+02  0.15318861E-06
  0.75000000E+02  0.13724159E-06
  0.76000000E+02  0.12712327E-06
  0.77000000E+02  0.11585755E-06
  0.78000000E+02  0.10543901E-06
  0.79000000E+02  0.96930798E-07
  0.80000000E+02  0.88883617E-07
  0.81000000E+02  0.82485627E-07
  0.82000000E+02  0.74711060E-07
  0.83000000E+02  0.68751056E-07
  0.84000000E+02  0.62229731E-07
  0.85000000E+02  0.58105812E-07
  0.86000000E+02  0.52916423E-07
  0.87000000E+02  0.48057281E-07
  0.88000000E+02  0.44677066E-07
  0.89000000E+02  0.40900531E-07
  0.90000000E+02  0.37793214E-07
  0.91000000E+02  0.34446458E-07
  0.92000000E+02  0.31812196E-07
  0.93000000E+02  0.29328499E-07
  0.94000000E+02  0.26946299E-07
  0.95000000E+02  0.24539485E-07
  0.96000000E+02  0.22757717E-07
  0.97000000E+02  0.21050147E-07
  0.98000000E+02  0.19649029E-07
  0.99000000E+02  0.17621888E-07
  0.10000000E+03  0.16486746E-07
  0.10100000E+03  0.15145442E-07
  0.10200000E+03  0.14028319E-07
  0.10300000E+03  0.12930718E-07
  0.10400000E+03  0.11642767E-07
  0.10500000E+03  0.11159107E-07
  0.10600000E+03  0.10121791E-07
  0.10700000E+03  0.93506918E-08
  0.10800000E+03  0.85988532E-08
  0.10900000E+03  0.80491764E-08
  0.11000000E+03  0.73130830E-08
  0.11100000E+03  0.67164705E-08
  0.11200000E+03  0.62776180E-08
  0.11300000E+03  0.57859366E-08
  0.11400000E+03  0.53993054E-08
  0.11500000E+03  0.48964899E-08
  0.11600000E+03  0.45859734E-08
  0.11700000E+03  0.42377879E-08
  0.11800000E+03  0.38787111E-08
  0.11900000E+03  0.35547780E-08
  0.12000000E+03  0.33476126E-08
  0.12100000E+03  0.30793474E-08
  0.12200000E+03  0.28194180E-08
  0.12300000E+03  0.26193714E-08
  0.12400000E+03  0.24062261E-08
  0.12500000E+03  0.22533255E-08
  0.12600000E+03  0.20377338E-08
  0.12700000E+03  0.18885720E-08
  0.12800000E+03  0.17449103E-08
  0.12900000E+03  0.16294093E-08
  0.13000000E+03  0.15020249E-08
  0.13100000E+03  0.13722598E-08
  0.13200000E+03  0.12788131E-08
  0.13300000E+03  0.11694602E-08
  0.13400000E+03  0.10814248E-08
  0.13500000E+03  0.99149111E-09
  0.13600000E+03  0.92503266E-09
  0.13700000E+03  0.85423901E-09
  0.13800000E+03  0.77453444E-09
  0.13900000E+03  0.71124012E-09
  0.14000000E+03  0.66194389E-09
  0.14100000E+03  0.60833205E-09
  0.14200000E+03  0.56262467E-09
  0.14300000E+03  0.51054527E-09
  0.14400000E+03  0.47230581E-09
  0.14500000E+03  0.43479481E-09
  0.14600000E+03  0.39918943E-09
  0.14700000E+03  0.36596004E-09
  0.14800000E+03  0.33443273E-09
  0.14900000E+03  0.30747399E-09
  0.15000000E+03  0.28139144E-09
  0.15100000E+03  0.25707372E-09
  0.15200000E+03  0.23541449E-09
  0.15300000E+03  0.21577209E-09
  0.15400000E+03  0.19766286E-09
  0.15500000E+03  0.17912197E-09
  0.15600000E+03  0.16480951E-09
  0.15700000E+03  0.15097805E-09
  0.15800000E+03  0.13706668E-09
  0.15900000E+03  0.12483137E-09
  0.16000000E+03  0.11446074E-09
  0.16100000E+03  0.10512417E-09
  0.16200000E+03  0.94728107E-10
  0.16300000E+03  0.86897989E-10
  0.16400000E+03  0.78411486E-10
  0.16500000E+03  0.72789760E-10
  0.16600000E+03  0.64942822E-10
  0.16700000E+03  0.59999318E-10
  0.16800000E+03  0.54766521E-10
  0.16900000E+03  0.50027611E-10
  0.17000000E+03  0.45459244E-10
  0.17100000E+03  0.41202031E-10
  0.17200000E+03  0.37821690E-10
  0.17300000E+03  0.34681952E-10
  0.17400000E+03  0.31813857E-10
  0.17500000E+03  0.28692708E-10
  0.17600000E+03  0.26346996E-10
  0.17700000E+03  0.24120719E-10
  0.17800000E+03  0.22197529E-10
  0.17900000E+03  0.20145821E-10
  0.18000000E+03  0.18477752E-10
  0.18100000E+03  0.16923801E-10
  0.18200000E+03  0.15410968E-10
  0.18300000E+03  0.13947169E-10
  0.18400000E+03  0.12892208E-10
  0.18500000E+03  0.11823161E-10
  0.18600000E+03  0.10844073E-10
  0.18700000E+03  0.98112811E-11
  0.18800000E+03  0.90305922E-11
  0.18900000E+03  0.82717817E-11
  0.19000000E+03  0.74624577E-11
  0.19100000E+03  0.68625982E-11
  0.19200000E+03  0.62802155E-11
  0.19300000E+03  0.56946097E-11
  0.19400000E+03  0.52395657E-11
  0.19500000E+03  0.47323356E-11
  0.19600000E+03  0.43449346E-11
  0.19700000E+03  0.39212223E-11
  0.19800000E+03  0.35709378E-11
  0.19900000E+03  0.32569134E-11
  0.20000000E+03  0.29532822E-11
  0.20100000E+03  0.26981685E-11
  0.20200000E+03  0.24305135E-11
  0.20300000E+03  0.21980924E-11
  0.20400000E+03  0.20069556E-11
  0.20500000E+03  0.18324496E-11
  0.20600000E+03  0.16505301E-11
  0.20700000E+03  0.15024596E-11
  0.20800000E+03  0.13592320E-11
  0.20900000E+03  0.12198117E-11
  0.21000000E+03  0.11181777E-11
  0.21100000E+03  0.99758765E-12
  0.21200000E+03  0.90727913E-12
  0.21300000E+03  0.81992448E-12
  0.21400000E+03  0.74220382E-12
  0.21500000E+03  0.66450692E-12
  0.21600000E+03  0.60362316E-12
  0.21700000E+03  0.54565223E-12
  0.21800000E+03  0.49074313E-12
  0.21900000E+03  0.44092638E-12
  0.22000000E+03  0.39841126E-12
  0.22100000E+03  0.36091334E-12
  0.22200000E+03  0.32306013E-12
  0.22300000E+03  0.29222965E-12
  0.22400000E+03  0.26209983E-12
  0.22500000E+03  0.23862523E-12
  0.22600000E+03  0.21328609E-12
  0.22700000E+03  0.19184848E-12
  0.22800000E+03  0.17324485E-12
  0.22900000E+03  0.15589922E-12
  0.23000000E+03  0.13921472E-12
  0.23100000E+03  0.12454186E-12
  0.23200000E+03  0.11419254E-12
  0.23300000E+03  0.10166137E-12
  0.23400000E+03  0.91584909E-13
  0.23500000E+03  0.81899921E-13
  0.23600000E+03  0.73591212E-13
  0.23700000E+03  0.66645636E-13
  0.23800000E+03  0.59783511E-13
  0.23900000E+03  0.53923761E-13
  0.24000000E+03  0.48640897E-13
  0.24100000E+03  0.43816289E-13
  0.24200000E+03  0.38976197E-13
  0.24300000E+03  0.35514828E-13
  0.24400000E+03  0.31825305E-13
  0.24500000E+03  0.28907313E-13
  0.24600000E+03  0.25793259E-13
  0.24700000E+03  0.23285900E-13
  0.24800000E+03  0.21079262E-13
  0.24900000E+03  0.18993555E-13
  0.25000000E+03  0.17247930E-13
  0.25100000E+03  0.15405674E-13
  0.25200000E+03  0.14176177E-13
  0.25300000E+03  0.12691376E-13
  0.25400000E+03  0.11573577E-13
  0.25500000E+03  0.10461579E-13
  0.25600000E+03  0.95480518E-14
