 # Energy density spectrum: E(k) [energy per unit wavenumber]
 # Columns: k_phys [physical wavenumber], E_density [simulated]
  0.10000000E+01  0.71835914E-03
  0.20000000E+01  0.60269791E-02
  0.30000000E+01  0.84222923E-03
  0.40000000E+01  0.85076917E-03
  0.50000000E+01  0.68570481E-03
  0.60000000E+01  0.56188530E-03
  0.70000000E+01  0.45681695E-03
  0.80000000E+01  0.39266041E-03
  0.90000000E+01  0.35878277E-03
  0.10000000E+02  0.27064385E-03
  0.11000000E+02  0.22214439E-03
  0.12000000E+02  0.19576351E-03
  0.13000000E+02  0.17051256E-03
  0.14000000E+02  0.14872097E-03
  0.15000000E+02  0.11448999E-03
  0.16000000E+02  0.11353452E-03
  0.17000000E+02  0.91315422E-04
  0.18000000E+02  0.80243277E-04
  0.19000000E+02  0.63871361E-04
  0.20000000E+02  0.59799939E-04
  0.21000000E+02  0.52328283E-04
  0.22000000E+02  0.43830645E-04
  0.23000000E+02  0.39327522E-04
  0.24000000E+02  0.33860299E-04
  0.25000000E+02  0.30152751E-04
  0.26000000E+02  0.26344509E-04
  0.27000000E+02  0.22614004E-04
  0.28000000E+02  0.20252231E-04
  0.29000000E+02  0.17686349E-04
  0.30000000E+02  0.15851889E-04
  0.31000000E+02  0.14168830E-04
  0.32000000E+02  0.12149745E-04
  0.33000000E+02  0.11164135E-04
  0.34000000E+02  0.98630298E-05
  0.35000000E+02  0.86582349E-05
  0.36000000E+02  0.79944857E-05
  0.37000000E+02  0.68589202E-05
  0.38000000E+02  0.61524465E-05
  0.39000000E+02  0.54276447E-05
  0.40000000E+02  0.50603821E-05
  0.41000000E+02  0.45347770E-05
  0.42000000E+02  0.39687352E-05
  0.43000000E+02  0.36114695E-05
  0.44000000E+02  0.31547806E-05
  0.45000000E+02  0.29580865E-05
  0.46000000E+02  0.25416750E-05
  0.47000000E+02  0.23257658E-05
  0.48000000E+02  0.21164090E-05
  0.49000000E+02  0.19255001E-05
  0.50000000E+02  0.17384511E-05
  0.51000000E+02  0.15338975E-05
  0.52000000E+02  0.14222840E-05
  0.53000000E+02  0.12656486E-05
  0.54000000E+02  0.11390800E-05
  0.55000000E+02  0.10321644E-05
  0.56000000E+02  0.93891748E-06
  0.57000000E+02  0.86935154E-06
  0.58000000E+02  0.76924817E-06
  0.59000000E+02  0.69803320E-06
  0.60000000E+02  0.64773803E-06
  0.61000000E+02  0.57990025E-06
  0.62000000E+02  0.53010444E-06
  0.63000000E+02  0.46870196E-06
  0.64000000E+02  0.44173717E-06
  0.65000000E+02  0.40620770E-06
  0.66000000E+02  0.36244657E-06
  0.67000000E+02  0.33555978E-06
  0.68000000E+02  0.30125642E-06
  0.69000000E+02  0.27963716E-06
  0.70000000E+02  0.25235747E-06
  0.71000000E+02  0.23008688E-06
  0.72000000E+02  0.21404848E-06
  0.73000000E+02  0.19394588E-06
  0.74000000E+02  0.17847371E-06
  0.75000000E+02  0.16083864E-06
  0.76000000E+02  0.14992621E-06
  0.77000000E+02  0.13670957E-06
  0.78000000E+02  0.12388304E-06
  0.79000000E+02  0.11445009E-06
  0.80000000E+02  0.10433700E-06
  0.81000000E+02  0.97760541E-07
  0.82000000E+02  0.88947409E-07
  0.83000000E+02  0.82030468E-07
  0.84000000E+02  0.74681857E-07
  0.85000000E+02  0.69323626E-07
  0.86000000E+02  0.63777115E-07
  0.87000000E+02  0.57876914E-07
  0.88000000E+02  0.53366186E-07
  0.89000000E+02  0.49180628E-07
  0.90000000E+02  0.45612364E-07
  0.91000000E+02  0.41410456E-07
  0.92000000E+02  0.38410118E-07
  0.93000000E+02  0.35060019E-07
  0.94000000E+02  0.32446625E-07
  0.95000000E+02  0.29747429E-07
  0.96000000E+02  0.27625193E-07
  0.97000000E+02  0.25694412E-07
  0.98000000E+02  0.23861450E-07
  0.99000000E+02  0.21373276E-07
  0.10000000E+03  0.19890047E-07
  0.10100000E+03  0.18566272E-07
  0.10200000E+03  0.17106297E-07
  0.10300000E+03  0.15631501E-07
  0.10400000E+03  0.14277140E-07
  0.10500000E+03  0.13628584E-07
  0.10600000E+03  0.12302409E-07
  0.10700000E+03  0.11375263E-07
  0.10800000E+03  0.10518298E-07
  0.10900000E+03  0.98103738E-08
  0.11000000E+03  0.90332080E-08
  0.11100000E+03  0.82481737E-08
  0.11200000E+03  0.77733038E-08
  0.11300000E+03  0.71575066E-08
  0.11400000E+03  0.66349446E-08
  0.11500000E+03  0.60278276E-08
  0.11600000E+03  0.56541820E-08
  0.11700000E+03  0.52532552E-08
  0.11800000E+03  0.48069597E-08
  0.11900000E+03  0.44047721E-08
  0.12000000E+03  0.41521786E-08
  0.12100000E+03  0.38327781E-08
  0.12200000E+03  0.35249352E-08
  0.12300000E+03  0.32664262E-08
  0.12400000E+03  0.30198755E-08
  0.12500000E+03  0.28084428E-08
  0.12600000E+03  0.25676012E-08
  0.12700000E+03  0.23820697E-08
  0.12800000E+03  0.22004125E-08
  0.12900000E+03  0.20464486E-08
  0.13000000E+03  0.18881663E-08
  0.13100000E+03  0.17279248E-08
  0.13200000E+03  0.16274044E-08
  0.13300000E+03  0.14836593E-08
  0.13400000E+03  0.13755743E-08
  0.13500000E+03  0.12596687E-08
  0.13600000E+03  0.11722840E-08
  0.13700000E+03  0.10906130E-08
  0.13800000E+03  0.99206221E-09
  0.13900000E+03  0.91843405E-09
  0.14000000E+03  0.85178081E-09
  0.14100000E+03  0.78444995E-09
  0.14200000E+03  0.72495104E-09
  0.14300000E+03  0.66025996E-09
  0.14400000E+03  0.61311528E-09
  0.14500000E+03  0.56552174E-09
  0.14600000E+03  0.52087423E-09
  0.14700000E+03  0.47723514E-09
  0.14800000E+03  0.43951193E-09
  0.14900000E+03  0.40566356E-09
  0.15000000E+03  0.37093043E-09
  0.15100000E+03  0.33744946E-09
  0.15200000E+03  0.31056119E-09
  0.15300000E+03  0.28582164E-09
  0.15400000E+03  0.26434929E-09
  0.15500000E+03  0.23797034E-09
  0.15600000E+03  0.22061782E-09
  0.15700000E+03  0.20275449E-09
  0.15800000E+03  0.18338256E-09
  0.15900000E+03  0.16876016E-09
  0.16000000E+03  0.15461585E-09
  0.16100000E+03  0.14277469E-09
  0.16200000E+03  0.12887257E-09
  0.16300000E+03  0.11851704E-09
  0.16400000E+03  0.10701348E-09
  0.16500000E+03  0.99555253E-10
  0.16600000E+03  0.89291206E-10
  0.16700000E+03  0.82583745E-10
  0.16800000E+03  0.75552377E-10
  0.16900000E+03  0.68812275E-10
  0.17000000E+03  0.63217827E-10
  0.17100000E+03  0.57041698E-10
  0.17200000E+03  0.52707082E-10
  0.17300000E+03  0.48139936E-10
  0.17400000E+03  0.44147064E-10
  0.17500000E+03  0.39875010E-10
  0.17600000E+03  0.36766996E-10
  0.17700000E+03  0.33630276E-10
  0.17800000E+03  0.30868769E-10
  0.17900000E+03  0.28162908E-10
  0.18000000E+03  0.25906046E-10
  0.18100000E+03  0.23713044E-10
  0.18200000E+03  0.21731663E-10
  0.18300000E+03  0.19932951E-10
  0.18400000E+03  0.18202209E-10
  0.18500000E+03  0.16677149E-10
  0.18600000E+03  0.15285863E-10
  0.18700000E+03  0.13932226E-10
  0.18800000E+03  0.12791429E-10
  0.18900000E+03  0.11744329E-10
  0.19000000E+03  0.10675062E-10
  0.19100000E+03  0.98238423E-11
  0.19200000E+03  0.90441708E-11
  0.19300000E+03  0.82255834E-11
  0.19400000E+03  0.75763831E-11
  0.19500000E+03  0.68756294E-11
  0.19600000E+03  0.63218428E-11
  0.19700000E+03  0.57665608E-11
  0.19800000E+03  0.52702617E-11
  0.19900000E+03  0.47996672E-11
  0.20000000E+03  0.43840717E-11
  0.20100000E+03  0.40350284E-11
  0.20200000E+03  0.36886522E-11
  0.20300000E+03  0.33141285E-11
  0.20400000E+03  0.30789314E-11
  0.20500000E+03  0.28116346E-11
  0.20600000E+03  0.25171863E-11
  0.20700000E+03  0.23352273E-11
  0.20800000E+03  0.21159799E-11
  0.20900000E+03  0.19361435E-11
  0.21000000E+03  0.17524392E-11
  0.21100000E+03  0.15860969E-11
  0.21200000E+03  0.14537440E-11
  0.21300000E+03  0.13221068E-11
  0.21400000E+03  0.11985768E-11
  0.21500000E+03  0.10930539E-11
  0.21600000E+03  0.99821974E-12
  0.21700000E+03  0.91042993E-12
  0.21800000E+03  0.82775160E-12
  0.21900000E+03  0.74929846E-12
  0.22000000E+03  0.67370502E-12
  0.22100000E+03  0.61654046E-12
  0.22200000E+03  0.55399403E-12
  0.22300000E+03  0.50643653E-12
  0.22400000E+03  0.45890570E-12
  0.22500000E+03  0.41851009E-12
  0.22600000E+03  0.37714759E-12
  0.22700000E+03  0.34073178E-12
  0.22800000E+03  0.30930011E-12
  0.22900000E+03  0.28071097E-12
  0.23000000E+03  0.25483180E-12
  0.23100000E+03  0.22888402E-12
  0.23200000E+03  0.21001029E-12
  0.23300000E+03  0.18909094E-12
  0.23400000E+03  0.17229148E-12
  0.23500000E+03  0.15377921E-12
  0.23600000E+03  0.14056856E-12
  0.23700000E+03  0.12717843E-12
  0.23800000E+03  0.11538749E-12
  0.23900000E+03  0.10452575E-12
  0.24000000E+03  0.94780175E-13
  0.24100000E+03  0.86457385E-13
  0.24200000E+03  0.78032876E-13
  0.24300000E+03  0.71151093E-13
  0.24400000E+03  0.64565418E-13
  0.24500000E+03  0.58549953E-13
  0.24600000E+03  0.52974945E-13
  0.24700000E+03  0.47741643E-13
  0.24800000E+03  0.43653439E-13
  0.24900000E+03  0.39775085E-13
  0.25000000E+03  0.36254216E-13
  0.25100000E+03  0.32752101E-13
  0.25200000E+03  0.30301076E-13
  0.25300000E+03  0.27427272E-13
  0.25400000E+03  0.25048189E-13
  0.25500000E+03  0.22748042E-13
  0.25600000E+03  0.21075681E-13
