 # Energy density spectrum: E(k) [energy per unit wavenumber]
 # Columns: k_phys [physical wavenumber], E_density [simulated]
  0.10000000E+01  0.11000442E-02
  0.20000000E+01  0.35016921E-02
  0.30000000E+01  0.70419861E-03
  0.40000000E+01  0.74861990E-03
  0.50000000E+01  0.59516047E-03
  0.60000000E+01  0.41949737E-03
  0.70000000E+01  0.32736923E-03
  0.80000000E+01  0.28979254E-03
  0.90000000E+01  0.27594127E-03
  0.10000000E+02  0.20976728E-03
  0.11000000E+02  0.16225243E-03
  0.12000000E+02  0.15821455E-03
  0.13000000E+02  0.13855222E-03
  0.14000000E+02  0.11583375E-03
  0.15000000E+02  0.92419345E-04
  0.16000000E+02  0.89550507E-04
  0.17000000E+02  0.76837467E-04
  0.18000000E+02  0.64360014E-04
  0.19000000E+02  0.54173091E-04
  0.20000000E+02  0.48378490E-04
  0.21000000E+02  0.44641798E-04
  0.22000000E+02  0.36551737E-04
  0.23000000E+02  0.31891304E-04
  0.24000000E+02  0.27966160E-04
  0.25000000E+02  0.25257958E-04
  0.26000000E+02  0.22760967E-04
  0.27000000E+02  0.18906932E-04
  0.28000000E+02  0.17069251E-04
  0.29000000E+02  0.14821388E-04
  0.30000000E+02  0.13088388E-04
  0.31000000E+02  0.11662670E-04
  0.32000000E+02  0.98764958E-05
  0.33000000E+02  0.91983693E-05
  0.34000000E+02  0.82582192E-05
  0.35000000E+02  0.69483553E-05
  0.36000000E+02  0.64200890E-05
  0.37000000E+02  0.55396963E-05
  0.38000000E+02  0.50648273E-05
  0.39000000E+02  0.43355526E-05
  0.40000000E+02  0.39916886E-05
  0.41000000E+02  0.36026813E-05
  0.42000000E+02  0.31417085E-05
  0.43000000E+02  0.28543091E-05
  0.44000000E+02  0.25107888E-05
  0.45000000E+02  0.23135385E-05
  0.46000000E+02  0.19963620E-05
  0.47000000E+02  0.18051622E-05
  0.48000000E+02  0.16431143E-05
  0.49000000E+02  0.14911795E-05
  0.50000000E+02  0.13228519E-05
  0.51000000E+02  0.11667834E-05
  0.52000000E+02  0.10776649E-05
  0.53000000E+02  0.96350834E-06
  0.54000000E+02  0.86159520E-06
  0.55000000E+02  0.77951518E-06
  0.56000000E+02  0.70467649E-06
  0.57000000E+02  0.65482715E-06
  0.58000000E+02  0.57831835E-06
  0.59000000E+02  0.52244400E-06
  0.60000000E+02  0.47882116E-06
  0.61000000E+02  0.42782824E-06
  0.62000000E+02  0.38861648E-06
  0.63000000E+02  0.34573441E-06
  0.64000000E+02  0.32154958E-06
  0.65000000E+02  0.29571802E-06
  0.66000000E+02  0.25982530E-06
  0.67000000E+02  0.24196800E-06
  0.68000000E+02  0.21686790E-06
  0.69000000E+02  0.19955182E-06
  0.70000000E+02  0.17971611E-06
  0.71000000E+02  0.16332525E-06
  0.72000000E+02  0.15074646E-06
  0.73000000E+02  0.13623185E-06
  0.74000000E+02  0.12566747E-06
  0.75000000E+02  0.11277374E-06
  0.76000000E+02  0.10386193E-06
  0.77000000E+02  0.94767159E-07
  0.78000000E+02  0.85551669E-07
  0.79000000E+02  0.78978672E-07
  0.80000000E+02  0.71751288E-07
  0.81000000E+02  0.66162897E-07
  0.82000000E+02  0.60489022E-07
  0.83000000E+02  0.55230821E-07
  0.84000000E+02  0.49739349E-07
  0.85000000E+02  0.46074803E-07
  0.86000000E+02  0.42181988E-07
  0.87000000E+02  0.38211446E-07
  0.88000000E+02  0.35233537E-07
  0.89000000E+02  0.32365651E-07
  0.90000000E+02  0.29851147E-07
  0.91000000E+02  0.26962683E-07
  0.92000000E+02  0.24880174E-07
  0.93000000E+02  0.22809967E-07
  0.94000000E+02  0.20913181E-07
  0.95000000E+02  0.18985782E-07
  0.96000000E+02  0.17545821E-07
  0.97000000E+02  0.16144941E-07
  0.98000000E+02  0.15037287E-07
  0.99000000E+02  0.13432293E-07
  0.10000000E+03  0.12467204E-07
  0.10100000E+03  0.11480296E-07
  0.10200000E+03  0.10553839E-07
  0.10300000E+03  0.96926609E-08
  0.10400000E+03  0.87687706E-08
  0.10500000E+03  0.83183531E-08
  0.10600000E+03  0.74952613E-08
  0.10700000E+03  0.69016712E-08
  0.10800000E+03  0.63479226E-08
  0.10900000E+03  0.59008407E-08
  0.11000000E+03  0.53653322E-08
  0.11100000E+03  0.49073079E-08
  0.11200000E+03  0.45672297E-08
  0.11300000E+03  0.42088066E-08
  0.11400000E+03  0.38741668E-08
  0.11500000E+03  0.35140917E-08
  0.11600000E+03  0.32884453E-08
  0.11700000E+03  0.30363876E-08
  0.11800000E+03  0.27467297E-08
  0.11900000E+03  0.25120086E-08
  0.12000000E+03  0.23439102E-08
  0.12100000E+03  0.21635884E-08
  0.12200000E+03  0.19769908E-08
  0.12300000E+03  0.18218866E-08
  0.12400000E+03  0.16702817E-08
  0.12500000E+03  0.15633671E-08
  0.12600000E+03  0.14137245E-08
  0.12700000E+03  0.13078482E-08
  0.12800000E+03  0.11999334E-08
  0.12900000E+03  0.11115231E-08
  0.13000000E+03  0.10124361E-08
  0.13100000E+03  0.92862262E-09
  0.13200000E+03  0.86352137E-09
  0.13300000E+03  0.77805640E-09
  0.13400000E+03  0.72167583E-09
  0.13500000E+03  0.66079964E-09
  0.13600000E+03  0.61015426E-09
  0.13700000E+03  0.56220517E-09
  0.13800000E+03  0.50888832E-09
  0.13900000E+03  0.46910120E-09
  0.14000000E+03  0.43039020E-09
  0.14100000E+03  0.39225240E-09
  0.14200000E+03  0.36319570E-09
  0.14300000E+03  0.32854885E-09
  0.14400000E+03  0.30042596E-09
  0.14500000E+03  0.27644892E-09
  0.14600000E+03  0.25408789E-09
  0.14700000E+03  0.23111275E-09
  0.14800000E+03  0.21155543E-09
  0.14900000E+03  0.19308469E-09
  0.15000000E+03  0.17557433E-09
  0.15100000E+03  0.15925197E-09
  0.15200000E+03  0.14497263E-09
  0.15300000E+03  0.13312636E-09
  0.15400000E+03  0.12192085E-09
  0.15500000E+03  0.10938970E-09
  0.15600000E+03  0.10061749E-09
  0.15700000E+03  0.91614785E-10
  0.15800000E+03  0.82711622E-10
  0.15900000E+03  0.75189688E-10
  0.16000000E+03  0.68341638E-10
  0.16100000E+03  0.62680743E-10
  0.16200000E+03  0.56588855E-10
  0.16300000E+03  0.51502910E-10
  0.16400000E+03  0.46675972E-10
  0.16500000E+03  0.43028393E-10
  0.16600000E+03  0.38352863E-10
  0.16700000E+03  0.35283918E-10
  0.16800000E+03  0.32117267E-10
  0.16900000E+03  0.29148003E-10
  0.17000000E+03  0.26660585E-10
  0.17100000E+03  0.23947589E-10
  0.17200000E+03  0.21986067E-10
  0.17300000E+03  0.20212028E-10
  0.17400000E+03  0.18443101E-10
  0.17500000E+03  0.16560130E-10
  0.17600000E+03  0.15274147E-10
  0.17700000E+03  0.13915456E-10
  0.17800000E+03  0.12704463E-10
  0.17900000E+03  0.11589966E-10
  0.18000000E+03  0.10541778E-10
  0.18100000E+03  0.96217799E-11
  0.18200000E+03  0.87632497E-11
  0.18300000E+03  0.79952555E-11
  0.18400000E+03  0.73174305E-11
  0.18500000E+03  0.66828708E-11
  0.18600000E+03  0.60795115E-11
  0.18700000E+03  0.55511585E-11
  0.18800000E+03  0.50482539E-11
  0.18900000E+03  0.45746527E-11
  0.19000000E+03  0.41505363E-11
  0.19100000E+03  0.38265632E-11
  0.19200000E+03  0.34851046E-11
  0.19300000E+03  0.31488477E-11
  0.19400000E+03  0.28934030E-11
  0.19500000E+03  0.26084744E-11
  0.19600000E+03  0.23749566E-11
  0.19700000E+03  0.21572674E-11
  0.19800000E+03  0.19568386E-11
  0.19900000E+03  0.17685619E-11
  0.20000000E+03  0.15920578E-11
  0.20100000E+03  0.14703486E-11
  0.20200000E+03  0.13175198E-11
  0.20300000E+03  0.11833687E-11
  0.20400000E+03  0.10822615E-11
  0.20500000E+03  0.98209114E-12
  0.20600000E+03  0.87643109E-12
  0.20700000E+03  0.79689348E-12
  0.20800000E+03  0.72461172E-12
  0.20900000E+03  0.64933605E-12
  0.21000000E+03  0.58865825E-12
  0.21100000E+03  0.52544617E-12
  0.21200000E+03  0.48090796E-12
  0.21300000E+03  0.43112283E-12
  0.21400000E+03  0.38931613E-12
  0.21500000E+03  0.34938171E-12
  0.21600000E+03  0.31327428E-12
  0.21700000E+03  0.28279858E-12
  0.21800000E+03  0.25461407E-12
  0.21900000E+03  0.22885627E-12
  0.22000000E+03  0.20450491E-12
  0.22100000E+03  0.18532699E-12
  0.22200000E+03  0.16453684E-12
  0.22300000E+03  0.14905679E-12
  0.22400000E+03  0.13222117E-12
  0.22500000E+03  0.12079466E-12
  0.22600000E+03  0.10726968E-12
  0.22700000E+03  0.96585940E-13
  0.22800000E+03  0.86850998E-13
  0.22900000E+03  0.77661944E-13
  0.23000000E+03  0.69829084E-13
  0.23100000E+03  0.61726584E-13
  0.23200000E+03  0.56500188E-13
  0.23300000E+03  0.50185272E-13
  0.23400000E+03  0.45240297E-13
  0.23500000E+03  0.40032332E-13
  0.23600000E+03  0.36161226E-13
  0.23700000E+03  0.32501427E-13
  0.23800000E+03  0.29061223E-13
  0.23900000E+03  0.26168770E-13
  0.24000000E+03  0.23385748E-13
  0.24100000E+03  0.21143926E-13
  0.24200000E+03  0.18836961E-13
  0.24300000E+03  0.16945235E-13
  0.24400000E+03  0.15302780E-13
  0.24500000E+03  0.13869068E-13
  0.24600000E+03  0.12401219E-13
  0.24700000E+03  0.11211465E-13
  0.24800000E+03  0.10181551E-13
  0.24900000E+03  0.92298487E-14
  0.25000000E+03  0.83509156E-14
  0.25100000E+03  0.75575100E-14
  0.25200000E+03  0.69385843E-14
  0.25300000E+03  0.63452983E-14
  0.25400000E+03  0.58026987E-14
  0.25500000E+03  0.53035579E-14
  0.25600000E+03  0.48807470E-14
