 # Energy density spectrum: E(k) [energy per unit wavenumber]
 # Columns: k_phys [physical wavenumber], E_density [simulated]
  0.10000000E+01  0.91682468E-03
  0.20000000E+01  0.58170110E-02
  0.30000000E+01  0.82607148E-03
  0.40000000E+01  0.74296520E-03
  0.50000000E+01  0.61953749E-03
  0.60000000E+01  0.48991339E-03
  0.70000000E+01  0.42260854E-03
  0.80000000E+01  0.38225032E-03
  0.90000000E+01  0.36124061E-03
  0.10000000E+02  0.26841444E-03
  0.11000000E+02  0.21802411E-03
  0.12000000E+02  0.18779268E-03
  0.13000000E+02  0.16886808E-03
  0.14000000E+02  0.13792510E-03
  0.15000000E+02  0.10914146E-03
  0.16000000E+02  0.10375613E-03
  0.17000000E+02  0.86564876E-04
  0.18000000E+02  0.74808326E-04
  0.19000000E+02  0.60195092E-04
  0.20000000E+02  0.56034452E-04
  0.21000000E+02  0.50025199E-04
  0.22000000E+02  0.41088126E-04
  0.23000000E+02  0.36611647E-04
  0.24000000E+02  0.31285144E-04
  0.25000000E+02  0.28686542E-04
  0.26000000E+02  0.24238483E-04
  0.27000000E+02  0.21601059E-04
  0.28000000E+02  0.19360648E-04
  0.29000000E+02  0.16650862E-04
  0.30000000E+02  0.14578985E-04
  0.31000000E+02  0.12953378E-04
  0.32000000E+02  0.11264843E-04
  0.33000000E+02  0.10304357E-04
  0.34000000E+02  0.90982403E-05
  0.35000000E+02  0.79519705E-05
  0.36000000E+02  0.72881962E-05
  0.37000000E+02  0.63582397E-05
  0.38000000E+02  0.56776048E-05
  0.39000000E+02  0.49618366E-05
  0.40000000E+02  0.45313163E-05
  0.41000000E+02  0.40694831E-05
  0.42000000E+02  0.35776552E-05
  0.43000000E+02  0.33268418E-05
  0.44000000E+02  0.28557545E-05
  0.45000000E+02  0.26731152E-05
  0.46000000E+02  0.22918582E-05
  0.47000000E+02  0.20905079E-05
  0.48000000E+02  0.19014628E-05
  0.49000000E+02  0.17198702E-05
  0.50000000E+02  0.15460737E-05
  0.51000000E+02  0.13661706E-05
  0.52000000E+02  0.12556076E-05
  0.53000000E+02  0.11341047E-05
  0.54000000E+02  0.10138795E-05
  0.55000000E+02  0.92281880E-06
  0.56000000E+02  0.83148575E-06
  0.57000000E+02  0.77157051E-06
  0.58000000E+02  0.67988674E-06
  0.59000000E+02  0.61971144E-06
  0.60000000E+02  0.56618563E-06
  0.61000000E+02  0.51488172E-06
  0.62000000E+02  0.46709303E-06
  0.63000000E+02  0.41218505E-06
  0.64000000E+02  0.38505789E-06
  0.65000000E+02  0.35732768E-06
  0.66000000E+02  0.31528771E-06
  0.67000000E+02  0.29082329E-06
  0.68000000E+02  0.25925880E-06
  0.69000000E+02  0.24305373E-06
  0.70000000E+02  0.21658091E-06
  0.71000000E+02  0.19762237E-06
  0.72000000E+02  0.18410012E-06
  0.73000000E+02  0.16494447E-06
  0.74000000E+02  0.15308929E-06
  0.75000000E+02  0.13678267E-06
  0.76000000E+02  0.12722239E-06
  0.77000000E+02  0.11565762E-06
  0.78000000E+02  0.10507060E-06
  0.79000000E+02  0.96717777E-07
  0.80000000E+02  0.88526647E-07
  0.81000000E+02  0.81946013E-07
  0.82000000E+02  0.74622456E-07
  0.83000000E+02  0.68251602E-07
  0.84000000E+02  0.61876236E-07
  0.85000000E+02  0.57897438E-07
  0.86000000E+02  0.52618198E-07
  0.87000000E+02  0.47670088E-07
  0.88000000E+02  0.44332548E-07
  0.89000000E+02  0.40773877E-07
  0.90000000E+02  0.37702993E-07
  0.91000000E+02  0.34237846E-07
  0.92000000E+02  0.31383550E-07
  0.93000000E+02  0.29032943E-07
  0.94000000E+02  0.26586630E-07
  0.95000000E+02  0.24365365E-07
  0.96000000E+02  0.22637497E-07
  0.97000000E+02  0.20880574E-07
  0.98000000E+02  0.19308164E-07
  0.99000000E+02  0.17437097E-07
  0.10000000E+03  0.16086249E-07
  0.10100000E+03  0.14869728E-07
  0.10200000E+03  0.13742033E-07
  0.10300000E+03  0.12737977E-07
  0.10400000E+03  0.11439911E-07
  0.10500000E+03  0.10862260E-07
  0.10600000E+03  0.97974020E-08
  0.10700000E+03  0.90910275E-08
  0.10800000E+03  0.83647791E-08
  0.10900000E+03  0.78328322E-08
  0.11000000E+03  0.70943673E-08
  0.11100000E+03  0.64897194E-08
  0.11200000E+03  0.60895546E-08
  0.11300000E+03  0.55894649E-08
  0.11400000E+03  0.51669256E-08
  0.11500000E+03  0.47036299E-08
  0.11600000E+03  0.44084807E-08
  0.11700000E+03  0.40532573E-08
  0.11800000E+03  0.37123069E-08
  0.11900000E+03  0.34208634E-08
  0.12000000E+03  0.31947136E-08
  0.12100000E+03  0.29322458E-08
  0.12200000E+03  0.26989802E-08
  0.12300000E+03  0.24925231E-08
  0.12400000E+03  0.22944733E-08
  0.12500000E+03  0.21299171E-08
  0.12600000E+03  0.19375008E-08
  0.12700000E+03  0.17878921E-08
  0.12800000E+03  0.16540110E-08
  0.12900000E+03  0.15454339E-08
  0.13000000E+03  0.14097292E-08
  0.13100000E+03  0.12869225E-08
  0.13200000E+03  0.12129152E-08
  0.13300000E+03  0.10981892E-08
  0.13400000E+03  0.10153086E-08
  0.13500000E+03  0.92801861E-09
  0.13600000E+03  0.85970142E-09
  0.13700000E+03  0.79906465E-09
  0.13800000E+03  0.72019463E-09
  0.13900000E+03  0.66309808E-09
  0.14000000E+03  0.61267857E-09
  0.14100000E+03  0.56160382E-09
  0.14200000E+03  0.51871574E-09
  0.14300000E+03  0.47155146E-09
  0.14400000E+03  0.43597331E-09
  0.14500000E+03  0.39901690E-09
  0.14600000E+03  0.36547088E-09
  0.14700000E+03  0.33630171E-09
  0.14800000E+03  0.30733688E-09
  0.14900000E+03  0.28147817E-09
  0.15000000E+03  0.25644295E-09
  0.15100000E+03  0.23407579E-09
  0.15200000E+03  0.21341880E-09
  0.15300000E+03  0.19562924E-09
  0.15400000E+03  0.18006431E-09
  0.15500000E+03  0.16239285E-09
  0.15600000E+03  0.14887683E-09
  0.15700000E+03  0.13637226E-09
  0.15800000E+03  0.12312784E-09
  0.15900000E+03  0.11144471E-09
  0.16000000E+03  0.10294945E-09
  0.16100000E+03  0.94355732E-10
  0.16200000E+03  0.84587122E-10
  0.16300000E+03  0.77468601E-10
  0.16400000E+03  0.69731533E-10
  0.16500000E+03  0.64913554E-10
  0.16600000E+03  0.57908008E-10
  0.16700000E+03  0.53323498E-10
  0.16800000E+03  0.48444387E-10
  0.16900000E+03  0.44091415E-10
  0.17000000E+03  0.40578596E-10
  0.17100000E+03  0.36464082E-10
  0.17200000E+03  0.33456089E-10
  0.17300000E+03  0.30538145E-10
  0.17400000E+03  0.27904512E-10
  0.17500000E+03  0.25239658E-10
  0.17600000E+03  0.23068060E-10
  0.17700000E+03  0.21112027E-10
  0.17800000E+03  0.19353548E-10
  0.17900000E+03  0.17591692E-10
  0.18000000E+03  0.16184941E-10
  0.18100000E+03  0.14782429E-10
  0.18200000E+03  0.13414872E-10
  0.18300000E+03  0.12300589E-10
  0.18400000E+03  0.11226523E-10
  0.18500000E+03  0.10255301E-10
  0.18600000E+03  0.93281580E-11
  0.18700000E+03  0.85190301E-11
  0.18800000E+03  0.77455776E-11
  0.18900000E+03  0.70489014E-11
  0.19000000E+03  0.64445467E-11
  0.19100000E+03  0.59002464E-11
  0.19200000E+03  0.54229438E-11
  0.19300000E+03  0.49289544E-11
  0.19400000E+03  0.45348907E-11
  0.19500000E+03  0.40706102E-11
  0.19600000E+03  0.37236542E-11
  0.19700000E+03  0.33687534E-11
  0.19800000E+03  0.30831245E-11
  0.19900000E+03  0.27797890E-11
  0.20000000E+03  0.25229042E-11
  0.20100000E+03  0.23174102E-11
  0.20200000E+03  0.21038232E-11
  0.20300000E+03  0.18958032E-11
  0.20400000E+03  0.17299568E-11
  0.20500000E+03  0.15784041E-11
  0.20600000E+03  0.14085334E-11
  0.20700000E+03  0.12860620E-11
  0.20800000E+03  0.11537089E-11
  0.20900000E+03  0.10521346E-11
  0.21000000E+03  0.94187646E-12
  0.21100000E+03  0.85667416E-12
  0.21200000E+03  0.78032031E-12
  0.21300000E+03  0.70609382E-12
  0.21400000E+03  0.63952858E-12
  0.21500000E+03  0.57875644E-12
  0.21600000E+03  0.52239381E-12
  0.21700000E+03  0.47207588E-12
  0.21800000E+03  0.42362693E-12
  0.21900000E+03  0.38201733E-12
  0.22000000E+03  0.34198303E-12
  0.22100000E+03  0.30962947E-12
  0.22200000E+03  0.27604695E-12
  0.22300000E+03  0.25154840E-12
  0.22400000E+03  0.22496751E-12
  0.22500000E+03  0.20474883E-12
  0.22600000E+03  0.18352251E-12
  0.22700000E+03  0.16465342E-12
  0.22800000E+03  0.14770284E-12
  0.22900000E+03  0.13407470E-12
  0.23000000E+03  0.12009525E-12
  0.23100000E+03  0.10638922E-12
  0.23200000E+03  0.97557216E-13
  0.23300000E+03  0.87145081E-13
  0.23400000E+03  0.78657641E-13
  0.23500000E+03  0.70146654E-13
  0.23600000E+03  0.63466966E-13
  0.23700000E+03  0.56974235E-13
  0.23800000E+03  0.51066966E-13
  0.23900000E+03  0.46025819E-13
  0.24000000E+03  0.41519820E-13
  0.24100000E+03  0.37356643E-13
  0.24200000E+03  0.33241337E-13
  0.24300000E+03  0.30127868E-13
  0.24400000E+03  0.27049521E-13
  0.24500000E+03  0.24447138E-13
  0.24600000E+03  0.21996236E-13
  0.24700000E+03  0.19663684E-13
  0.24800000E+03  0.18033421E-13
  0.24900000E+03  0.16306125E-13
  0.25000000E+03  0.14697114E-13
  0.25100000E+03  0.13273924E-13
  0.25200000E+03  0.12207446E-13
  0.25300000E+03  0.10949883E-13
  0.25400000E+03  0.10082298E-13
  0.25500000E+03  0.90776224E-14
  0.25600000E+03  0.83176120E-14
