 # Energy density spectrum: E(k) [energy per unit wavenumber]
 # Columns: k_phys [physical wavenumber], E_density [simulated]
  0.10000000E+01  0.58568682E-03
  0.20000000E+01  0.68642953E-02
  0.30000000E+01  0.97700430E-03
  0.40000000E+01  0.78175782E-03
  0.50000000E+01  0.72513864E-03
  0.60000000E+01  0.54118474E-03
  0.70000000E+01  0.47609507E-03
  0.80000000E+01  0.37532521E-03
  0.90000000E+01  0.36470126E-03
  0.10000000E+02  0.26536221E-03
  0.11000000E+02  0.22562880E-03
  0.12000000E+02  0.19782635E-03
  0.13000000E+02  0.17232801E-03
  0.14000000E+02  0.14624532E-03
  0.15000000E+02  0.11834520E-03
  0.16000000E+02  0.11249498E-03
  0.17000000E+02  0.94792442E-04
  0.18000000E+02  0.79985257E-04
  0.19000000E+02  0.64002816E-04
  0.20000000E+02  0.57691261E-04
  0.21000000E+02  0.50658280E-04
  0.22000000E+02  0.42201689E-04
  0.23000000E+02  0.37387796E-04
  0.24000000E+02  0.32134212E-04
  0.25000000E+02  0.29658640E-04
  0.26000000E+02  0.25672578E-04
  0.27000000E+02  0.22164786E-04
  0.28000000E+02  0.19348072E-04
  0.29000000E+02  0.17027867E-04
  0.30000000E+02  0.15072014E-04
  0.31000000E+02  0.13437822E-04
  0.32000000E+02  0.11596808E-04
  0.33000000E+02  0.10498548E-04
  0.34000000E+02  0.95245214E-05
  0.35000000E+02  0.80883774E-05
  0.36000000E+02  0.73169163E-05
  0.37000000E+02  0.64628707E-05
  0.38000000E+02  0.56833678E-05
  0.39000000E+02  0.50608801E-05
  0.40000000E+02  0.46235359E-05
  0.41000000E+02  0.41522280E-05
  0.42000000E+02  0.36684598E-05
  0.43000000E+02  0.33375125E-05
  0.44000000E+02  0.29242433E-05
  0.45000000E+02  0.27362689E-05
  0.46000000E+02  0.23644923E-05
  0.47000000E+02  0.21314881E-05
  0.48000000E+02  0.19576087E-05
  0.49000000E+02  0.17514359E-05
  0.50000000E+02  0.15971176E-05
  0.51000000E+02  0.14019284E-05
  0.52000000E+02  0.12969291E-05
  0.53000000E+02  0.11591922E-05
  0.54000000E+02  0.10491340E-05
  0.55000000E+02  0.94703591E-06
  0.56000000E+02  0.86222269E-06
  0.57000000E+02  0.79847371E-06
  0.58000000E+02  0.70731028E-06
  0.59000000E+02  0.64120769E-06
  0.60000000E+02  0.59078212E-06
  0.61000000E+02  0.52747527E-06
  0.62000000E+02  0.48259909E-06
  0.63000000E+02  0.42984038E-06
  0.64000000E+02  0.39719055E-06
  0.65000000E+02  0.36959582E-06
  0.66000000E+02  0.32226583E-06
  0.67000000E+02  0.30111505E-06
  0.68000000E+02  0.26970480E-06
  0.69000000E+02  0.25182814E-06
  0.70000000E+02  0.22485446E-06
  0.71000000E+02  0.20468464E-06
  0.72000000E+02  0.19194185E-06
  0.73000000E+02  0.17258826E-06
  0.74000000E+02  0.15965463E-06
  0.75000000E+02  0.14226238E-06
  0.76000000E+02  0.13222960E-06
  0.77000000E+02  0.12065988E-06
  0.78000000E+02  0.10786774E-06
  0.79000000E+02  0.10154805E-06
  0.80000000E+02  0.92288921E-07
  0.81000000E+02  0.85406953E-07
  0.82000000E+02  0.77523033E-07
  0.83000000E+02  0.71384747E-07
  0.84000000E+02  0.64997565E-07
  0.85000000E+02  0.60220316E-07
  0.86000000E+02  0.55184515E-07
  0.87000000E+02  0.50062376E-07
  0.88000000E+02  0.46536144E-07
  0.89000000E+02  0.42607898E-07
  0.90000000E+02  0.39686057E-07
  0.91000000E+02  0.36085854E-07
  0.92000000E+02  0.33209393E-07
  0.93000000E+02  0.30485133E-07
  0.94000000E+02  0.28173384E-07
  0.95000000E+02  0.25537744E-07
  0.96000000E+02  0.23891262E-07
  0.97000000E+02  0.21977753E-07
  0.98000000E+02  0.20437584E-07
  0.99000000E+02  0.18392390E-07
  0.10000000E+03  0.17094980E-07
  0.10100000E+03  0.15871331E-07
  0.10200000E+03  0.14568057E-07
  0.10300000E+03  0.13494666E-07
  0.10400000E+03  0.12243665E-07
  0.10500000E+03  0.11631177E-07
  0.10600000E+03  0.10525595E-07
  0.10700000E+03  0.96898178E-08
  0.10800000E+03  0.89631609E-08
  0.10900000E+03  0.83949105E-08
  0.11000000E+03  0.76063253E-08
  0.11100000E+03  0.69901702E-08
  0.11200000E+03  0.65347985E-08
  0.11300000E+03  0.60431171E-08
  0.11400000E+03  0.56105556E-08
  0.11500000E+03  0.50864202E-08
  0.11600000E+03  0.47812589E-08
  0.11700000E+03  0.44193520E-08
  0.11800000E+03  0.40242467E-08
  0.11900000E+03  0.37203920E-08
  0.12000000E+03  0.34721874E-08
  0.12100000E+03  0.32073593E-08
  0.12200000E+03  0.29590723E-08
  0.12300000E+03  0.27269054E-08
  0.12400000E+03  0.25038507E-08
  0.12500000E+03  0.23510303E-08
  0.12600000E+03  0.21441968E-08
  0.12700000E+03  0.19698732E-08
  0.12800000E+03  0.18304506E-08
  0.12900000E+03  0.17146582E-08
  0.13000000E+03  0.15633757E-08
  0.13100000E+03  0.14365538E-08
  0.13200000E+03  0.13419074E-08
  0.13300000E+03  0.12249542E-08
  0.13400000E+03  0.11424747E-08
  0.13500000E+03  0.10416331E-08
  0.13600000E+03  0.96871478E-09
  0.13700000E+03  0.89289304E-09
  0.13800000E+03  0.81423457E-09
  0.13900000E+03  0.75395062E-09
  0.14000000E+03  0.69761880E-09
  0.14100000E+03  0.63758543E-09
  0.14200000E+03  0.59388289E-09
  0.14300000E+03  0.53997540E-09
  0.14400000E+03  0.49845511E-09
  0.14500000E+03  0.45920751E-09
  0.14600000E+03  0.42373763E-09
  0.14700000E+03  0.38982825E-09
  0.14800000E+03  0.35625933E-09
  0.14900000E+03  0.32830666E-09
  0.15000000E+03  0.29997596E-09
  0.15100000E+03  0.27360197E-09
  0.15200000E+03  0.25168451E-09
  0.15300000E+03  0.22910913E-09
  0.15400000E+03  0.21170254E-09
  0.15500000E+03  0.19154685E-09
  0.15600000E+03  0.17629040E-09
  0.15700000E+03  0.16134685E-09
  0.15800000E+03  0.14694207E-09
  0.15900000E+03  0.13361717E-09
  0.16000000E+03  0.12329425E-09
  0.16100000E+03  0.11339457E-09
  0.16200000E+03  0.10237571E-09
  0.16300000E+03  0.94138371E-10
  0.16400000E+03  0.84617702E-10
  0.16500000E+03  0.78435737E-10
  0.16600000E+03  0.70788340E-10
  0.16700000E+03  0.65276069E-10
  0.16800000E+03  0.59548470E-10
  0.16900000E+03  0.54137125E-10
  0.17000000E+03  0.49536847E-10
  0.17100000E+03  0.44680041E-10
  0.17200000E+03  0.41351027E-10
  0.17300000E+03  0.37724310E-10
  0.17400000E+03  0.34522853E-10
  0.17500000E+03  0.31221883E-10
  0.17600000E+03  0.28688673E-10
  0.17700000E+03  0.26285212E-10
  0.17800000E+03  0.24103044E-10
  0.17900000E+03  0.21912937E-10
  0.18000000E+03  0.20098359E-10
  0.18100000E+03  0.18416810E-10
  0.18200000E+03  0.16710813E-10
  0.18300000E+03  0.15313173E-10
  0.18400000E+03  0.14019439E-10
  0.18500000E+03  0.12835666E-10
  0.18600000E+03  0.11711521E-10
  0.18700000E+03  0.10650445E-10
  0.18800000E+03  0.98071993E-11
  0.18900000E+03  0.89562342E-11
  0.19000000E+03  0.81241550E-11
  0.19100000E+03  0.75040937E-11
  0.19200000E+03  0.68180075E-11
  0.19300000E+03  0.62011715E-11
  0.19400000E+03  0.57463244E-11
  0.19500000E+03  0.51727437E-11
  0.19600000E+03  0.47369175E-11
  0.19700000E+03  0.43060243E-11
  0.19800000E+03  0.39376675E-11
  0.19900000E+03  0.35431198E-11
  0.20000000E+03  0.32122994E-11
  0.20100000E+03  0.29453332E-11
  0.20200000E+03  0.26866087E-11
  0.20300000E+03  0.24152939E-11
  0.20400000E+03  0.22096019E-11
  0.20500000E+03  0.20101405E-11
  0.20600000E+03  0.18124672E-11
  0.20700000E+03  0.16486055E-11
  0.20800000E+03  0.14992323E-11
  0.20900000E+03  0.13631737E-11
  0.21000000E+03  0.12263543E-11
  0.21100000E+03  0.10998766E-11
  0.21200000E+03  0.10069462E-11
  0.21300000E+03  0.90833677E-12
  0.21400000E+03  0.81954956E-12
  0.21500000E+03  0.74133028E-12
  0.21600000E+03  0.67131939E-12
  0.21700000E+03  0.60704219E-12
  0.21800000E+03  0.54434159E-12
  0.21900000E+03  0.49413202E-12
  0.22000000E+03  0.44354407E-12
  0.22100000E+03  0.40489227E-12
  0.22200000E+03  0.36026656E-12
  0.22300000E+03  0.32751712E-12
  0.22400000E+03  0.29254404E-12
  0.22500000E+03  0.26769681E-12
  0.22600000E+03  0.23869817E-12
  0.22700000E+03  0.21412475E-12
  0.22800000E+03  0.19398604E-12
  0.22900000E+03  0.17489456E-12
  0.23000000E+03  0.15647854E-12
  0.23100000E+03  0.14021110E-12
  0.23200000E+03  0.12734406E-12
  0.23300000E+03  0.11405930E-12
  0.23400000E+03  0.10280400E-12
  0.23500000E+03  0.91729487E-13
  0.23600000E+03  0.82746262E-13
  0.23700000E+03  0.74640997E-13
  0.23800000E+03  0.66938906E-13
  0.23900000E+03  0.60026941E-13
  0.24000000E+03  0.54002318E-13
  0.24100000E+03  0.48940266E-13
  0.24200000E+03  0.43708177E-13
  0.24300000E+03  0.39371548E-13
  0.24400000E+03  0.35674287E-13
  0.24500000E+03  0.31918841E-13
  0.24600000E+03  0.28589673E-13
  0.24700000E+03  0.25568328E-13
  0.24800000E+03  0.23365219E-13
  0.24900000E+03  0.21057486E-13
  0.25000000E+03  0.19047430E-13
  0.25100000E+03  0.17173364E-13
  0.25200000E+03  0.15599035E-13
  0.25300000E+03  0.14078852E-13
  0.25400000E+03  0.12731579E-13
  0.25500000E+03  0.11489268E-13
  0.25600000E+03  0.10547709E-13
