 # Energy density spectrum: E(k) [energy per unit wavenumber]
 # Columns: k_phys [physical wavenumber], E_density [simulated]
  0.10000000E+01  0.96742413E-03
  0.20000000E+01  0.36644058E-02
  0.30000000E+01  0.72606641E-03
  0.40000000E+01  0.69210032E-03
  0.50000000E+01  0.59711706E-03
  0.60000000E+01  0.38467601E-03
  0.70000000E+01  0.33603617E-03
  0.80000000E+01  0.26749945E-03
  0.90000000E+01  0.27219680E-03
  0.10000000E+02  0.19863900E-03
  0.11000000E+02  0.16551960E-03
  0.12000000E+02  0.13839256E-03
  0.13000000E+02  0.12912863E-03
  0.14000000E+02  0.10421762E-03
  0.15000000E+02  0.84761348E-04
  0.16000000E+02  0.81992097E-04
  0.17000000E+02  0.69233123E-04
  0.18000000E+02  0.57727757E-04
  0.19000000E+02  0.46821679E-04
  0.20000000E+02  0.42529558E-04
  0.21000000E+02  0.38771781E-04
  0.22000000E+02  0.32398315E-04
  0.23000000E+02  0.28380200E-04
  0.24000000E+02  0.24479568E-04
  0.25000000E+02  0.21912854E-04
  0.26000000E+02  0.18764893E-04
  0.27000000E+02  0.16305172E-04
  0.28000000E+02  0.14372568E-04
  0.29000000E+02  0.12629376E-04
  0.30000000E+02  0.10919202E-04
  0.31000000E+02  0.98273158E-05
  0.32000000E+02  0.83992754E-05
  0.33000000E+02  0.75823805E-05
  0.34000000E+02  0.68801937E-05
  0.35000000E+02  0.58361716E-05
  0.36000000E+02  0.53120066E-05
  0.37000000E+02  0.45892020E-05
  0.38000000E+02  0.41756484E-05
  0.39000000E+02  0.35976236E-05
  0.40000000E+02  0.32886173E-05
  0.41000000E+02  0.29556122E-05
  0.42000000E+02  0.25661382E-05
  0.43000000E+02  0.23312336E-05
  0.44000000E+02  0.20480225E-05
  0.45000000E+02  0.18800928E-05
  0.46000000E+02  0.16284754E-05
  0.47000000E+02  0.14562323E-05
  0.48000000E+02  0.13329874E-05
  0.49000000E+02  0.11999975E-05
  0.50000000E+02  0.10805308E-05
  0.51000000E+02  0.94630485E-06
  0.52000000E+02  0.87503167E-06
  0.53000000E+02  0.78290941E-06
  0.54000000E+02  0.69659694E-06
  0.55000000E+02  0.61703827E-06
  0.56000000E+02  0.56541137E-06
  0.57000000E+02  0.51773992E-06
  0.58000000E+02  0.45753291E-06
  0.59000000E+02  0.41164552E-06
  0.60000000E+02  0.37796261E-06
  0.61000000E+02  0.33758718E-06
  0.62000000E+02  0.30791995E-06
  0.63000000E+02  0.27028364E-06
  0.64000000E+02  0.25403099E-06
  0.65000000E+02  0.23234054E-06
  0.66000000E+02  0.20340931E-06
  0.67000000E+02  0.18905652E-06
  0.68000000E+02  0.16737893E-06
  0.69000000E+02  0.15592182E-06
  0.70000000E+02  0.13934748E-06
  0.71000000E+02  0.12509828E-06
  0.72000000E+02  0.11690823E-06
  0.73000000E+02  0.10461780E-06
  0.74000000E+02  0.97398001E-07
  0.75000000E+02  0.86321975E-07
  0.76000000E+02  0.79449627E-07
  0.77000000E+02  0.72598922E-07
  0.78000000E+02  0.64876545E-07
  0.79000000E+02  0.60075635E-07
  0.80000000E+02  0.54399184E-07
  0.81000000E+02  0.50344823E-07
  0.82000000E+02  0.45686765E-07
  0.83000000E+02  0.41689116E-07
  0.84000000E+02  0.37671992E-07
  0.85000000E+02  0.34753153E-07
  0.86000000E+02  0.31701664E-07
  0.87000000E+02  0.28585626E-07
  0.88000000E+02  0.26463320E-07
  0.89000000E+02  0.24152332E-07
  0.90000000E+02  0.22237366E-07
  0.91000000E+02  0.20159549E-07
  0.92000000E+02  0.18421648E-07
  0.93000000E+02  0.16789718E-07
  0.94000000E+02  0.15390652E-07
  0.95000000E+02  0.14005131E-07
  0.96000000E+02  0.12904822E-07
  0.97000000E+02  0.11920498E-07
  0.98000000E+02  0.11054178E-07
  0.99000000E+02  0.98601882E-08
  0.10000000E+03  0.91193915E-08
  0.10100000E+03  0.83926031E-08
  0.10200000E+03  0.77152409E-08
  0.10300000E+03  0.70512201E-08
  0.10400000E+03  0.63747887E-08
  0.10500000E+03  0.60560175E-08
  0.10600000E+03  0.54146065E-08
  0.10700000E+03  0.50100595E-08
  0.10800000E+03  0.45744004E-08
  0.10900000E+03  0.42497170E-08
  0.11000000E+03  0.38699461E-08
  0.11100000E+03  0.34985914E-08
  0.11200000E+03  0.32699734E-08
  0.11300000E+03  0.30036513E-08
  0.11400000E+03  0.27759390E-08
  0.11500000E+03  0.24967151E-08
  0.11600000E+03  0.23436380E-08
  0.11700000E+03  0.21452924E-08
  0.11800000E+03  0.19489172E-08
  0.11900000E+03  0.17921271E-08
  0.12000000E+03  0.16631247E-08
  0.12100000E+03  0.15242394E-08
  0.12200000E+03  0.13920652E-08
  0.12300000E+03  0.12793971E-08
  0.12400000E+03  0.11754280E-08
  0.12500000E+03  0.10978620E-08
  0.12600000E+03  0.99100095E-09
  0.12700000E+03  0.90830093E-09
  0.12800000E+03  0.84122176E-09
  0.12900000E+03  0.77731954E-09
  0.13000000E+03  0.70486739E-09
  0.13100000E+03  0.64569211E-09
  0.13200000E+03  0.60341820E-09
  0.13300000E+03  0.54478877E-09
  0.13400000E+03  0.50237275E-09
  0.13500000E+03  0.45872967E-09
  0.13600000E+03  0.42402098E-09
  0.13700000E+03  0.39082562E-09
  0.13800000E+03  0.35339770E-09
  0.13900000E+03  0.32361935E-09
  0.14000000E+03  0.29877720E-09
  0.14100000E+03  0.27223626E-09
  0.14200000E+03  0.25156294E-09
  0.14300000E+03  0.22791952E-09
  0.14400000E+03  0.20936078E-09
  0.14500000E+03  0.19262306E-09
  0.14600000E+03  0.17578884E-09
  0.14700000E+03  0.16141243E-09
  0.14800000E+03  0.14705720E-09
  0.14900000E+03  0.13394973E-09
  0.15000000E+03  0.12184970E-09
  0.15100000E+03  0.11066850E-09
  0.15200000E+03  0.10153659E-09
  0.15300000E+03  0.92952916E-10
  0.15400000E+03  0.85202650E-10
  0.15500000E+03  0.76240264E-10
  0.15600000E+03  0.70447696E-10
  0.15700000E+03  0.64364417E-10
  0.15800000E+03  0.57861119E-10
  0.15900000E+03  0.52572495E-10
  0.16000000E+03  0.48630079E-10
  0.16100000E+03  0.44420606E-10
  0.16200000E+03  0.40081511E-10
  0.16300000E+03  0.36640930E-10
  0.16400000E+03  0.32905206E-10
  0.16500000E+03  0.30484761E-10
  0.16600000E+03  0.27307023E-10
  0.16700000E+03  0.25003553E-10
  0.16800000E+03  0.22727256E-10
  0.16900000E+03  0.20784447E-10
  0.17000000E+03  0.19139705E-10
  0.17100000E+03  0.17261350E-10
  0.17200000E+03  0.15729223E-10
  0.17300000E+03  0.14403458E-10
  0.17400000E+03  0.13178568E-10
  0.17500000E+03  0.11879358E-10
  0.17600000E+03  0.10946622E-10
  0.17700000E+03  0.99748820E-11
  0.17800000E+03  0.91705948E-11
  0.17900000E+03  0.82610533E-11
  0.18000000E+03  0.76423876E-11
  0.18100000E+03  0.69632529E-11
  0.18200000E+03  0.62993738E-11
  0.18300000E+03  0.57764206E-11
  0.18400000E+03  0.53029265E-11
  0.18500000E+03  0.48434850E-11
  0.18600000E+03  0.43995909E-11
  0.18700000E+03  0.40411554E-11
  0.18800000E+03  0.36663385E-11
  0.18900000E+03  0.33493260E-11
  0.19000000E+03  0.30377784E-11
  0.19100000E+03  0.27750853E-11
  0.19200000E+03  0.25344509E-11
  0.19300000E+03  0.23026052E-11
  0.19400000E+03  0.21113048E-11
  0.19500000E+03  0.18989612E-11
  0.19600000E+03  0.17437348E-11
  0.19700000E+03  0.15895032E-11
  0.19800000E+03  0.14398506E-11
  0.19900000E+03  0.13063100E-11
  0.20000000E+03  0.11772775E-11
  0.20100000E+03  0.10781974E-11
  0.20200000E+03  0.97388590E-12
  0.20300000E+03  0.87706058E-12
  0.20400000E+03  0.80560260E-12
  0.20500000E+03  0.72939392E-12
  0.20600000E+03  0.64911612E-12
  0.20700000E+03  0.59675501E-12
  0.20800000E+03  0.53783302E-12
  0.20900000E+03  0.48511157E-12
  0.21000000E+03  0.43910925E-12
  0.21100000E+03  0.39413121E-12
  0.21200000E+03  0.35837452E-12
  0.21300000E+03  0.32180310E-12
  0.21400000E+03  0.29278663E-12
  0.21500000E+03  0.26076922E-12
  0.21600000E+03  0.23654489E-12
  0.21700000E+03  0.21329143E-12
  0.21800000E+03  0.19116172E-12
  0.21900000E+03  0.17319566E-12
  0.22000000E+03  0.15442900E-12
  0.22100000E+03  0.14115395E-12
  0.22200000E+03  0.12441994E-12
  0.22300000E+03  0.11354043E-12
  0.22400000E+03  0.10087621E-12
  0.22500000E+03  0.91784538E-13
  0.22600000E+03  0.82029849E-13
  0.22700000E+03  0.73530510E-13
  0.22800000E+03  0.66322111E-13
  0.22900000E+03  0.59806394E-13
  0.23000000E+03  0.53503819E-13
  0.23100000E+03  0.47621253E-13
  0.23200000E+03  0.43659514E-13
  0.23300000E+03  0.38833489E-13
  0.23400000E+03  0.35114811E-13
  0.23500000E+03  0.31337417E-13
  0.23600000E+03  0.28294087E-13
  0.23700000E+03  0.25567676E-13
  0.23800000E+03  0.22825275E-13
  0.23900000E+03  0.20681544E-13
  0.24000000E+03  0.18637393E-13
  0.24100000E+03  0.16898489E-13
  0.24200000E+03  0.15121812E-13
  0.24300000E+03  0.13748365E-13
  0.24400000E+03  0.12420959E-13
  0.24500000E+03  0.11288311E-13
  0.24600000E+03  0.10188818E-13
  0.24700000E+03  0.92200112E-14
  0.24800000E+03  0.84867102E-14
  0.24900000E+03  0.76772347E-14
  0.25000000E+03  0.70665498E-14
  0.25100000E+03  0.63907912E-14
  0.25200000E+03  0.59836445E-14
  0.25300000E+03  0.54307196E-14
  0.25400000E+03  0.50619261E-14
  0.25500000E+03  0.46431894E-14
  0.25600000E+03  0.42859088E-14
