 # Energy density spectrum: E(k) [energy per unit wavenumber]
 # Columns: k_phys [physical wavenumber], E_density [simulated]
  0.10000000E+01  0.35320819E-03
  0.20000000E+01  0.62313876E-02
  0.30000000E+01  0.72558818E-03
  0.40000000E+01  0.85422414E-03
  0.50000000E+01  0.65783330E-03
  0.60000000E+01  0.47061784E-03
  0.70000000E+01  0.42664807E-03
  0.80000000E+01  0.35082828E-03
  0.90000000E+01  0.33730414E-03
  0.10000000E+02  0.24411909E-03
  0.11000000E+02  0.21341931E-03
  0.12000000E+02  0.19464607E-03
  0.13000000E+02  0.16651832E-03
  0.14000000E+02  0.13673102E-03
  0.15000000E+02  0.10512459E-03
  0.16000000E+02  0.10253283E-03
  0.17000000E+02  0.82278588E-04
  0.18000000E+02  0.72834191E-04
  0.19000000E+02  0.59570910E-04
  0.20000000E+02  0.53679047E-04
  0.21000000E+02  0.47380487E-04
  0.22000000E+02  0.40327333E-04
  0.23000000E+02  0.35362769E-04
  0.24000000E+02  0.29691080E-04
  0.25000000E+02  0.27164328E-04
  0.26000000E+02  0.23101436E-04
  0.27000000E+02  0.20228248E-04
  0.28000000E+02  0.18092385E-04
  0.29000000E+02  0.15789978E-04
  0.30000000E+02  0.13602055E-04
  0.31000000E+02  0.12484745E-04
  0.32000000E+02  0.10642832E-04
  0.33000000E+02  0.97436950E-05
  0.34000000E+02  0.85391375E-05
  0.35000000E+02  0.74149852E-05
  0.36000000E+02  0.68168947E-05
  0.37000000E+02  0.58903370E-05
  0.38000000E+02  0.53152926E-05
  0.39000000E+02  0.46227415E-05
  0.40000000E+02  0.42042561E-05
  0.41000000E+02  0.38319372E-05
  0.42000000E+02  0.33177416E-05
  0.43000000E+02  0.30159954E-05
  0.44000000E+02  0.26655323E-05
  0.45000000E+02  0.24758795E-05
  0.46000000E+02  0.21352578E-05
  0.47000000E+02  0.19442705E-05
  0.48000000E+02  0.17487713E-05
  0.49000000E+02  0.15845927E-05
  0.50000000E+02  0.14356355E-05
  0.51000000E+02  0.12463818E-05
  0.52000000E+02  0.11601669E-05
  0.53000000E+02  0.10484044E-05
  0.54000000E+02  0.93149947E-06
  0.55000000E+02  0.84377751E-06
  0.56000000E+02  0.77210342E-06
  0.57000000E+02  0.70648122E-06
  0.58000000E+02  0.62466887E-06
  0.59000000E+02  0.57342254E-06
  0.60000000E+02  0.52648159E-06
  0.61000000E+02  0.47130783E-06
  0.62000000E+02  0.43168345E-06
  0.63000000E+02  0.38396772E-06
  0.64000000E+02  0.35405617E-06
  0.65000000E+02  0.32865762E-06
  0.66000000E+02  0.29249549E-06
  0.67000000E+02  0.26881642E-06
  0.68000000E+02  0.23988963E-06
  0.69000000E+02  0.22559847E-06
  0.70000000E+02  0.20033259E-06
  0.71000000E+02  0.18302053E-06
  0.72000000E+02  0.17052687E-06
  0.73000000E+02  0.15295976E-06
  0.74000000E+02  0.14175649E-06
  0.75000000E+02  0.12762247E-06
  0.76000000E+02  0.11815288E-06
  0.77000000E+02  0.10813083E-06
  0.78000000E+02  0.96543175E-07
  0.79000000E+02  0.89928335E-07
  0.80000000E+02  0.81877282E-07
  0.81000000E+02  0.75482006E-07
  0.82000000E+02  0.68919881E-07
  0.83000000E+02  0.62982139E-07
  0.84000000E+02  0.57709158E-07
  0.85000000E+02  0.53399802E-07
  0.86000000E+02  0.48761606E-07
  0.87000000E+02  0.44185253E-07
  0.88000000E+02  0.40913832E-07
  0.89000000E+02  0.37514369E-07
  0.90000000E+02  0.34817823E-07
  0.91000000E+02  0.31683538E-07
  0.92000000E+02  0.29065081E-07
  0.93000000E+02  0.26523606E-07
  0.94000000E+02  0.24620336E-07
  0.95000000E+02  0.22270726E-07
  0.96000000E+02  0.20829395E-07
  0.97000000E+02  0.19214605E-07
  0.98000000E+02  0.17718493E-07
  0.99000000E+02  0.16028606E-07
  0.10000000E+03  0.14911503E-07
  0.10100000E+03  0.13761913E-07
  0.10200000E+03  0.12691362E-07
  0.10300000E+03  0.11678794E-07
  0.10400000E+03  0.10542143E-07
  0.10500000E+03  0.10038927E-07
  0.10600000E+03  0.90730143E-08
  0.10700000E+03  0.84272411E-08
  0.10800000E+03  0.77305193E-08
  0.10900000E+03  0.71970305E-08
  0.11000000E+03  0.65198855E-08
  0.11100000E+03  0.60218692E-08
  0.11200000E+03  0.55982117E-08
  0.11300000E+03  0.51585696E-08
  0.11400000E+03  0.47956199E-08
  0.11500000E+03  0.43436108E-08
  0.11600000E+03  0.40795731E-08
  0.11700000E+03  0.37747689E-08
  0.11800000E+03  0.34237684E-08
  0.11900000E+03  0.31567149E-08
  0.12000000E+03  0.29539700E-08
  0.12100000E+03  0.27166212E-08
  0.12200000E+03  0.24900315E-08
  0.12300000E+03  0.23049123E-08
  0.12400000E+03  0.21243147E-08
  0.12500000E+03  0.19870807E-08
  0.12600000E+03  0.17960498E-08
  0.12700000E+03  0.16661509E-08
  0.12800000E+03  0.15310579E-08
  0.12900000E+03  0.14283889E-08
  0.13000000E+03  0.13075894E-08
  0.13100000E+03  0.11967031E-08
  0.13200000E+03  0.11222825E-08
  0.13300000E+03  0.10195749E-08
  0.13400000E+03  0.94382768E-09
  0.13500000E+03  0.86122420E-09
  0.13600000E+03  0.79864043E-09
  0.13700000E+03  0.74329637E-09
  0.13800000E+03  0.67122796E-09
  0.13900000E+03  0.62154215E-09
  0.14000000E+03  0.57293692E-09
  0.14100000E+03  0.52410043E-09
  0.14200000E+03  0.48732413E-09
  0.14300000E+03  0.44115825E-09
  0.14400000E+03  0.40591738E-09
  0.14500000E+03  0.37355674E-09
  0.14600000E+03  0.34385378E-09
  0.14700000E+03  0.31504277E-09
  0.14800000E+03  0.28812958E-09
  0.14900000E+03  0.26477803E-09
  0.15000000E+03  0.24094976E-09
  0.15100000E+03  0.21935735E-09
  0.15200000E+03  0.20078023E-09
  0.15300000E+03  0.18365325E-09
  0.15400000E+03  0.16941888E-09
  0.15500000E+03  0.15187447E-09
  0.15600000E+03  0.14000109E-09
  0.15700000E+03  0.12799234E-09
  0.15800000E+03  0.11603995E-09
  0.15900000E+03  0.10558922E-09
  0.16000000E+03  0.97233999E-10
  0.16100000E+03  0.89223066E-10
  0.16200000E+03  0.80526280E-10
  0.16300000E+03  0.73320156E-10
  0.16400000E+03  0.66490875E-10
  0.16500000E+03  0.61352812E-10
  0.16600000E+03  0.55099300E-10
  0.16700000E+03  0.50877306E-10
  0.16800000E+03  0.46557983E-10
  0.16900000E+03  0.42197298E-10
  0.17000000E+03  0.38767923E-10
  0.17100000E+03  0.34991395E-10
  0.17200000E+03  0.32266200E-10
  0.17300000E+03  0.29439357E-10
  0.17400000E+03  0.27010331E-10
  0.17500000E+03  0.24430081E-10
  0.17600000E+03  0.22533433E-10
  0.17700000E+03  0.20614557E-10
  0.17800000E+03  0.18911242E-10
  0.17900000E+03  0.17205820E-10
  0.18000000E+03  0.15785125E-10
  0.18100000E+03  0.14523103E-10
  0.18200000E+03  0.13240192E-10
  0.18300000E+03  0.12038957E-10
  0.18400000E+03  0.11075287E-10
  0.18500000E+03  0.10129350E-10
  0.18600000E+03  0.93187949E-11
  0.18700000E+03  0.85580917E-11
  0.18800000E+03  0.78129456E-11
  0.18900000E+03  0.71543049E-11
  0.19000000E+03  0.64499859E-11
  0.19100000E+03  0.59784855E-11
  0.19200000E+03  0.54487838E-11
  0.19300000E+03  0.49531408E-11
  0.19400000E+03  0.45625487E-11
  0.19500000E+03  0.41181446E-11
  0.19600000E+03  0.38053202E-11
  0.19700000E+03  0.34453753E-11
  0.19800000E+03  0.31483982E-11
  0.19900000E+03  0.28712163E-11
  0.20000000E+03  0.25948646E-11
  0.20100000E+03  0.23832464E-11
  0.20200000E+03  0.21609789E-11
  0.20300000E+03  0.19463211E-11
  0.20400000E+03  0.17836608E-11
  0.20500000E+03  0.16224393E-11
  0.20600000E+03  0.14549127E-11
  0.20700000E+03  0.13213278E-11
  0.20800000E+03  0.12023792E-11
  0.20900000E+03  0.10904762E-11
  0.21000000E+03  0.98236599E-12
  0.21100000E+03  0.88284989E-12
  0.21200000E+03  0.80710997E-12
  0.21300000E+03  0.72217108E-12
  0.21400000E+03  0.65280702E-12
  0.21500000E+03  0.58941572E-12
  0.21600000E+03  0.53296706E-12
  0.21700000E+03  0.48287231E-12
  0.21800000E+03  0.43376709E-12
  0.21900000E+03  0.38964681E-12
  0.22000000E+03  0.35062494E-12
  0.22100000E+03  0.31637168E-12
  0.22200000E+03  0.28218470E-12
  0.22300000E+03  0.25678887E-12
  0.22400000E+03  0.22912946E-12
  0.22500000E+03  0.20746528E-12
  0.22600000E+03  0.18483643E-12
  0.22700000E+03  0.16627539E-12
  0.22800000E+03  0.14919871E-12
  0.22900000E+03  0.13422281E-12
  0.23000000E+03  0.11975398E-12
  0.23100000E+03  0.10650358E-12
  0.23200000E+03  0.96845376E-13
  0.23300000E+03  0.86307839E-13
  0.23400000E+03  0.77569827E-13
  0.23500000E+03  0.68972870E-13
  0.23600000E+03  0.62421517E-13
  0.23700000E+03  0.55907976E-13
  0.23800000E+03  0.50079793E-13
  0.23900000E+03  0.44727212E-13
  0.24000000E+03  0.40176145E-13
  0.24100000E+03  0.36593151E-13
  0.24200000E+03  0.32449046E-13
  0.24300000E+03  0.29334418E-13
  0.24400000E+03  0.26353728E-13
  0.24500000E+03  0.23837847E-13
  0.24600000E+03  0.21311293E-13
  0.24700000E+03  0.19083422E-13
  0.24800000E+03  0.17460124E-13
  0.24900000E+03  0.15686505E-13
  0.25000000E+03  0.14199870E-13
  0.25100000E+03  0.12758591E-13
  0.25200000E+03  0.11692433E-13
  0.25300000E+03  0.10589582E-13
  0.25400000E+03  0.96201259E-14
  0.25500000E+03  0.87426014E-14
  0.25600000E+03  0.80184874E-14
