# r flatness
    0.024544     4.454436
    0.049087     4.421149
    0.073631     4.369888
    0.098175     4.305686
    0.122718     4.233662
    0.147262     4.158194
    0.171806     4.082547
    0.196350     4.008893
    0.220893     3.938526
    0.245437     3.872112
    0.269981     3.809910
    0.294524     3.751937
    0.319068     3.698064
    0.343612     3.648078
    0.368155     3.601720
    0.392699     3.558704
    0.417243     3.518743
    0.441786     3.481560
    0.466330     3.446895
    0.490874     3.414523
    0.515418     3.384247
    0.539961     3.355902
    0.564505     3.329358
    0.589049     3.304510
    0.613592     3.281275
    0.638136     3.259583
    0.662680     3.239370
    0.687223     3.220577
    0.711767     3.203136
    0.736311     3.186971
    0.760854     3.172002
    0.785398     3.158139
    0.809942     3.145293
    0.834486     3.133376
    0.859029     3.122303
    0.883573     3.111996
    0.908117     3.102380
    0.932660     3.093388
    0.957204     3.084953
    0.981748     3.077016
    1.006291     3.069519
    1.030835     3.062409
    1.055379     3.055639
    1.079923     3.049165
    1.104466     3.042953
    1.129010     3.036976
    1.153554     3.031213
    1.178097     3.025651
    1.202641     3.020285
    1.227185     3.015115
    1.251728     3.010141
    1.276272     3.005370
    1.300816     3.000804
    1.325359     2.996444
    1.349903     2.992286
    1.374447     2.988325
    1.398991     2.984549
    1.423534     2.980943
    1.448078     2.977489
    1.472622     2.974167
    1.497165     2.970957
    1.521709     2.967837
    1.546253     2.964784
    1.570796     2.961777
    1.595340     2.958791
    1.619884     2.955806
    1.644427     2.952797
    1.668971     2.949738
    1.693515     2.946607
    1.718059     2.943381
    1.742602     2.940042
    1.767146     2.936577
    1.791690     2.932976
    1.816233     2.929239
    1.840777     2.925373
    1.865321     2.921394
    1.889864     2.917324
    1.914408     2.913193
    1.938952     2.909034
    1.963495     2.904887
    1.988039     2.900793
    2.012583     2.896791
    2.037127     2.892918
    2.061670     2.889207
    2.086214     2.885687
    2.110758     2.882378
    2.135301     2.879294
    2.159845     2.876442
    2.184389     2.873819
    2.208932     2.871419
    2.233476     2.869225
    2.258020     2.867213
    2.282563     2.865358
    2.307107     2.863625
    2.331651     2.861981
    2.356194     2.860390
    2.380738     2.858815
    2.405282     2.857225
    2.429826     2.855590
    2.454369     2.853885
    2.478913     2.852092
    2.503457     2.850197
    2.528000     2.848192
    2.552544     2.846077
    2.577088     2.843855
    2.601631     2.841534
    2.626175     2.839124
    2.650719     2.836639
    2.675262     2.834096
    2.699806     2.831511
    2.724350     2.828902
    2.748894     2.826288
    2.773437     2.823690
    2.797981     2.821128
    2.822525     2.818624
    2.847068     2.816200
    2.871612     2.813880
    2.896156     2.811684
    2.920700     2.809633
    2.945243     2.807750
    2.969787     2.806051
    2.994331     2.804554
    3.018874     2.803270
    3.043418     2.802210
    3.067962     2.801381
    3.092505     2.800786
    3.117049     2.800429
    3.141593     2.800309
