# r flatness
    0.024544     4.203847
    0.049087     4.170483
    0.073631     4.119378
    0.098175     4.055844
    0.122718     3.985227
    0.147262     3.912043
    0.171806     3.839635
    0.196350     3.770211
    0.220893     3.705054
    0.245437     3.644778
    0.269981     3.589539
    0.294524     3.539216
    0.319068     3.493527
    0.343612     3.452117
    0.368155     3.414605
    0.392699     3.380617
    0.417243     3.349797
    0.441786     3.321812
    0.466330     3.296355
    0.490874     3.273143
    0.515418     3.251909
    0.539961     3.232404
    0.564505     3.214398
    0.589049     3.197668
    0.613592     3.182011
    0.638136     3.167240
    0.662680     3.153187
    0.687223     3.139708
    0.711767     3.126687
    0.736311     3.114039
    0.760854     3.101706
    0.785398     3.089660
    0.809942     3.077900
    0.834486     3.066441
    0.859029     3.055318
    0.883573     3.044571
    0.908117     3.034238
    0.932660     3.024360
    0.957204     3.014963
    0.981748     3.006066
    1.006291     2.997676
    1.030835     2.989788
    1.055379     2.982392
    1.079923     2.975469
    1.104466     2.968999
    1.129010     2.962958
    1.153554     2.957319
    1.178097     2.952057
    1.202641     2.947138
    1.227185     2.942531
    1.251728     2.938199
    1.276272     2.934102
    1.300816     2.930200
    1.325359     2.926450
    1.349903     2.922812
    1.374447     2.919250
    1.398991     2.915735
    1.423534     2.912244
    1.448078     2.908768
    1.472622     2.905310
    1.497165     2.901884
    1.521709     2.898513
    1.546253     2.895225
    1.570796     2.892053
    1.595340     2.889029
    1.619884     2.886178
    1.644427     2.883521
    1.668971     2.881067
    1.693515     2.878818
    1.718059     2.876767
    1.742602     2.874906
    1.767146     2.873219
    1.791690     2.871695
    1.816233     2.870319
    1.840777     2.869085
    1.865321     2.867988
    1.889864     2.867025
    1.914408     2.866199
    1.938952     2.865513
    1.963495     2.864973
    1.988039     2.864584
    2.012583     2.864357
    2.037127     2.864299
    2.061670     2.864422
    2.086214     2.864739
    2.110758     2.865264
    2.135301     2.866013
    2.159845     2.866998
    2.184389     2.868232
    2.208932     2.869725
    2.233476     2.871482
    2.258020     2.873503
    2.282563     2.875778
    2.307107     2.878296
    2.331651     2.881037
    2.356194     2.883972
    2.380738     2.887072
    2.405282     2.890300
    2.429826     2.893618
    2.454369     2.896988
    2.478913     2.900374
    2.503457     2.903741
    2.528000     2.907061
    2.552544     2.910309
    2.577088     2.913466
    2.601631     2.916524
    2.626175     2.919475
    2.650719     2.922324
    2.675262     2.925076
    2.699806     2.927746
    2.724350     2.930345
    2.748894     2.932892
    2.773437     2.935398
    2.797981     2.937876
    2.822525     2.940331
    2.847068     2.942765
    2.871612     2.945172
    2.896156     2.947539
    2.920700     2.949844
    2.945243     2.952062
    2.969787     2.954156
    2.994331     2.956089
    3.018874     2.957820
    3.043418     2.959306
    3.067962     2.960509
    3.092505     2.961395
    3.117049     2.961938
    3.141593     2.962121
