# r flatness
    0.024544     4.200281
    0.049087     4.171854
    0.073631     4.127741
    0.098175     4.071935
    0.122718     4.008654
    0.147262     3.941681
    0.171806     3.874026
    0.196350     3.807861
    0.220893     3.744603
    0.245437     3.685084
    0.269981     3.629695
    0.294524     3.578532
    0.319068     3.531499
    0.343612     3.488389
    0.368155     3.448931
    0.392699     3.412831
    0.417243     3.379787
    0.441786     3.349506
    0.466330     3.321708
    0.490874     3.296139
    0.515418     3.272562
    0.539961     3.250768
    0.564505     3.230568
    0.589049     3.211796
    0.613592     3.194305
    0.638136     3.177970
    0.662680     3.162680
    0.687223     3.148346
    0.711767     3.134892
    0.736311     3.122261
    0.760854     3.110406
    0.785398     3.099289
    0.809942     3.088879
    0.834486     3.079142
    0.859029     3.070048
    0.883573     3.061557
    0.908117     3.053627
    0.932660     3.046211
    0.957204     3.039256
    0.981748     3.032714
    1.006291     3.026532
    1.030835     3.020662
    1.055379     3.015056
    1.079923     3.009671
    1.104466     3.004468
    1.129010     2.999409
    1.153554     2.994459
    1.178097     2.989586
    1.202641     2.984757
    1.227185     2.979941
    1.251728     2.975107
    1.276272     2.970227
    1.300816     2.965272
    1.325359     2.960219
    1.349903     2.955046
    1.374447     2.949737
    1.398991     2.944285
    1.423534     2.938685
    1.448078     2.932940
    1.472622     2.927056
    1.497165     2.921046
    1.521709     2.914921
    1.546253     2.908697
    1.570796     2.902389
    1.595340     2.896011
    1.619884     2.889583
    1.644427     2.883121
    1.668971     2.876646
    1.693515     2.870187
    1.718059     2.863767
    1.742602     2.857422
    1.767146     2.851185
    1.791690     2.845093
    1.816233     2.839182
    1.840777     2.833488
    1.865321     2.828045
    1.889864     2.822882
    1.914408     2.818022
    1.938952     2.813487
    1.963495     2.809289
    1.988039     2.805436
    2.012583     2.801933
    2.037127     2.798775
    2.061670     2.795958
    2.086214     2.793472
    2.110758     2.791308
    2.135301     2.789457
    2.159845     2.787907
    2.184389     2.786649
    2.208932     2.785673
    2.233476     2.784970
    2.258020     2.784527
    2.282563     2.784329
    2.307107     2.784361
    2.331651     2.784602
    2.356194     2.785033
    2.380738     2.785627
    2.405282     2.786362
    2.429826     2.787209
    2.454369     2.788143
    2.478913     2.789139
    2.503457     2.790172
    2.528000     2.791222
    2.552544     2.792272
    2.577088     2.793308
    2.601631     2.794320
    2.626175     2.795301
    2.650719     2.796250
    2.675262     2.797167
    2.699806     2.798053
    2.724350     2.798911
    2.748894     2.799743
    2.773437     2.800553
    2.797981     2.801341
    2.822525     2.802108
    2.847068     2.802850
    2.871612     2.803566
    2.896156     2.804247
    2.920700     2.804889
    2.945243     2.805484
    2.969787     2.806023
    2.994331     2.806501
    3.018874     2.806913
    3.043418     2.807255
    3.067962     2.807523
    3.092505     2.807715
    3.117049     2.807831
    3.141593     2.807869
