# r flatness
    0.024544     4.288165
    0.049087     4.255140
    0.073631     4.204635
    0.098175     4.141983
    0.122718     4.072536
    0.147262     4.000781
    0.171806     3.930005
    0.196350     3.862342
    0.220893     3.798993
    0.245437     3.740492
    0.269981     3.686929
    0.294524     3.638120
    0.319068     3.593729
    0.343612     3.553351
    0.368155     3.516563
    0.392699     3.482958
    0.417243     3.452156
    0.441786     3.423823
    0.466330     3.397665
    0.490874     3.373432
    0.515418     3.350909
    0.539961     3.329912
    0.564505     3.310274
    0.589049     3.291847
    0.613592     3.274492
    0.638136     3.258088
    0.662680     3.242526
    0.687223     3.227715
    0.711767     3.213582
    0.736311     3.200068
    0.760854     3.187132
    0.785398     3.174739
    0.809942     3.162861
    0.834486     3.151474
    0.859029     3.140556
    0.883573     3.130082
    0.908117     3.120028
    0.932660     3.110368
    0.957204     3.101070
    0.981748     3.092104
    1.006291     3.083430
    1.030835     3.075011
    1.055379     3.066807
    1.079923     3.058780
    1.104466     3.050895
    1.129010     3.043124
    1.153554     3.035445
    1.178097     3.027846
    1.202641     3.020325
    1.227185     3.012885
    1.251728     3.005538
    1.276272     2.998302
    1.300816     2.991192
    1.325359     2.984227
    1.349903     2.977427
    1.374447     2.970808
    1.398991     2.964391
    1.423534     2.958193
    1.448078     2.952235
    1.472622     2.946539
    1.497165     2.941125
    1.521709     2.936011
    1.546253     2.931216
    1.570796     2.926753
    1.595340     2.922629
    1.619884     2.918846
    1.644427     2.915399
    1.668971     2.912278
    1.693515     2.909468
    1.718059     2.906949
    1.742602     2.904697
    1.767146     2.902685
    1.791690     2.900886
    1.816233     2.899267
    1.840777     2.897800
    1.865321     2.896449
    1.889864     2.895183
    1.914408     2.893968
    1.938952     2.892773
    1.963495     2.891570
    1.988039     2.890332
    2.012583     2.889037
    2.037127     2.887668
    2.061670     2.886209
    2.086214     2.884649
    2.110758     2.882976
    2.135301     2.881182
    2.159845     2.879261
    2.184389     2.877205
    2.208932     2.875009
    2.233476     2.872672
    2.258020     2.870194
    2.282563     2.867582
    2.307107     2.864848
    2.331651     2.862013
    2.356194     2.859100
    2.380738     2.856139
    2.405282     2.853163
    2.429826     2.850201
    2.454369     2.847281
    2.478913     2.844425
    2.503457     2.841651
    2.528000     2.838971
    2.552544     2.836393
    2.577088     2.833923
    2.601631     2.831565
    2.626175     2.829319
    2.650719     2.827185
    2.675262     2.825165
    2.699806     2.823255
    2.724350     2.821456
    2.748894     2.819769
    2.773437     2.818192
    2.797981     2.816728
    2.822525     2.815380
    2.847068     2.814147
    2.871612     2.813033
    2.896156     2.812039
    2.920700     2.811167
    2.945243     2.810415
    2.969787     2.809777
    2.994331     2.809252
    3.018874     2.808829
    3.043418     2.808499
    3.067962     2.808255
    3.092505     2.808087
    3.117049     2.807990
    3.141593     2.807959
