# r flatness
    0.024544     4.192499
    0.049087     4.163231
    0.073631     4.118020
    0.098175     4.061153
    0.122718     3.997048
    0.147262     3.929532
    0.171806     3.861520
    0.196350     3.795004
    0.220893     3.731207
    0.245437     3.670792
    0.269981     3.614038
    0.294524     3.560986
    0.319068     3.511536
    0.343612     3.465514
    0.368155     3.422715
    0.392699     3.382922
    0.417243     3.345922
    0.441786     3.311509
    0.466330     3.279498
    0.490874     3.249713
    0.515418     3.221996
    0.539961     3.196204
    0.564505     3.172206
    0.589049     3.149881
    0.613592     3.129119
    0.638136     3.109814
    0.662680     3.091867
    0.687223     3.075186
    0.711767     3.059683
    0.736311     3.045274
    0.760854     3.031879
    0.785398     3.019428
    0.809942     3.007852
    0.834486     2.997088
    0.859029     2.987077
    0.883573     2.977762
    0.908117     2.969092
    0.932660     2.961014
    0.957204     2.953480
    0.981748     2.946443
    1.006291     2.939854
    1.030835     2.933668
    1.055379     2.927838
    1.079923     2.922319
    1.104466     2.917068
    1.129010     2.912042
    1.153554     2.907203
    1.178097     2.902517
    1.202641     2.897954
    1.227185     2.893489
    1.251728     2.889100
    1.276272     2.884775
    1.300816     2.880503
    1.325359     2.876281
    1.349903     2.872111
    1.374447     2.868003
    1.398991     2.863971
    1.423534     2.860037
    1.448078     2.856219
    1.472622     2.852541
    1.497165     2.849022
    1.521709     2.845673
    1.546253     2.842501
    1.570796     2.839506
    1.595340     2.836678
    1.619884     2.834004
    1.644427     2.831466
    1.668971     2.829044
    1.693515     2.826717
    1.718059     2.824466
    1.742602     2.822275
    1.767146     2.820131
    1.791690     2.818023
    1.816233     2.815948
    1.840777     2.813902
    1.865321     2.811888
    1.889864     2.809906
    1.914408     2.807959
    1.938952     2.806051
    1.963495     2.804184
    1.988039     2.802361
    2.012583     2.800587
    2.037127     2.798869
    2.061670     2.797216
    2.086214     2.795640
    2.110758     2.794158
    2.135301     2.792785
    2.159845     2.791540
    2.184389     2.790439
    2.208932     2.789495
    2.233476     2.788720
    2.258020     2.788123
    2.282563     2.787707
    2.307107     2.787474
    2.331651     2.787425
    2.356194     2.787554
    2.380738     2.787858
    2.405282     2.788332
    2.429826     2.788966
    2.454369     2.789753
    2.478913     2.790680
    2.503457     2.791740
    2.528000     2.792919
    2.552544     2.794211
    2.577088     2.795606
    2.601631     2.797097
    2.626175     2.798678
    2.650719     2.800342
    2.675262     2.802082
    2.699806     2.803890
    2.724350     2.805754
    2.748894     2.807659
    2.773437     2.809589
    2.797981     2.811521
    2.822525     2.813434
    2.847068     2.815303
    2.871612     2.817106
    2.896156     2.818819
    2.920700     2.820422
    2.945243     2.821898
    2.969787     2.823232
    2.994331     2.824410
    3.018874     2.825422
    3.043418     2.826260
    3.067962     2.826918
    3.092505     2.827391
    3.117049     2.827676
    3.141593     2.827771
