# r flatness
    0.024544     4.254986
    0.049087     4.222606
    0.073631     4.172998
    0.098175     4.111346
    0.122718     4.042894
    0.147262     3.972075
    0.171806     3.902155
    0.196350     3.835255
    0.220893     3.772593
    0.245437     3.714728
    0.269981     3.661799
    0.294524     3.613676
    0.319068     3.570082
    0.343612     3.530660
    0.368155     3.495021
    0.392699     3.462768
    0.417243     3.433515
    0.441786     3.406892
    0.466330     3.382555
    0.490874     3.360193
    0.515418     3.339530
    0.539961     3.320330
    0.564505     3.302400
    0.589049     3.285589
    0.613592     3.269790
    0.638136     3.254933
    0.662680     3.240980
    0.687223     3.227915
    0.711767     3.215736
    0.736311     3.204448
    0.760854     3.194043
    0.785398     3.184509
    0.809942     3.175812
    0.834486     3.167905
    0.859029     3.160721
    0.883573     3.154183
    0.908117     3.148205
    0.932660     3.142695
    0.957204     3.137564
    0.981748     3.132725
    1.006291     3.128104
    1.030835     3.123635
    1.055379     3.119267
    1.079923     3.114965
    1.104466     3.110708
    1.129010     3.106487
    1.153554     3.102307
    1.178097     3.098183
    1.202641     3.094136
    1.227185     3.090191
    1.251728     3.086375
    1.276272     3.082720
    1.300816     3.079251
    1.325359     3.075994
    1.349903     3.072972
    1.374447     3.070202
    1.398991     3.067698
    1.423534     3.065472
    1.448078     3.063527
    1.472622     3.061866
    1.497165     3.060486
    1.521709     3.059379
    1.546253     3.058536
    1.570796     3.057940
    1.595340     3.057570
    1.619884     3.057405
    1.644427     3.057416
    1.668971     3.057575
    1.693515     3.057853
    1.718059     3.058219
    1.742602     3.058646
    1.767146     3.059108
    1.791690     3.059579
    1.816233     3.060035
    1.840777     3.060453
    1.865321     3.060806
    1.889864     3.061071
    1.914408     3.061221
    1.938952     3.061229
    1.963495     3.061071
    1.988039     3.060720
    2.012583     3.060154
    2.037127     3.059352
    2.061670     3.058296
    2.086214     3.056967
    2.110758     3.055358
    2.135301     3.053457
    2.159845     3.051265
    2.184389     3.048783
    2.208932     3.046021
    2.233476     3.042994
    2.258020     3.039724
    2.282563     3.036234
    2.307107     3.032553
    2.331651     3.028711
    2.356194     3.024740
    2.380738     3.020670
    2.405282     3.016530
    2.429826     3.012347
    2.454369     3.008143
    2.478913     3.003942
    2.503457     2.999766
    2.528000     2.995633
    2.552544     2.991569
    2.577088     2.987595
    2.601631     2.983741
    2.626175     2.980034
    2.650719     2.976506
    2.675262     2.973190
    2.699806     2.970115
    2.724350     2.967309
    2.748894     2.964795
    2.773437     2.962590
    2.797981     2.960701
    2.822525     2.959131
    2.847068     2.957867
    2.871612     2.956895
    2.896156     2.956184
    2.920700     2.955702
    2.945243     2.955407
    2.969787     2.955259
    2.994331     2.955217
    3.018874     2.955244
    3.043418     2.955308
    3.067962     2.955382
    3.092505     2.955448
    3.117049     2.955493
    3.141593     2.955508
