# r flatness
    0.024544     4.170300
    0.049087     4.141938
    0.073631     4.098118
    0.098175     4.043022
    0.122718     3.981009
    0.147262     3.915918
    0.171806     3.850723
    0.196350     3.787497
    0.220893     3.727540
    0.245437     3.671563
    0.269981     3.619870
    0.294524     3.572498
    0.319068     3.529320
    0.343612     3.490114
    0.368155     3.454612
    0.392699     3.422518
    0.417243     3.393533
    0.441786     3.367358
    0.466330     3.343702
    0.490874     3.322285
    0.515418     3.302836
    0.539961     3.285101
    0.564505     3.268843
    0.589049     3.253839
    0.613592     3.239886
    0.638136     3.226802
    0.662680     3.214427
    0.687223     3.202618
    0.711767     3.191257
    0.736311     3.180236
    0.760854     3.169469
    0.785398     3.158885
    0.809942     3.148426
    0.834486     3.138051
    0.859029     3.127730
    0.883573     3.117448
    0.908117     3.107197
    0.932660     3.096977
    0.957204     3.086795
    0.981748     3.076658
    1.006291     3.066575
    1.030835     3.056558
    1.055379     3.046619
    1.079923     3.036772
    1.104466     3.027035
    1.129010     3.017427
    1.153554     3.007973
    1.178097     2.998704
    1.202641     2.989651
    1.227185     2.980850
    1.251728     2.972335
    1.276272     2.964139
    1.300816     2.956296
    1.325359     2.948828
    1.349903     2.941756
    1.374447     2.935094
    1.398991     2.928847
    1.423534     2.923016
    1.448078     2.917592
    1.472622     2.912561
    1.497165     2.907900
    1.521709     2.903579
    1.546253     2.899562
    1.570796     2.895810
    1.595340     2.892281
    1.619884     2.888934
    1.644427     2.885731
    1.668971     2.882637
    1.693515     2.879622
    1.718059     2.876664
    1.742602     2.873745
    1.767146     2.870852
    1.791690     2.867979
    1.816233     2.865128
    1.840777     2.862302
    1.865321     2.859514
    1.889864     2.856784
    1.914408     2.854136
    1.938952     2.851601
    1.963495     2.849211
    1.988039     2.847006
    2.012583     2.845021
    2.037127     2.843296
    2.061670     2.841863
    2.086214     2.840755
    2.110758     2.839998
    2.135301     2.839617
    2.159845     2.839631
    2.184389     2.840061
    2.208932     2.840918
    2.233476     2.842216
    2.258020     2.843963
    2.282563     2.846162
    2.307107     2.848810
    2.331651     2.851896
    2.356194     2.855397
    2.380738     2.859285
    2.405282     2.863522
    2.429826     2.868059
    2.454369     2.872848
    2.478913     2.877835
    2.503457     2.882966
    2.528000     2.888191
    2.552544     2.893463
    2.577088     2.898741
    2.601631     2.903989
    2.626175     2.909176
    2.650719     2.914279
    2.675262     2.919275
    2.699806     2.924143
    2.724350     2.928864
    2.748894     2.933420
    2.773437     2.937790
    2.797981     2.941954
    2.822525     2.945893
    2.847068     2.949588
    2.871612     2.953021
    2.896156     2.956176
    2.920700     2.959038
    2.945243     2.961599
    2.969787     2.963850
    2.994331     2.965790
    3.018874     2.967418
    3.043418     2.968739
    3.067962     2.969757
    3.092505     2.970479
    3.117049     2.970911
    3.141593     2.971054
