# r flatness
    0.024544     4.392627
    0.049087     4.356490
    0.073631     4.300702
    0.098175     4.230469
    0.122718     4.151048
    0.147262     4.066979
    0.171806     3.981813
    0.196350     3.898147
    0.220893     3.817760
    0.245437     3.741785
    0.269981     3.670853
    0.294524     3.605220
    0.319068     3.544877
    0.343612     3.489632
    0.368155     3.439179
    0.392699     3.393156
    0.417243     3.351177
    0.441786     3.312858
    0.466330     3.277837
    0.490874     3.245775
    0.515418     3.216363
    0.539961     3.189323
    0.564505     3.164405
    0.589049     3.141386
    0.613592     3.120068
    0.638136     3.100279
    0.662680     3.081867
    0.687223     3.064702
    0.711767     3.048671
    0.736311     3.033676
    0.760854     3.019637
    0.785398     3.006484
    0.809942     2.994162
    0.834486     2.982626
    0.859029     2.971845
    0.883573     2.961794
    0.908117     2.952456
    0.932660     2.943817
    0.957204     2.935863
    0.981748     2.928580
    1.006291     2.921949
    1.030835     2.915948
    1.055379     2.910548
    1.079923     2.905719
    1.104466     2.901425
    1.129010     2.897628
    1.153554     2.894289
    1.178097     2.891370
    1.202641     2.888832
    1.227185     2.886642
    1.251728     2.884766
    1.276272     2.883176
    1.300816     2.881846
    1.325359     2.880752
    1.349903     2.879871
    1.374447     2.879182
    1.398991     2.878664
    1.423534     2.878293
    1.448078     2.878047
    1.472622     2.877901
    1.497165     2.877835
    1.521709     2.877828
    1.546253     2.877864
    1.570796     2.877928
    1.595340     2.878011
    1.619884     2.878108
    1.644427     2.878216
    1.668971     2.878334
    1.693515     2.878464
    1.718059     2.878608
    1.742602     2.878772
    1.767146     2.878960
    1.791690     2.879186
    1.816233     2.879460
    1.840777     2.879800
    1.865321     2.880227
    1.889864     2.880762
    1.914408     2.881432
    1.938952     2.882261
    1.963495     2.883271
    1.988039     2.884480
    2.012583     2.885897
    2.037127     2.887522
    2.061670     2.889344
    2.086214     2.891344
    2.110758     2.893491
    2.135301     2.895750
    2.159845     2.898081
    2.184389     2.900447
    2.208932     2.902806
    2.233476     2.905123
    2.258020     2.907368
    2.282563     2.909511
    2.307107     2.911533
    2.331651     2.913419
    2.356194     2.915160
    2.380738     2.916758
    2.405282     2.918220
    2.429826     2.919559
    2.454369     2.920798
    2.478913     2.921962
    2.503457     2.923081
    2.528000     2.924184
    2.552544     2.925302
    2.577088     2.926461
    2.601631     2.927684
    2.626175     2.928990
    2.650719     2.930396
    2.675262     2.931910
    2.699806     2.933538
    2.724350     2.935283
    2.748894     2.937141
    2.773437     2.939103
    2.797981     2.941154
    2.822525     2.943277
    2.847068     2.945447
    2.871612     2.947637
    2.896156     2.949818
    2.920700     2.951958
    2.945243     2.954022
    2.969787     2.955975
    2.994331     2.957777
    3.018874     2.959389
    3.043418     2.960774
    3.067962     2.961894
    3.092505     2.962719
    3.117049     2.963224
    3.141593     2.963394
