# r flatness
    0.024544     4.236995
    0.049087     4.206773
    0.073631     4.160194
    0.098175     4.101845
    0.122718     4.036496
    0.147262     3.968326
    0.171806     3.900558
    0.196350     3.835410
    0.220893     3.774235
    0.245437     3.717714
    0.269981     3.666055
    0.294524     3.619162
    0.319068     3.576755
    0.343612     3.538466
    0.368155     3.503902
    0.392699     3.472674
    0.417243     3.444422
    0.441786     3.418821
    0.466330     3.395576
    0.490874     3.374428
    0.515418     3.355141
    0.539961     3.337508
    0.564505     3.321351
    0.589049     3.306515
    0.613592     3.292868
    0.638136     3.280302
    0.662680     3.268720
    0.687223     3.258044
    0.711767     3.248200
    0.736311     3.239124
    0.760854     3.230750
    0.785398     3.223014
    0.809942     3.215850
    0.834486     3.209187
    0.859029     3.202950
    0.883573     3.197065
    0.908117     3.191457
    0.932660     3.186051
    0.957204     3.180781
    0.981748     3.175590
    1.006291     3.170424
    1.030835     3.165243
    1.055379     3.160016
    1.079923     3.154720
    1.104466     3.149339
    1.129010     3.143866
    1.153554     3.138296
    1.178097     3.132633
    1.202641     3.126878
    1.227185     3.121037
    1.251728     3.115119
    1.276272     3.109131
    1.300816     3.103085
    1.325359     3.096993
    1.349903     3.090870
    1.374447     3.084726
    1.398991     3.078572
    1.423534     3.072414
    1.448078     3.066256
    1.472622     3.060094
    1.497165     3.053921
    1.521709     3.047728
    1.546253     3.041502
    1.570796     3.035229
    1.595340     3.028897
    1.619884     3.022496
    1.644427     3.016019
    1.668971     3.009460
    1.693515     3.002818
    1.718059     2.996098
    1.742602     2.989300
    1.767146     2.982434
    1.791690     2.975506
    1.816233     2.968525
    1.840777     2.961501
    1.865321     2.954448
    1.889864     2.947377
    1.914408     2.940310
    1.938952     2.933264
    1.963495     2.926263
    1.988039     2.919334
    2.012583     2.912503
    2.037127     2.905799
    2.061670     2.899249
    2.086214     2.892881
    2.110758     2.886724
    2.135301     2.880802
    2.159845     2.875145
    2.184389     2.869778
    2.208932     2.864729
    2.233476     2.860020
    2.258020     2.855675
    2.282563     2.851709
    2.307107     2.848137
    2.331651     2.844964
    2.356194     2.842192
    2.380738     2.839815
    2.405282     2.837821
    2.429826     2.836190
    2.454369     2.834897
    2.478913     2.833911
    2.503457     2.833196
    2.528000     2.832714
    2.552544     2.832424
    2.577088     2.832286
    2.601631     2.832260
    2.626175     2.832312
    2.650719     2.832407
    2.675262     2.832524
    2.699806     2.832639
    2.724350     2.832744
    2.748894     2.832833
    2.773437     2.832910
    2.797981     2.832984
    2.822525     2.833071
    2.847068     2.833184
    2.871612     2.833342
    2.896156     2.833555
    2.920700     2.833831
    2.945243     2.834166
    2.969787     2.834552
    2.994331     2.834968
    3.018874     2.835389
    3.043418     2.835788
    3.067962     2.836134
    3.092505     2.836402
    3.117049     2.836572
    3.141593     2.836630
