# r flatness
    0.024544     4.196889
    0.049087     4.163570
    0.073631     4.112624
    0.098175     4.049457
    0.122718     3.979486
    0.147262     3.907233
    0.171806     3.835978
    0.196350     3.767816
    0.220893     3.703927
    0.245437     3.644858
    0.269981     3.590770
    0.294524     3.541583
    0.319068     3.497091
    0.343612     3.457004
    0.368155     3.420983
    0.392699     3.388660
    0.417243     3.359652
    0.441786     3.333573
    0.466330     3.310046
    0.490874     3.288711
    0.515418     3.269236
    0.539961     3.251321
    0.564505     3.234701
    0.589049     3.219149
    0.613592     3.204476
    0.638136     3.190531
    0.662680     3.177194
    0.687223     3.164378
    0.711767     3.152024
    0.736311     3.140090
    0.760854     3.128553
    0.785398     3.117407
    0.809942     3.106649
    0.834486     3.096284
    0.859029     3.086315
    0.883573     3.076742
    0.908117     3.067562
    0.932660     3.058768
    0.957204     3.050348
    0.981748     3.042291
    1.006291     3.034583
    1.030835     3.027211
    1.055379     3.020154
    1.079923     3.013392
    1.104466     3.006895
    1.129010     3.000628
    1.153554     2.994552
    1.178097     2.988624
    1.202641     2.982800
    1.227185     2.977041
    1.251728     2.971313
    1.276272     2.965594
    1.300816     2.959870
    1.325359     2.954139
    1.349903     2.948413
    1.374447     2.942711
    1.398991     2.937063
    1.423534     2.931510
    1.448078     2.926095
    1.472622     2.920867
    1.497165     2.915878
    1.521709     2.911173
    1.546253     2.906798
    1.570796     2.902787
    1.595340     2.899163
    1.619884     2.895938
    1.644427     2.893112
    1.668971     2.890673
    1.693515     2.888597
    1.718059     2.886855
    1.742602     2.885413
    1.767146     2.884235
    1.791690     2.883284
    1.816233     2.882527
    1.840777     2.881936
    1.865321     2.881484
    1.889864     2.881150
    1.914408     2.880914
    1.938952     2.880758
    1.963495     2.880666
    1.988039     2.880616
    2.012583     2.880590
    2.037127     2.880566
    2.061670     2.880523
    2.086214     2.880442
    2.110758     2.880305
    2.135301     2.880102
    2.159845     2.879833
    2.184389     2.879503
    2.208932     2.879131
    2.233476     2.878743
    2.258020     2.878373
    2.282563     2.878060
    2.307107     2.877846
    2.331651     2.877774
    2.356194     2.877881
    2.380738     2.878200
    2.405282     2.878756
    2.429826     2.879564
    2.454369     2.880628
    2.478913     2.881944
    2.503457     2.883498
    2.528000     2.885269
    2.552544     2.887232
    2.577088     2.889359
    2.601631     2.891622
    2.626175     2.893992
    2.650719     2.896442
    2.675262     2.898945
    2.699806     2.901474
    2.724350     2.904004
    2.748894     2.906510
    2.773437     2.908968
    2.797981     2.911352
    2.822525     2.913639
    2.847068     2.915805
    2.871612     2.917825
    2.896156     2.919680
    2.920700     2.921352
    2.945243     2.922829
    2.969787     2.924102
    2.994331     2.925173
    3.018874     2.926045
    3.043418     2.926730
    3.067962     2.927241
    3.092505     2.927593
    3.117049     2.927798
    3.141593     2.927865
