# r flatness
    0.024544     4.320339
    0.049087     4.283685
    0.073631     4.227543
    0.098175     4.157758
    0.122718     4.080209
    0.147262     3.999840
    0.171806     3.920280
    0.196350     3.843907
    0.220893     3.772098
    0.245437     3.705528
    0.269981     3.644414
    0.294524     3.588679
    0.319068     3.538076
    0.343612     3.492254
    0.368155     3.450809
    0.392699     3.413318
    0.417243     3.379355
    0.441786     3.348520
    0.466330     3.320441
    0.490874     3.294791
    0.515418     3.271291
    0.539961     3.249701
    0.564505     3.229829
    0.589049     3.211517
    0.613592     3.194634
    0.638136     3.179070
    0.662680     3.164727
    0.687223     3.151516
    0.711767     3.139355
    0.736311     3.128165
    0.760854     3.117876
    0.785398     3.108419
    0.809942     3.099734
    0.834486     3.091768
    0.859029     3.084471
    0.883573     3.077803
    0.908117     3.071724
    0.932660     3.066202
    0.957204     3.061205
    0.981748     3.056706
    1.006291     3.052679
    1.030835     3.049102
    1.055379     3.045955
    1.079923     3.043220
    1.104466     3.040878
    1.129010     3.038912
    1.153554     3.037302
    1.178097     3.036027
    1.202641     3.035062
    1.227185     3.034377
    1.251728     3.033939
    1.276272     3.033712
    1.300816     3.033656
    1.325359     3.033732
    1.349903     3.033898
    1.374447     3.034116
    1.398991     3.034347
    1.423534     3.034555
    1.448078     3.034707
    1.472622     3.034772
    1.497165     3.034723
    1.521709     3.034538
    1.546253     3.034199
    1.570796     3.033692
    1.595340     3.033009
    1.619884     3.032145
    1.644427     3.031105
    1.668971     3.029898
    1.693515     3.028543
    1.718059     3.027065
    1.742602     3.025491
    1.767146     3.023855
    1.791690     3.022191
    1.816233     3.020526
    1.840777     3.018887
    1.865321     3.017291
    1.889864     3.015750
    1.914408     3.014269
    1.938952     3.012849
    1.963495     3.011490
    1.988039     3.010193
    2.012583     3.008959
    2.037127     3.007796
    2.061670     3.006714
    2.086214     3.005728
    2.110758     3.004856
    2.135301     3.004116
    2.159845     3.003526
    2.184389     3.003097
    2.208932     3.002835
    2.233476     3.002736
    2.258020     3.002787
    2.282563     3.002963
    2.307107     3.003232
    2.331651     3.003558
    2.356194     3.003902
    2.380738     3.004226
    2.405282     3.004496
    2.429826     3.004683
    2.454369     3.004761
    2.478913     3.004710
    2.503457     3.004518
    2.528000     3.004174
    2.552544     3.003674
    2.577088     3.003015
    2.601631     3.002197
    2.626175     3.001227
    2.650719     3.000110
    2.675262     2.998854
    2.699806     2.997469
    2.724350     2.995965
    2.748894     2.994354
    2.773437     2.992650
    2.797981     2.990870
    2.822525     2.989035
    2.847068     2.987167
    2.871612     2.985294
    2.896156     2.983443
    2.920700     2.981646
    2.945243     2.979930
    2.969787     2.978328
    2.994331     2.976868
    3.018874     2.975578
    3.043418     2.974483
    3.067962     2.973606
    3.092505     2.972965
    3.117049     2.972575
    3.141593     2.972445
