# r flatness
    0.024544     4.383152
    0.049087     4.346430
    0.073631     4.290489
    0.098175     4.221364
    0.122718     4.144907
    0.147262     4.065830
    0.171806     3.987441
    0.196350     3.911805
    0.220893     3.840053
    0.245437     3.772690
    0.269981     3.709823
    0.294524     3.651333
    0.319068     3.596980
    0.343612     3.546479
    0.368155     3.499540
    0.392699     3.455899
    0.417243     3.415320
    0.441786     3.377599
    0.466330     3.342562
    0.490874     3.310058
    0.515418     3.279955
    0.539961     3.252134
    0.564505     3.226487
    0.589049     3.202915
    0.613592     3.181323
    0.638136     3.161616
    0.662680     3.143703
    0.687223     3.127491
    0.711767     3.112885
    0.736311     3.099790
    0.760854     3.088109
    0.785398     3.077741
    0.809942     3.068585
    0.834486     3.060536
    0.859029     3.053485
    0.883573     3.047323
    0.908117     3.041937
    0.932660     3.037213
    0.957204     3.033039
    0.981748     3.029304
    1.006291     3.025902
    1.030835     3.022734
    1.055379     3.019712
    1.079923     3.016761
    1.104466     3.013817
    1.129010     3.010832
    1.153554     3.007774
    1.178097     3.004624
    1.202641     3.001375
    1.227185     2.998029
    1.251728     2.994595
    1.276272     2.991082
    1.300816     2.987505
    1.325359     2.983870
    1.349903     2.980186
    1.374447     2.976456
    1.398991     2.972681
    1.423534     2.968860
    1.448078     2.964991
    1.472622     2.961070
    1.497165     2.957096
    1.521709     2.953067
    1.546253     2.948983
    1.570796     2.944847
    1.595340     2.940667
    1.619884     2.936450
    1.644427     2.932206
    1.668971     2.927949
    1.693515     2.923690
    1.718059     2.919441
    1.742602     2.915214
    1.767146     2.911020
    1.791690     2.906868
    1.816233     2.902767
    1.840777     2.898725
    1.865321     2.894751
    1.889864     2.890852
    1.914408     2.887040
    1.938952     2.883324
    1.963495     2.879718
    1.988039     2.876237
    2.012583     2.872896
    2.037127     2.869712
    2.061670     2.866699
    2.086214     2.863869
    2.110758     2.861231
    2.135301     2.858794
    2.159845     2.856560
    2.184389     2.854531
    2.208932     2.852708
    2.233476     2.851087
    2.258020     2.849663
    2.282563     2.848422
    2.307107     2.847350
    2.331651     2.846420
    2.356194     2.845602
    2.380738     2.844863
    2.405282     2.844162
    2.429826     2.843461
    2.454369     2.842724
    2.478913     2.841918
    2.503457     2.841018
    2.528000     2.840003
    2.552544     2.838866
    2.577088     2.837603
    2.601631     2.836218
    2.626175     2.834721
    2.650719     2.833126
    2.675262     2.831446
    2.699806     2.829696
    2.724350     2.827886
    2.748894     2.826026
    2.773437     2.824123
    2.797981     2.822181
    2.822525     2.820207
    2.847068     2.818208
    2.871612     2.816198
    2.896156     2.814197
    2.920700     2.812228
    2.945243     2.810323
    2.969787     2.808514
    2.994331     2.806843
    3.018874     2.805346
    3.043418     2.804063
    3.067962     2.803026
    3.092505     2.802264
    3.117049     2.801798
    3.141593     2.801642
