# r flatness
    0.024544     4.480659
    0.049087     4.443609
    0.073631     4.386892
    0.098175     4.316383
    0.122718     4.237911
    0.147262     4.156315
    0.171806     4.075119
    0.196350     3.996639
    0.220893     3.922251
    0.245437     3.852664
    0.269981     3.788136
    0.294524     3.728637
    0.319068     3.673953
    0.343612     3.623769
    0.368155     3.577724
    0.392699     3.535452
    0.417243     3.496601
    0.441786     3.460857
    0.466330     3.427943
    0.490874     3.397623
    0.515418     3.369694
    0.539961     3.343987
    0.564505     3.320355
    0.589049     3.298665
    0.613592     3.278797
    0.638136     3.260634
    0.662680     3.244060
    0.687223     3.228958
    0.711767     3.215207
    0.736311     3.202678
    0.760854     3.191238
    0.785398     3.180750
    0.809942     3.171075
    0.834486     3.162075
    0.859029     3.153617
    0.883573     3.145574
    0.908117     3.137831
    0.932660     3.130286
    0.957204     3.122850
    0.981748     3.115457
    1.006291     3.108056
    1.030835     3.100620
    1.055379     3.093142
    1.079923     3.085633
    1.104466     3.078118
    1.129010     3.070637
    1.153554     3.063234
    1.178097     3.055959
    1.202641     3.048867
    1.227185     3.042010
    1.251728     3.035439
    1.276272     3.029204
    1.300816     3.023347
    1.325359     3.017905
    1.349903     3.012908
    1.374447     3.008378
    1.398991     3.004327
    1.423534     3.000756
    1.448078     2.997661
    1.472622     2.995033
    1.497165     2.992858
    1.521709     2.991120
    1.546253     2.989803
    1.570796     2.988892
    1.595340     2.988371
    1.619884     2.988224
    1.644427     2.988433
    1.668971     2.988976
    1.693515     2.989825
    1.718059     2.990951
    1.742602     2.992316
    1.767146     2.993879
    1.791690     2.995594
    1.816233     2.997412
    1.840777     2.999282
    1.865321     3.001149
    1.889864     3.002962
    1.914408     3.004672
    1.938952     3.006234
    1.963495     3.007611
    1.988039     3.008778
    2.012583     3.009717
    2.037127     3.010423
    2.061670     3.010902
    2.086214     3.011168
    2.110758     3.011242
    2.135301     3.011153
    2.159845     3.010932
    2.184389     3.010613
    2.208932     3.010231
    2.233476     3.009821
    2.258020     3.009419
    2.282563     3.009054
    2.307107     3.008756
    2.331651     3.008550
    2.356194     3.008452
    2.380738     3.008478
    2.405282     3.008637
    2.429826     3.008936
    2.454369     3.009375
    2.478913     3.009957
    2.503457     3.010679
    2.528000     3.011534
    2.552544     3.012515
    2.577088     3.013609
    2.601631     3.014799
    2.626175     3.016064
    2.650719     3.017381
    2.675262     3.018723
    2.699806     3.020063
    2.724350     3.021370
    2.748894     3.022615
    2.773437     3.023768
    2.797981     3.024805
    2.822525     3.025702
    2.847068     3.026443
    2.871612     3.027017
    2.896156     3.027422
    2.920700     3.027663
    2.945243     3.027751
    2.969787     3.027711
    2.994331     3.027570
    3.018874     3.027363
    3.043418     3.027126
    3.067962     3.026896
    3.092505     3.026705
    3.117049     3.026580
    3.141593     3.026536
