# r flatness
    0.024544     4.839741
    0.049087     4.798849
    0.073631     4.735294
    0.098175     4.654654
    0.122718     4.562758
    0.147262     4.464753
    0.171806     4.364664
    0.196350     4.265361
    0.220893     4.168745
    0.245437     4.075997
    0.269981     3.987810
    0.294524     3.904557
    0.319068     3.826410
    0.343612     3.753402
    0.368155     3.685469
    0.392699     3.622475
    0.417243     3.564222
    0.441786     3.510473
    0.466330     3.460964
    0.490874     3.415416
    0.515418     3.373545
    0.539961     3.335074
    0.564505     3.299730
    0.589049     3.267247
    0.613592     3.237372
    0.638136     3.209866
    0.662680     3.184500
    0.687223     3.161067
    0.711767     3.139380
    0.736311     3.119272
    0.760854     3.100592
    0.785398     3.083208
    0.809942     3.066997
    0.834486     3.051843
    0.859029     3.037639
    0.883573     3.024285
    0.908117     3.011687
    0.932660     2.999766
    0.957204     2.988458
    0.981748     2.977716
    1.006291     2.967510
    1.030835     2.957828
    1.055379     2.948673
    1.079923     2.940057
    1.104466     2.931993
    1.129010     2.924495
    1.153554     2.917569
    1.178097     2.911211
    1.202641     2.905408
    1.227185     2.900136
    1.251728     2.895364
    1.276272     2.891050
    1.300816     2.887152
    1.325359     2.883624
    1.349903     2.880418
    1.374447     2.877491
    1.398991     2.874802
    1.423534     2.872311
    1.448078     2.869986
    1.472622     2.867799
    1.497165     2.865727
    1.521709     2.863751
    1.546253     2.861858
    1.570796     2.860036
    1.595340     2.858281
    1.619884     2.856588
    1.644427     2.854957
    1.668971     2.853390
    1.693515     2.851890
    1.718059     2.850464
    1.742602     2.849118
    1.767146     2.847860
    1.791690     2.846699
    1.816233     2.845645
    1.840777     2.844706
    1.865321     2.843891
    1.889864     2.843211
    1.914408     2.842674
    1.938952     2.842288
    1.963495     2.842061
    1.988039     2.842001
    2.012583     2.842112
    2.037127     2.842401
    2.061670     2.842874
    2.086214     2.843534
    2.110758     2.844381
    2.135301     2.845412
    2.159845     2.846624
    2.184389     2.848006
    2.208932     2.849545
    2.233476     2.851222
    2.258020     2.853016
    2.282563     2.854903
    2.307107     2.856852
    2.331651     2.858834
    2.356194     2.860815
    2.380738     2.862765
    2.405282     2.864653
    2.429826     2.866453
    2.454369     2.868140
    2.478913     2.869696
    2.503457     2.871108
    2.528000     2.872365
    2.552544     2.873464
    2.577088     2.874402
    2.601631     2.875180
    2.626175     2.875801
    2.650719     2.876266
    2.675262     2.876580
    2.699806     2.876746
    2.724350     2.876769
    2.748894     2.876652
    2.773437     2.876404
    2.797981     2.876035
    2.822525     2.875558
    2.847068     2.874989
    2.871612     2.874348
    2.896156     2.873657
    2.920700     2.872940
    2.945243     2.872220
    2.969787     2.871521
    2.994331     2.870865
    3.018874     2.870274
    3.043418     2.869764
    3.067962     2.869352
    3.092505     2.869049
    3.117049     2.868863
    3.141593     2.868801
