# r flatness
    0.024544     4.231985
    0.049087     4.197546
    0.073631     4.144524
    0.098175     4.078175
    0.122718     4.003928
    0.147262     3.926507
    0.171806     3.849531
    0.196350     3.775466
    0.220893     3.705794
    0.245437     3.641237
    0.269981     3.581989
    0.294524     3.527907
    0.319068     3.478668
    0.343612     3.433876
    0.368155     3.393123
    0.392699     3.356029
    0.417243     3.322249
    0.441786     3.291468
    0.466330     3.263391
    0.490874     3.237741
    0.515418     3.214251
    0.539961     3.192667
    0.564505     3.172753
    0.589049     3.154294
    0.613592     3.137103
    0.638136     3.121020
    0.662680     3.105914
    0.687223     3.091684
    0.711767     3.078253
    0.736311     3.065569
    0.760854     3.053597
    0.785398     3.042320
    0.809942     3.031732
    0.834486     3.021834
    0.859029     3.012635
    0.883573     3.004141
    0.908117     2.996357
    0.932660     2.989285
    0.957204     2.982918
    0.981748     2.977241
    1.006291     2.972228
    1.030835     2.967847
    1.055379     2.964053
    1.079923     2.960793
    1.104466     2.958008
    1.129010     2.955631
    1.153554     2.953591
    1.178097     2.951819
    1.202641     2.950242
    1.227185     2.948796
    1.251728     2.947419
    1.276272     2.946063
    1.300816     2.944687
    1.325359     2.943263
    1.349903     2.941776
    1.374447     2.940222
    1.398991     2.938606
    1.423534     2.936942
    1.448078     2.935253
    1.472622     2.933564
    1.497165     2.931906
    1.521709     2.930307
    1.546253     2.928799
    1.570796     2.927411
    1.595340     2.926168
    1.619884     2.925088
    1.644427     2.924186
    1.668971     2.923465
    1.693515     2.922926
    1.718059     2.922557
    1.742602     2.922342
    1.767146     2.922260
    1.791690     2.922283
    1.816233     2.922379
    1.840777     2.922518
    1.865321     2.922663
    1.889864     2.922782
    1.914408     2.922840
    1.938952     2.922809
    1.963495     2.922659
    1.988039     2.922370
    2.012583     2.921920
    2.037127     2.921298
    2.061670     2.920492
    2.086214     2.919496
    2.110758     2.918305
    2.135301     2.916920
    2.159845     2.915340
    2.184389     2.913567
    2.208932     2.911607
    2.233476     2.909464
    2.258020     2.907144
    2.282563     2.904656
    2.307107     2.902009
    2.331651     2.899211
    2.356194     2.896268
    2.380738     2.893189
    2.405282     2.889978
    2.429826     2.886641
    2.454369     2.883178
    2.478913     2.879594
    2.503457     2.875893
    2.528000     2.872080
    2.552544     2.868166
    2.577088     2.864164
    2.601631     2.860095
    2.626175     2.855979
    2.650719     2.851845
    2.675262     2.847721
    2.699806     2.843637
    2.724350     2.839626
    2.748894     2.835714
    2.773437     2.831932
    2.797981     2.828303
    2.822525     2.824851
    2.847068     2.821595
    2.871612     2.818551
    2.896156     2.815734
    2.920700     2.813156
    2.945243     2.810827
    2.969787     2.808758
    2.994331     2.806954
    3.018874     2.805422
    3.043418     2.804164
    3.067962     2.803185
    3.092505     2.802484
    3.117049     2.802063
    3.141593     2.801924
