# r flatness
    0.024544     4.040959
    0.049087     4.009819
    0.073631     3.962157
    0.098175     3.903030
    0.122718     3.837586
    0.147262     3.770215
    0.171806     3.704169
    0.196350     3.641567
    0.220893     3.583587
    0.245437     3.530720
    0.269981     3.483005
    0.294524     3.440208
    0.319068     3.401958
    0.343612     3.367830
    0.368155     3.337395
    0.392699     3.310254
    0.417243     3.286044
    0.441786     3.264449
    0.466330     3.245193
    0.490874     3.228029
    0.515418     3.212734
    0.539961     3.199101
    0.564505     3.186932
    0.589049     3.176038
    0.613592     3.166238
    0.638136     3.157365
    0.662680     3.149261
    0.687223     3.141789
    0.711767     3.134827
    0.736311     3.128271
    0.760854     3.122038
    0.785398     3.116065
    0.809942     3.110309
    0.834486     3.104740
    0.859029     3.099345
    0.883573     3.094122
    0.908117     3.089073
    0.932660     3.084209
    0.957204     3.079533
    0.981748     3.075050
    1.006291     3.070758
    1.030835     3.066646
    1.055379     3.062698
    1.079923     3.058892
    1.104466     3.055197
    1.129010     3.051582
    1.153554     3.048010
    1.178097     3.044446
    1.202641     3.040850
    1.227185     3.037188
    1.251728     3.033424
    1.276272     3.029528
    1.300816     3.025472
    1.325359     3.021233
    1.349903     3.016797
    1.374447     3.012151
    1.398991     3.007294
    1.423534     3.002225
    1.448078     2.996959
    1.472622     2.991509
    1.497165     2.985897
    1.521709     2.980151
    1.546253     2.974303
    1.570796     2.968387
    1.595340     2.962441
    1.619884     2.956505
    1.644427     2.950615
    1.668971     2.944809
    1.693515     2.939121
    1.718059     2.933581
    1.742602     2.928217
    1.767146     2.923054
    1.791690     2.918114
    1.816233     2.913414
    1.840777     2.908972
    1.865321     2.904798
    1.889864     2.900903
    1.914408     2.897292
    1.938952     2.893970
    1.963495     2.890939
    1.988039     2.888196
    2.012583     2.885740
    2.037127     2.883564
    2.061670     2.881664
    2.086214     2.880032
    2.110758     2.878660
    2.135301     2.877538
    2.159845     2.876655
    2.184389     2.876002
    2.208932     2.875566
    2.233476     2.875338
    2.258020     2.875306
    2.282563     2.875460
    2.307107     2.875792
    2.331651     2.876293
    2.356194     2.876956
    2.380738     2.877771
    2.405282     2.878734
    2.429826     2.879835
    2.454369     2.881065
    2.478913     2.882411
    2.503457     2.883861
    2.528000     2.885394
    2.552544     2.886991
    2.577088     2.888627
    2.601631     2.890281
    2.626175     2.891927
    2.650719     2.893542
    2.675262     2.895105
    2.699806     2.896598
    2.724350     2.898005
    2.748894     2.899314
    2.773437     2.900515
    2.797981     2.901603
    2.822525     2.902576
    2.847068     2.903436
    2.871612     2.904186
    2.896156     2.904831
    2.920700     2.905381
    2.945243     2.905844
    2.969787     2.906230
    2.994331     2.906546
    3.018874     2.906801
    3.043418     2.907002
    3.067962     2.907153
    3.092505     2.907258
    3.117049     2.907320
    3.141593     2.907340
