# r flatness
    0.024544     4.233917
    0.049087     4.202180
    0.073631     4.153111
    0.098175     4.091340
    0.122718     4.021686
    0.147262     3.948396
    0.171806     3.874767
    0.196350     3.803121
    0.220893     3.734934
    0.245437     3.671041
    0.269981     3.611814
    0.294524     3.557314
    0.319068     3.507401
    0.343612     3.461822
    0.368155     3.420265
    0.392699     3.382400
    0.417243     3.347897
    0.441786     3.316444
    0.466330     3.287745
    0.490874     3.261533
    0.515418     3.237562
    0.539961     3.215615
    0.564505     3.195500
    0.589049     3.177050
    0.613592     3.160120
    0.638136     3.144584
    0.662680     3.130329
    0.687223     3.117255
    0.711767     3.105269
    0.736311     3.094286
    0.760854     3.084220
    0.785398     3.074990
    0.809942     3.066514
    0.834486     3.058715
    0.859029     3.051514
    0.883573     3.044842
    0.908117     3.038637
    0.932660     3.032840
    0.957204     3.027399
    0.981748     3.022265
    1.006291     3.017388
    1.030835     3.012720
    1.055379     3.008211
    1.079923     3.003816
    1.104466     2.999494
    1.129010     2.995207
    1.153554     2.990920
    1.178097     2.986605
    1.202641     2.982231
    1.227185     2.977773
    1.251728     2.973206
    1.276272     2.968506
    1.300816     2.963651
    1.325359     2.958624
    1.349903     2.953409
    1.374447     2.947993
    1.398991     2.942369
    1.423534     2.936535
    1.448078     2.930495
    1.472622     2.924256
    1.497165     2.917838
    1.521709     2.911265
    1.546253     2.904570
    1.570796     2.897792
    1.595340     2.890977
    1.619884     2.884172
    1.644427     2.877430
    1.668971     2.870801
    1.693515     2.864333
    1.718059     2.858066
    1.742602     2.852034
    1.767146     2.846262
    1.791690     2.840766
    1.816233     2.835552
    1.840777     2.830617
    1.865321     2.825956
    1.889864     2.821555
    1.914408     2.817403
    1.938952     2.813488
    1.963495     2.809801
    1.988039     2.806337
    2.012583     2.803096
    2.037127     2.800082
    2.061670     2.797305
    2.086214     2.794776
    2.110758     2.792507
    2.135301     2.790512
    2.159845     2.788802
    2.184389     2.787388
    2.208932     2.786278
    2.233476     2.785474
    2.258020     2.784975
    2.282563     2.784775
    2.307107     2.784861
    2.331651     2.785216
    2.356194     2.785817
    2.380738     2.786636
    2.405282     2.787642
    2.429826     2.788802
    2.454369     2.790079
    2.478913     2.791436
    2.503457     2.792834
    2.528000     2.794236
    2.552544     2.795604
    2.577088     2.796906
    2.601631     2.798111
    2.626175     2.799193
    2.650719     2.800133
    2.675262     2.800915
    2.699806     2.801533
    2.724350     2.801987
    2.748894     2.802279
    2.773437     2.802422
    2.797981     2.802430
    2.822525     2.802322
    2.847068     2.802123
    2.871612     2.801855
    2.896156     2.801543
    2.920700     2.801210
    2.945243     2.800874
    2.969787     2.800553
    2.994331     2.800259
    3.018874     2.800000
    3.043418     2.799783
    3.067962     2.799610
    3.092505     2.799486
    3.117049     2.799411
    3.141593     2.799386
