 # Isotropy Coefficients: Standard IC = E₂₂/E₁₁ (should be 4/3 for isotropy)
 # Derivative-based IC = [2E₂₂ - k dE₁₁/dk] / [2E₁₁] (alternative definition)
 # Columns: k, E11(k), E22(k), E33(k), dE11/dk, IC_standard, IC_derivative
  0.10000000E+01  0.57309890E-05  0.21824721E-05  0.47874587E-05  0.17492286E-04  0.38081947E+00  0.34336299E+00
  0.20000000E+01  0.23223274E-04  0.24126022E-04  0.26449226E-04 -0.33429933E-06  0.10388726E+01  0.10392259E+01
  0.30000000E+01  0.50623903E-05  0.49135542E-05  0.42512834E-05 -0.11636833E-04  0.97059965E+00  0.10552269E+01
  0.40000000E+01  0.54988868E-05  0.59654421E-05  0.44069584E-05  0.77589084E-06  0.10848454E+01  0.10779192E+01
  0.50000000E+01  0.35778949E-05  0.32292389E-05  0.28153779E-05 -0.19970157E-05  0.90255278E+00  0.93680066E+00
  0.60000000E+01  0.20366210E-05  0.21787912E-05  0.20251141E-05 -0.11299321E-05  0.10698069E+01  0.11106579E+01
  0.70000000E+01  0.13284528E-05  0.14524537E-05  0.14438516E-05 -0.42815304E-06  0.10933424E+01  0.11210284E+01
  0.80000000E+01  0.10625345E-05  0.11170365E-05  0.10818006E-05 -0.14697207E-06  0.10512943E+01  0.10648741E+01
  0.90000000E+01  0.92303856E-06  0.87260219E-06  0.94068668E-06 -0.25839012E-06  0.94535834E+00  0.97627610E+00
  0.10000000E+02  0.55697222E-06  0.54807992E-06  0.54924305E-06 -0.29472474E-06  0.98403460E+00  0.10489717E+01
  0.11000000E+02  0.38463619E-06  0.35163714E-06  0.40220840E-06 -0.11674516E-06  0.91420710E+00  0.95517951E+00
  0.12000000E+02  0.29201257E-06  0.28866060E-06  0.31130230E-06 -0.86840693E-07  0.98852116E+00  0.10323150E+01
  0.13000000E+02  0.20430332E-06  0.20710036E-06  0.23888848E-06 -0.67043651E-07  0.10136906E+01  0.10660429E+01
  0.14000000E+02  0.15639768E-06  0.15638120E-06  0.16780237E-06 -0.49550618E-07  0.99989468E+00  0.10543270E+01
  0.15000000E+02  0.10424088E-06  0.11167737E-06  0.11884503E-06 -0.35231508E-07  0.10713394E+01  0.11335543E+01
  0.16000000E+02  0.86120508E-07  0.92419569E-07  0.10153777E-06 -0.17265320E-07  0.10731424E+01  0.11125063E+01
  0.17000000E+02  0.64864103E-07  0.69856107E-07  0.75125044E-07 -0.19295998E-07  0.10769609E+01  0.11390224E+01
  0.18000000E+02  0.48567284E-07  0.51937143E-07  0.55635198E-07 -0.14890301E-07  0.10693854E+01  0.11371093E+01
  0.19000000E+02  0.35367059E-07  0.37513235E-07  0.40465014E-07 -0.95851531E-08  0.10606829E+01  0.11238751E+01
  0.20000000E+02  0.28827779E-07  0.31110272E-07  0.34124543E-07 -0.62095729E-08  0.10791768E+01  0.11320446E+01
  0.21000000E+02  0.21969910E-07  0.24118659E-07  0.25805823E-07 -0.67431292E-08  0.10978042E+01  0.11769016E+01
  0.22000000E+02  0.15904975E-07  0.17451839E-07  0.19113624E-07 -0.44858157E-08  0.10972567E+01  0.11734015E+01
  0.23000000E+02  0.12902176E-07  0.14528569E-07  0.14772127E-07 -0.27060867E-08  0.11260557E+01  0.11852549E+01
  0.24000000E+02  0.10115691E-07  0.10965342E-07  0.11283917E-07 -0.23814493E-08  0.10839934E+01  0.11533308E+01
  0.25000000E+02  0.81286737E-08  0.89727630E-08  0.91126466E-08 -0.18764317E-08  0.11038409E+01  0.11746621E+01
  0.26000000E+02  0.62943459E-08  0.70747559E-08  0.69325088E-08 -0.16732917E-08  0.11239859E+01  0.12088070E+01
  0.27000000E+02  0.48486006E-08  0.53542553E-08  0.53998259E-08 -0.11476046E-08  0.11042888E+01  0.11827128E+01
  0.28000000E+02  0.39546060E-08  0.44037236E-08  0.43800128E-08 -0.79001589E-09  0.11135682E+01  0.11822120E+01
  0.29000000E+02  0.31820087E-08  0.33799803E-08  0.33980676E-08 -0.76968337E-09  0.10622159E+01  0.11482991E+01
  0.30000000E+02  0.24418016E-08  0.26616687E-08  0.25919982E-08 -0.59838079E-09  0.10900429E+01  0.11802621E+01
  0.31000000E+02  0.19823667E-08  0.21375424E-08  0.21252233E-08 -0.44424139E-09  0.10782779E+01  0.11635303E+01
  0.32000000E+02  0.15380399E-08  0.16821826E-08  0.16293688E-08 -0.34815217E-09  0.10937184E+01  0.11826102E+01
  0.33000000E+02  0.12828114E-08  0.13767194E-08  0.13489784E-08 -0.24553112E-09  0.10732049E+01  0.11507167E+01
  0.34000000E+02  0.10231846E-08  0.10999049E-08  0.10669917E-08 -0.24143132E-09  0.10749819E+01  0.11734349E+01
  0.35000000E+02  0.80989793E-09  0.84808754E-09  0.82267837E-09 -0.18250358E-09  0.10471536E+01  0.11439410E+01
  0.36000000E+02  0.65190792E-09  0.68581413E-09  0.67336597E-09 -0.15542563E-09  0.10520108E+01  0.11573399E+01
  0.37000000E+02  0.50264048E-09  0.54788085E-09  0.52290444E-09 -0.10813961E-09  0.10900054E+01  0.11876929E+01
  0.38000000E+02  0.43023285E-09  0.44036463E-09  0.43493192E-09 -0.81145222E-10  0.10235496E+01  0.11115030E+01
  0.39000000E+02  0.33417263E-09  0.33810232E-09  0.33917735E-09 -0.78359937E-10  0.10117595E+01  0.11239866E+01
  0.40000000E+02  0.27790764E-09  0.27775579E-09  0.27889016E-09 -0.52393218E-10  0.99945360E+00  0.10919968E+01
  0.41000000E+02  0.22435803E-09  0.22700491E-09  0.22646969E-09 -0.49542485E-10  0.10117975E+01  0.11229017E+01
  0.42000000E+02  0.18043464E-09  0.17510907E-09  0.17599547E-09 -0.36872352E-10  0.97048473E+00  0.10758119E+01
  0.43000000E+02  0.14889846E-09  0.14506449E-09  0.14445981E-09 -0.32026336E-10  0.97425109E+00  0.10877509E+01
  0.44000000E+02  0.11669928E-09  0.11403133E-09  0.11583794E-09 -0.24710929E-10  0.97713828E+00  0.10914744E+01
  0.45000000E+02  0.98791156E-10  0.94541021E-10  0.95606058E-10 -0.19884164E-10  0.95697856E+00  0.10681292E+01
  0.46000000E+02  0.76107363E-10  0.73609258E-10  0.75140442E-10 -0.18645944E-10  0.96717656E+00  0.11054776E+01
  0.47000000E+02  0.62773141E-10  0.60359717E-10  0.62029860E-10 -0.11160722E-10  0.96155322E+00  0.10641010E+01
  0.48000000E+02  0.52306492E-10  0.50266197E-10  0.50252837E-10 -0.10186299E-10  0.96099347E+00  0.10757062E+01
  0.49000000E+02  0.42312855E-10  0.40012996E-10  0.40736133E-10 -0.88045760E-11  0.94564635E+00  0.10707707E+01
  0.50000000E+02  0.34660674E-10  0.32405995E-10  0.33354205E-10 -0.76101868E-11  0.93494993E+00  0.10696719E+01
  0.51000000E+02  0.27261495E-10  0.25694988E-10  0.26432100E-10 -0.56639433E-11  0.94253772E+00  0.10725695E+01
  0.52000000E+02  0.23217853E-10  0.21150583E-10  0.21946996E-10 -0.40466684E-11  0.91096205E+00  0.10221835E+01
  0.53000000E+02  0.18737605E-10  0.17027447E-10  0.17713978E-10 -0.42050781E-11  0.90873122E+00  0.10546952E+01
  0.54000000E+02  0.15029575E-10  0.13715383E-10  0.14325238E-10 -0.32478354E-11  0.91255963E+00  0.10557623E+01
  0.55000000E+02  0.12216206E-10  0.11029041E-10  0.11541409E-10 -0.24650481E-11  0.90282047E+00  0.10390157E+01
  0.56000000E+02  0.10020685E-10  0.89633613E-11  0.96099821E-11 -0.19499992E-11  0.89448589E+00  0.10282178E+01
  0.57000000E+02  0.82470636E-11  0.72961385E-11  0.78727771E-11 -0.16569732E-11  0.88469529E+00  0.10252357E+01
  0.58000000E+02  0.66764237E-11  0.58410512E-11  0.62997953E-11 -0.14715139E-11  0.87487721E+00  0.10317539E+01
  0.59000000E+02  0.53457950E-11  0.46440104E-11  0.50972330E-11 -0.10859036E-11  0.86872214E+00  0.10157979E+01
  0.60000000E+02  0.44687015E-11  0.38392618E-11  0.42578783E-11 -0.84214580E-12  0.85914487E+00  0.99790567E+00
  0.61000000E+02  0.36161291E-11  0.30506539E-11  0.34212086E-11 -0.76646832E-12  0.84362417E+00  0.10022924E+01
  0.62000000E+02  0.29448449E-11  0.24839224E-11  0.28062938E-11 -0.63392580E-12  0.84348154E+00  0.10072678E+01
  0.63000000E+02  0.23525624E-11  0.19504029E-11  0.22036832E-11 -0.48586721E-12  0.82905471E+00  0.98872608E+00
  0.64000000E+02  0.19672766E-11  0.16064641E-11  0.18643617E-11 -0.34477811E-12  0.81659287E+00  0.95423913E+00
  0.65000000E+02  0.16259892E-11  0.13138536E-11  0.15353126E-11 -0.35671279E-12  0.80803347E+00  0.98302794E+00
  0.66000000E+02  0.12695968E-11  0.10359187E-11  0.12123418E-11 -0.28843613E-12  0.81594306E+00  0.99995148E+00
  0.67000000E+02  0.10516777E-11  0.83477675E-12  0.99580088E-12 -0.21250193E-12  0.79375720E+00  0.95989358E+00
  0.68000000E+02  0.83401889E-12  0.66072506E-12  0.80883878E-12 -0.18012592E-12  0.79221833E+00  0.97244507E+00
  0.69000000E+02  0.69138862E-12  0.54332027E-12  0.66381091E-12 -0.13927485E-12  0.78583920E+00  0.95641190E+00
  0.70000000E+02  0.54879517E-12  0.42505184E-12  0.53311972E-12 -0.12766588E-12  0.77451819E+00  0.97435367E+00
  0.71000000E+02  0.44118618E-12  0.33704812E-12  0.42531579E-12 -0.89256781E-13  0.76395893E+00  0.94023263E+00
  0.72000000E+02  0.36438970E-12  0.27781353E-12  0.35560441E-12 -0.76573655E-13  0.76240772E+00  0.94808370E+00
  0.73000000E+02  0.28722616E-12  0.21646811E-12  0.28126332E-12 -0.64148238E-13  0.75365037E+00  0.95372576E+00
  0.74000000E+02  0.23599896E-12  0.17593086E-12  0.23008445E-12 -0.51067511E-13  0.74547303E+00  0.94197917E+00
  0.75000000E+02  0.18383914E-12  0.13653058E-12  0.18157325E-12 -0.43283800E-13  0.74266332E+00  0.95936316E+00
  0.76000000E+02  0.15010367E-12  0.10951090E-12  0.14857691E-12 -0.31062477E-13  0.72956842E+00  0.92257327E+00
  0.77000000E+02  0.11946944E-12  0.86995745E-13  0.11908985E-12 -0.28484678E-13  0.72818404E+00  0.95348096E+00
  0.78000000E+02  0.93791132E-13  0.67377053E-13  0.94923228E-13 -0.22072418E-13  0.71837336E+00  0.94363785E+00
  0.79000000E+02  0.75154923E-13  0.54441996E-13  0.76574374E-13 -0.16246476E-13  0.72439694E+00  0.93397158E+00
  0.80000000E+02  0.60456523E-13  0.43004656E-13  0.61484902E-13 -0.13607273E-13  0.71133196E+00  0.93229914E+00
  0.81000000E+02  0.47750307E-13  0.34064372E-13  0.49490051E-13 -0.11317305E-13  0.71338540E+00  0.94897807E+00
  0.82000000E+02  0.37841475E-13  0.26831439E-13  0.39334594E-13 -0.87338999E-14  0.70904845E+00  0.94130284E+00
  0.83000000E+02  0.30042185E-13  0.21392017E-13  0.31634438E-13 -0.70793298E-14  0.71206594E+00  0.95208669E+00
  0.84000000E+02  0.23598355E-13  0.16752389E-13  0.25096793E-13 -0.56006949E-14  0.70989650E+00  0.95454884E+00
  0.85000000E+02  0.18757309E-13  0.13585518E-13  0.20151751E-13 -0.43467922E-14  0.72427863E+00  0.96600682E+00
  0.86000000E+02  0.14770811E-13  0.10708561E-13  0.15986571E-13 -0.35816055E-14  0.72498119E+00  0.98088807E+00
  0.87000000E+02  0.11583345E-13  0.85504825E-14  0.12702286E-13 -0.27690134E-14  0.73817039E+00  0.99339366E+00
  0.88000000E+02  0.91859071E-14  0.69166182E-14  0.10172338E-13 -0.21052066E-14  0.75295973E+00  0.10004542E+01
  0.89000000E+02  0.73062343E-14  0.56100572E-14  0.81538195E-14 -0.16557687E-14  0.76784521E+00  0.10153627E+01
  0.90000000E+02  0.58164058E-14  0.45385110E-14  0.65334438E-14 -0.14058336E-14  0.78029478E+00  0.10472459E+01
  0.91000000E+02  0.44965600E-14  0.36240012E-14  0.50640949E-14 -0.11214313E-14  0.80594975E+00  0.10844616E+01
  0.92000000E+02  0.35785147E-14  0.29754489E-14  0.40864207E-14 -0.79175939E-15  0.83147591E+00  0.10812736E+01
  0.93000000E+02  0.28602808E-14  0.24084872E-14  0.32515717E-14 -0.67214007E-15  0.84204572E+00  0.11102366E+01
  0.94000000E+02  0.22272852E-14  0.19392046E-14  0.25291728E-14 -0.55735684E-15  0.87065846E+00  0.11593242E+01
  0.95000000E+02  0.17524036E-14  0.15606503E-14  0.19952651E-14 -0.40227307E-15  0.89057696E+00  0.11581981E+01
  0.96000000E+02  0.14037790E-14  0.12841838E-14  0.15925776E-14 -0.32248019E-15  0.91480482E+00  0.11854407E+01
  0.97000000E+02  0.10995078E-14  0.10317959E-14  0.12423965E-14 -0.26330916E-15  0.93841618E+00  0.12234848E+01
  0.98000000E+02  0.87388124E-15  0.84006965E-15  0.97912054E-15 -0.21177714E-15  0.00000000E+00  0.00000000E+00
  0.99000000E+02  0.67293104E-15  0.66540870E-15  0.74914008E-15 -0.17105271E-15  0.00000000E+00  0.00000000E+00
  0.10000000E+03  0.53249033E-15  0.53576253E-15  0.58679452E-15 -0.12225736E-15  0.00000000E+00  0.00000000E+00
  0.10100000E+03  0.42101307E-15  0.43318022E-15  0.45655356E-15 -0.10322893E-15  0.00000000E+00  0.00000000E+00
  0.10200000E+03  0.32562567E-15  0.34609552E-15  0.34956536E-15 -0.81437817E-16  0.00000000E+00  0.00000000E+00
  0.10300000E+03  0.25676094E-15  0.27891641E-15  0.27199541E-15 -0.64726770E-16  0.00000000E+00  0.00000000E+00
  0.10400000E+03  0.19572712E-15  0.21729329E-15  0.20572700E-15 -0.48425416E-16  0.00000000E+00  0.00000000E+00
  0.10500000E+03  0.15854592E-15  0.17850259E-15  0.16370311E-15 -0.36290667E-16  0.00000000E+00  0.00000000E+00
  0.10600000E+03  0.12101049E-15  0.14059668E-15  0.12399257E-15 -0.32577493E-16  0.00000000E+00  0.00000000E+00
  0.10700000E+03  0.94515887E-16  0.11189183E-15  0.95094391E-16 -0.22776407E-16  0.00000000E+00  0.00000000E+00
  0.10800000E+03  0.74416774E-16  0.89587955E-16  0.74117666E-16 -0.17318447E-16  0.00000000E+00  0.00000000E+00
  0.10900000E+03  0.59113119E-16  0.72253968E-16  0.58157864E-16 -0.14341677E-16  0.00000000E+00  0.00000000E+00
  0.11000000E+03  0.45609703E-16  0.56615715E-16  0.44438111E-16 -0.11536785E-16  0.00000000E+00  0.00000000E+00
  0.11100000E+03  0.36159443E-16  0.45169355E-16  0.34774792E-16 -0.79493935E-17  0.00000000E+00  0.00000000E+00
  0.11200000E+03  0.29228778E-16  0.36974573E-16  0.28101010E-16 -0.62576590E-17  0.00000000E+00  0.00000000E+00
  0.11300000E+03  0.23458430E-16  0.29706388E-16  0.22381046E-16 -0.50455821E-17  0.00000000E+00  0.00000000E+00
  0.11400000E+03  0.19093506E-16  0.24151341E-16  0.18123570E-16 -0.38849278E-17  0.00000000E+00  0.00000000E+00
  0.11500000E+03  0.15624249E-16  0.19748383E-16  0.14772840E-16 -0.29266881E-17  0.00000000E+00  0.00000000E+00
  0.11600000E+03  0.13174454E-16  0.16396278E-16  0.12583148E-16 -0.21477871E-17  0.00000000E+00  0.00000000E+00
  0.11700000E+03  0.11226268E-16  0.13920265E-16  0.10751198E-16 -0.17346293E-17  0.00000000E+00  0.00000000E+00
  0.11800000E+03  0.96831036E-17  0.11801302E-16  0.92382145E-17 -0.13741191E-17  0.00000000E+00  0.00000000E+00
  0.11900000E+03  0.85090035E-17  0.10242481E-16  0.83137632E-17 -0.84579130E-18  0.00000000E+00  0.00000000E+00
  0.12000000E+03  0.79257675E-17  0.92681708E-17  0.76697783E-17 -0.57222137E-18  0.00000000E+00  0.00000000E+00
  0.12100000E+03  0.73170726E-17  0.84517460E-17  0.72712129E-17 -0.47418279E-18  0.00000000E+00  0.00000000E+00
  0.12200000E+03  0.70143146E-17  0.78702711E-17  0.69140710E-17 -0.16855066E-18  0.00000000E+00  0.00000000E+00
  0.12300000E+03  0.69075731E-17  0.75382500E-17  0.67455413E-17 -0.18889372E-18  0.00000000E+00  0.00000000E+00
  0.12400000E+03  0.66723780E-17  0.72163501E-17  0.66834622E-17 -0.34703674E-19  0.00000000E+00  0.00000000E+00
  0.12500000E+03  0.68483036E-17  0.74117227E-17  0.67660194E-17  0.17234552E-18  0.00000000E+00  0.00000000E+00
  0.12600000E+03  0.69566030E-17  0.71867015E-17  0.68681220E-17  0.16662133E-18  0.00000000E+00  0.00000000E+00
  0.12700000E+03  0.71132264E-17  0.74625307E-17  0.70033875E-17 -0.82148754E-19  0.00000000E+00  0.00000000E+00
  0.12800000E+03  0.67923055E-17  0.69544035E-17  0.65756189E-17 -0.32092085E-18  0.00000000E+00  0.00000000E+00
