 # Isotropy Coefficients: Standard IC = E₂₂/E₁₁ (should be 4/3 for isotropy)
 # Derivative-based IC = [2E₂₂ - k dE₁₁/dk] / [2E₁₁] (alternative definition)
 # Columns: k, E11(k), E22(k), E33(k), dE11/dk, IC_standard, IC_derivative
  0.10000000E+01  0.42539532E-05  0.41303197E-05  0.74465970E-05  0.20808275E-04  0.97093678E+00  0.91090882E+00
  0.20000000E+01  0.25062227E-04  0.21252219E-04  0.29082696E-04  0.39231054E-08  0.84797806E+00  0.84797424E+00
  0.30000000E+01  0.42617994E-05  0.48412207E-05  0.31148165E-05 -0.14290795E-04  0.11359570E+01  0.12594079E+01
  0.40000000E+01  0.34771749E-05  0.38829344E-05  0.38129808E-05  0.11101271E-05  0.11166923E+01  0.11010206E+01
  0.50000000E+01  0.30630702E-05  0.31825898E-05  0.30637109E-05 -0.65944823E-06  0.10390196E+01  0.10522295E+01
  0.60000000E+01  0.21508677E-05  0.20253942E-05  0.25337724E-05 -0.79861024E-06  0.94166380E+00  0.96900278E+00
  0.70000000E+01  0.15647194E-05  0.14319473E-05  0.16082157E-05 -0.53428226E-06  0.91514641E+00  0.94447845E+00
  0.80000000E+01  0.10736915E-05  0.93303032E-06  0.10490734E-05 -0.33643883E-06  0.86899298E+00  0.89975584E+00
  0.90000000E+01  0.85704744E-06  0.82316222E-06  0.86738424E-06 -0.26871589E-06  0.96046287E+00  0.99509192E+00
  0.10000000E+02  0.52675841E-06  0.47445891E-06  0.53448650E-06 -0.23100796E-06  0.90071446E+00  0.95453215E+00
  0.11000000E+02  0.41384541E-06  0.33239110E-06  0.38899108E-06 -0.98189325E-07  0.80317694E+00  0.83520484E+00
  0.12000000E+02  0.30017080E-06  0.26155990E-06  0.28968120E-06 -0.97469886E-07  0.87137026E+00  0.91918844E+00
  0.13000000E+02  0.22261848E-06  0.20287339E-06  0.22381438E-06 -0.64143599E-07  0.91130525E+00  0.95727217E+00
  0.14000000E+02  0.16658154E-06  0.14999507E-06  0.15278989E-06 -0.54316189E-07  0.90043032E+00  0.95644999E+00
  0.15000000E+02  0.11485459E-06  0.10167884E-06  0.11142383E-06 -0.38406515E-07  0.88528329E+00  0.94683743E+00
  0.16000000E+02  0.89853884E-07  0.84276699E-07  0.87070596E-07 -0.20531443E-07  0.93793052E+00  0.98279601E+00
  0.17000000E+02  0.69675430E-07  0.62784508E-07  0.67275266E-07 -0.19062339E-07  0.90109968E+00  0.95817590E+00
  0.18000000E+02  0.51525600E-07  0.48297355E-07  0.48771454E-07 -0.16804226E-07  0.93734682E+00  0.10093875E+01
  0.19000000E+02  0.36976378E-07  0.34960305E-07  0.34780744E-07 -0.10548210E-07  0.94547671E+00  0.10119915E+01
  0.20000000E+02  0.29912183E-07  0.28310366E-07  0.28985495E-07 -0.61835905E-08  0.94644934E+00  0.99718726E+00
  0.21000000E+02  0.23346624E-07  0.21569168E-07  0.22028235E-07 -0.68155201E-08  0.92386669E+00  0.99909890E+00
  0.22000000E+02  0.16690665E-07  0.15667663E-07  0.15759232E-07 -0.52586855E-08  0.93870813E+00  0.10237702E+01
  0.23000000E+02  0.12990464E-07  0.12718290E-07  0.12863628E-07 -0.30869227E-08  0.97904819E+00  0.10461198E+01
  0.24000000E+02  0.10167130E-07  0.98886916E-08  0.96157891E-08 -0.23231916E-08  0.97261387E+00  0.10399127E+01
  0.25000000E+02  0.82014147E-08  0.79242035E-08  0.79108178E-08 -0.19198787E-08  0.96619958E+00  0.10380179E+01
  0.26000000E+02  0.62565708E-08  0.60131886E-08  0.61513528E-08 -0.17847371E-08  0.96109974E+00  0.10521164E+01
  0.27000000E+02  0.47445301E-08  0.46496185E-08  0.46707762E-08 -0.11192277E-08  0.97999555E+00  0.10581582E+01
  0.28000000E+02  0.39288999E-08  0.36328114E-08  0.37343653E-08 -0.82774143E-09  0.92463833E+00  0.99703056E+00
  0.29000000E+02  0.30107801E-08  0.28154288E-08  0.29893259E-08 -0.83485902E-09  0.93511605E+00  0.10337989E+01
  0.30000000E+02  0.23194664E-08  0.22052142E-08  0.23138165E-08 -0.54235388E-09  0.95074207E+00  0.10368267E+01
  0.31000000E+02  0.18873709E-08  0.17811408E-08  0.18200760E-08 -0.42761852E-09  0.94371527E+00  0.10299081E+01
  0.32000000E+02  0.14498736E-08  0.13525558E-08  0.14510261E-08 -0.35361070E-09  0.93287849E+00  0.10286541E+01
  0.33000000E+02  0.11854595E-08  0.11143855E-08  0.11744866E-08 -0.23810118E-09  0.94004518E+00  0.10213841E+01
  0.34000000E+02  0.94750385E-09  0.89775010E-09  0.93053315E-09 -0.23532506E-09  0.94748968E+00  0.10511174E+01
  0.35000000E+02  0.72562761E-09  0.69343681E-09  0.72940887E-09 -0.17535685E-09  0.95563728E+00  0.10594349E+01
  0.36000000E+02  0.59511929E-09  0.56906962E-09  0.60484190E-09 -0.12284269E-09  0.95622784E+00  0.10474200E+01
  0.37000000E+02  0.47066551E-09  0.45158713E-09  0.47167259E-09 -0.10648730E-09  0.95946509E+00  0.10621951E+01
  0.38000000E+02  0.38191950E-09  0.36060310E-09  0.38050804E-09 -0.85846941E-10  0.94418615E+00  0.10490068E+01
  0.39000000E+02  0.29787678E-09  0.28119415E-09  0.30079295E-09 -0.69892370E-10  0.94399488E+00  0.10562917E+01
  0.40000000E+02  0.24297273E-09  0.23345864E-09  0.24459687E-09 -0.47698168E-10  0.96084297E+00  0.10572067E+01
  0.41000000E+02  0.19779973E-09  0.18733844E-09  0.20040919E-09 -0.45240981E-10  0.94711167E+00  0.10621917E+01
  0.42000000E+02  0.15368114E-09  0.14783615E-09  0.15674398E-09 -0.35544366E-10  0.96196675E+00  0.10811759E+01
  0.43000000E+02  0.12643590E-09  0.12046968E-09  0.12689791E-09 -0.27075139E-10  0.95281225E+00  0.10658123E+01
  0.44000000E+02  0.98594459E-10  0.95260896E-10  0.10231887E-09 -0.22189440E-10  0.96618915E+00  0.10877116E+01
  0.45000000E+02  0.82007935E-10  0.78951082E-10  0.84854415E-10 -0.16487653E-10  0.96272492E+00  0.10737511E+01
  0.46000000E+02  0.64530686E-10  0.62498388E-10  0.65802253E-10 -0.15488735E-10  0.96850652E+00  0.11039996E+01
  0.47000000E+02  0.51777554E-10  0.50759601E-10  0.54578314E-10 -0.10659254E-10  0.98033988E+00  0.10990788E+01
  0.48000000E+02  0.42616230E-10  0.40825187E-10  0.43643183E-10 -0.84034351E-11  0.95797276E+00  0.10741264E+01
  0.49000000E+02  0.34603313E-10  0.34108848E-10  0.36438109E-10 -0.72888535E-11  0.98571044E+00  0.11123729E+01
  0.50000000E+02  0.27977986E-10  0.27061978E-10  0.29233602E-10 -0.62822226E-11  0.96725965E+00  0.11050366E+01
  0.51000000E+02  0.22137851E-10  0.21563961E-10  0.23258718E-10 -0.48023144E-11  0.97407651E+00  0.11098439E+01
  0.52000000E+02  0.18279203E-10  0.17622083E-10  0.19179932E-10 -0.36408307E-11  0.96405095E+00  0.10911541E+01
  0.53000000E+02  0.14640815E-10  0.14392101E-10  0.15433129E-10 -0.33208080E-11  0.98301232E+00  0.11305368E+01
  0.54000000E+02  0.11691669E-10  0.11571458E-10  0.12562895E-10 -0.26867848E-11  0.98971820E+00  0.11420043E+01
  0.55000000E+02  0.92872793E-11  0.92768284E-11  0.10168851E-10 -0.19750360E-11  0.99887472E+00  0.11424102E+01
  0.56000000E+02  0.76923372E-11  0.75808179E-11  0.82353065E-11 -0.14024273E-11  0.98550254E+00  0.11107936E+01
  0.57000000E+02  0.63465899E-11  0.63410739E-11  0.68233214E-11 -0.13554387E-11  0.99913085E+00  0.11485218E+01
  0.58000000E+02  0.49952802E-11  0.49856733E-11  0.54464805E-11 -0.12130432E-11  0.99807680E+00  0.11709208E+01
  0.59000000E+02  0.39760864E-11  0.40070456E-11  0.43568382E-11 -0.83063650E-12  0.10077864E+01  0.11590439E+01
  0.60000000E+02  0.32848290E-11  0.33074951E-11  0.36164734E-11 -0.65805721E-12  0.10069002E+01  0.11544070E+01
  0.61000000E+02  0.26306186E-11  0.26749226E-11  0.29127876E-11 -0.57898873E-12  0.10168417E+01  0.11816018E+01
  0.62000000E+02  0.21282253E-11  0.21643798E-11  0.23664178E-11 -0.48161475E-12  0.10169880E+01  0.11891685E+01
  0.63000000E+02  0.16711217E-11  0.17278051E-11  0.18839179E-11 -0.36751613E-12  0.10339193E+01  0.12039467E+01
  0.64000000E+02  0.13882304E-11  0.14355930E-11  0.15745098E-11 -0.26249418E-12  0.10341172E+01  0.11826247E+01
  0.65000000E+02  0.11208524E-11  0.11779178E-11  0.12931342E-11 -0.26238357E-12  0.10509125E+01  0.12376413E+01
  0.66000000E+02  0.87600142E-12  0.91278179E-12  0.10147513E-11 -0.19758288E-12  0.10419867E+01  0.12246697E+01
  0.67000000E+02  0.72189281E-12  0.76559424E-12  0.83956540E-12 -0.15031391E-12  0.10605372E+01  0.12317402E+01
  0.68000000E+02  0.56754780E-12  0.60220741E-12  0.66755553E-12 -0.13360442E-12  0.10610690E+01  0.12575123E+01
  0.69000000E+02  0.45699051E-12  0.48821136E-12  0.54292676E-12 -0.10242234E-12  0.10683184E+01  0.12580966E+01
  0.70000000E+02  0.36003603E-12  0.39124129E-12  0.43338702E-12 -0.82943059E-13  0.10866727E+01  0.12845709E+01
  0.71000000E+02  0.29086675E-12  0.31086963E-12  0.34681451E-12 -0.61153902E-13  0.10687699E+01  0.12519585E+01
  0.72000000E+02  0.23387423E-12  0.25443008E-12  0.28312259E-12 -0.55224244E-13  0.10878928E+01  0.12965291E+01
  0.73000000E+02  0.18154293E-12  0.20139375E-12  0.22358322E-12 -0.42468297E-13  0.11093451E+01  0.13189099E+01
  0.74000000E+02  0.14813636E-12  0.16451422E-12  0.18400700E-12 -0.32841300E-13  0.11105593E+01  0.13118856E+01
  0.75000000E+02  0.11458338E-12  0.12741219E-12  0.14326771E-12 -0.28151337E-13  0.11119604E+01  0.13380855E+01
  0.76000000E+02  0.92293408E-13  0.10326492E-12  0.11628013E-12 -0.20387087E-13  0.11188765E+01  0.13248957E+01
  0.77000000E+02  0.72615342E-13  0.81612824E-13  0.91945725E-13 -0.17748325E-13  0.11239061E+01  0.13548622E+01
  0.78000000E+02  0.57037139E-13  0.64421463E-13  0.72860100E-13 -0.13395575E-13  0.11294652E+01  0.13542713E+01
  0.79000000E+02  0.45513117E-13  0.51353212E-13  0.58049817E-13 -0.10222116E-13  0.11283168E+01  0.13460582E+01
  0.80000000E+02  0.36222514E-13  0.40615284E-13  0.46482085E-13 -0.83015421E-14  0.11212718E+01  0.13462707E+01
  0.81000000E+02  0.28763718E-13  0.32298728E-13  0.36968147E-13 -0.67733316E-14  0.11228982E+01  0.13569717E+01
  0.82000000E+02  0.22660454E-13  0.25417263E-13  0.29247299E-13 -0.51467810E-14  0.11216573E+01  0.13502125E+01
  0.83000000E+02  0.18296615E-13  0.20128774E-13  0.23482770E-13 -0.41768834E-14  0.11001365E+01  0.13326615E+01
  0.84000000E+02  0.14247064E-13  0.15621985E-13  0.18349839E-13 -0.33531063E-14  0.10965055E+01  0.13391169E+01
  0.85000000E+02  0.11579200E-13  0.12359822E-13  0.14713491E-13 -0.24800864E-14  0.10674160E+01  0.12908335E+01
  0.86000000E+02  0.91584091E-14  0.96943158E-14  0.11686545E-13 -0.21245257E-14  0.10585153E+01  0.13033372E+01
  0.87000000E+02  0.73484157E-14  0.75370542E-14  0.91863052E-14 -0.16063230E-14  0.10256706E+01  0.12590531E+01
  0.88000000E+02  0.58951028E-14  0.60015592E-14  0.73913188E-14 -0.12901334E-14  0.10180584E+01  0.12543977E+01
  0.89000000E+02  0.47486272E-14  0.47060875E-14  0.58859443E-14 -0.10115666E-14  0.99104166E+00  0.12237041E+01
  0.90000000E+02  0.38417014E-14  0.37176530E-14  0.47357621E-14 -0.84321982E-15  0.96771002E+00  0.12101307E+01
  0.91000000E+02  0.30600027E-14  0.29092261E-14  0.37326506E-14 -0.66331759E-15  0.95072669E+00  0.11928022E+01
  0.92000000E+02  0.25047444E-14  0.23143022E-14  0.30056810E-14 -0.51117501E-15  0.92396742E+00  0.11543788E+01
  0.93000000E+02  0.20127828E-14  0.18476478E-14  0.24147315E-14 -0.45760463E-15  0.91795689E+00  0.11774263E+01
  0.94000000E+02  0.15980421E-14  0.14355293E-14  0.18929433E-14 -0.35604649E-15  0.89830506E+00  0.11553187E+01
  0.95000000E+02  0.12976404E-14  0.11581513E-14  0.15297902E-14 -0.26363649E-15  0.89250559E+00  0.11293617E+01
  0.96000000E+02  0.10561626E-14  0.91535272E-15  0.12206492E-14 -0.22762668E-15  0.86667782E+00  0.11205841E+01
  0.97000000E+02  0.84138525E-15  0.73172111E-15  0.97144250E-15 -0.18738321E-15  0.00000000E+00  0.00000000E+00
  0.98000000E+02  0.67952101E-15  0.58835591E-15  0.77341329E-15 -0.15329953E-15  0.00000000E+00  0.00000000E+00
  0.99000000E+02  0.53310623E-15  0.45822407E-15  0.60249914E-15 -0.12507319E-15  0.00000000E+00  0.00000000E+00
  0.10000000E+03  0.42952509E-15  0.36697157E-15  0.47716336E-15 -0.93108489E-16  0.00000000E+00  0.00000000E+00
  0.10100000E+03  0.34229620E-15  0.29327322E-15  0.37641128E-15 -0.79464555E-16  0.00000000E+00  0.00000000E+00
  0.10200000E+03  0.27034264E-15  0.23170719E-15  0.29352045E-15 -0.63930076E-16  0.00000000E+00  0.00000000E+00
  0.10300000E+03  0.21322127E-15  0.18334044E-15  0.22792974E-15 -0.53406946E-16  0.00000000E+00  0.00000000E+00
  0.10400000E+03  0.16408655E-15  0.14244577E-15  0.17342223E-15 -0.39502933E-16  0.00000000E+00  0.00000000E+00
  0.10500000E+03  0.13313087E-15  0.11511172E-15  0.13756109E-15 -0.29182366E-16  0.00000000E+00  0.00000000E+00
  0.10600000E+03  0.10365461E-15  0.91217938E-16  0.10601572E-15 -0.27058883E-16  0.00000000E+00  0.00000000E+00
  0.10700000E+03  0.79954186E-16  0.70187162E-16  0.80006199E-16 -0.19878937E-16  0.00000000E+00  0.00000000E+00
  0.10800000E+03  0.63379684E-16  0.56637685E-16  0.62691238E-16 -0.14889248E-16  0.00000000E+00  0.00000000E+00
  0.10900000E+03  0.49478682E-16  0.44466560E-16  0.48023774E-16 -0.12407808E-16  0.00000000E+00  0.00000000E+00
  0.11000000E+03  0.38521550E-16  0.34913093E-16  0.36818084E-16 -0.97140940E-17  0.00000000E+00  0.00000000E+00
  0.11100000E+03  0.29982812E-16  0.27598625E-16  0.28213913E-16 -0.71617380E-17  0.00000000E+00  0.00000000E+00
  0.11200000E+03  0.23981842E-16  0.22150648E-16  0.22499824E-16 -0.53430222E-17  0.00000000E+00  0.00000000E+00
  0.11300000E+03  0.19101872E-16  0.17733088E-16  0.17659936E-16 -0.41474096E-17  0.00000000E+00  0.00000000E+00
  0.11400000E+03  0.15590283E-16  0.14672103E-16  0.14225429E-16 -0.32087943E-17  0.00000000E+00  0.00000000E+00
  0.11500000E+03  0.12619256E-16  0.11910747E-16  0.11479049E-16 -0.24770546E-17  0.00000000E+00  0.00000000E+00
  0.11600000E+03  0.10626453E-16  0.10155765E-16  0.98349889E-17 -0.16953585E-17  0.00000000E+00  0.00000000E+00
  0.11700000E+03  0.91158811E-17  0.87333804E-17  0.84513746E-17 -0.13580309E-17  0.00000000E+00  0.00000000E+00
  0.11800000E+03  0.79075803E-17  0.77024767E-17  0.74336463E-17 -0.96957086E-18  0.00000000E+00  0.00000000E+00
  0.11900000E+03  0.71646505E-17  0.70079933E-17  0.67546915E-17 -0.61058668E-18  0.00000000E+00  0.00000000E+00
  0.12000000E+03  0.66514594E-17  0.65015172E-17  0.64204047E-17 -0.37038679E-18  0.00000000E+00  0.00000000E+00
  0.12100000E+03  0.63939556E-17  0.62896117E-17  0.61687900E-17 -0.22691115E-18  0.00000000E+00  0.00000000E+00
  0.12200000E+03  0.61866612E-17  0.60888649E-17  0.61184312E-17 -0.11901330E-18  0.00000000E+00  0.00000000E+00
  0.12300000E+03  0.61691986E-17  0.61887474E-17  0.61236545E-17  0.52453865E-19  0.00000000E+00  0.00000000E+00
  0.12400000E+03  0.62815620E-17  0.61812167E-17  0.61497371E-17  0.20432316E-18  0.00000000E+00  0.00000000E+00
  0.12500000E+03  0.65237162E-17  0.64107912E-17  0.64236476E-17  0.12571046E-18  0.00000000E+00  0.00000000E+00
  0.12600000E+03  0.65709243E-17  0.66040516E-17  0.65914036E-17  0.28061733E-18  0.00000000E+00  0.00000000E+00
  0.12700000E+03  0.69755711E-17  0.68169365E-17  0.67880310E-17 -0.20965720E-19  0.00000000E+00  0.00000000E+00
  0.12800000E+03  0.65289928E-17  0.65651514E-17  0.65677107E-17 -0.44657827E-18  0.00000000E+00  0.00000000E+00
