 # Isotropy Coefficients: Standard IC = E₂₂/E₁₁ (should be 4/3 for isotropy)
 # Derivative-based IC = [2E₂₂ - k dE₁₁/dk] / [2E₁₁] (alternative definition)
 # Columns: k, E11(k), E22(k), E33(k), dE11/dk, IC_standard, IC_derivative
  0.10000000E+01  0.21641370E-05  0.21489625E-05  0.34398493E-05  0.25266294E-04  0.99298823E+00  0.84971446E+00
  0.20000000E+01  0.27430431E-04  0.23050176E-04  0.31058520E-04  0.54533291E-06  0.84031403E+00  0.83982611E+00
  0.30000000E+01  0.32548028E-05  0.36508886E-05  0.37113352E-05 -0.15944308E-04  0.11216928E+01  0.13020411E+01
  0.40000000E+01  0.36930205E-05  0.38056528E-05  0.51120492E-05  0.23465036E-05  0.10304987E+01  0.99930912E+00
  0.50000000E+01  0.35965381E-05  0.36986248E-05  0.33256342E-05 -0.97333532E-06  0.10283847E+01  0.10449904E+01
  0.60000000E+01  0.20062701E-05  0.19310596E-05  0.22999432E-05 -0.12204601E-05  0.96251231E+00  0.10073037E+01
  0.70000000E+01  0.14408223E-05  0.15894649E-05  0.16075861E-05 -0.38290275E-06  0.11031651E+01  0.11259941E+01
  0.80000000E+01  0.10928155E-05  0.10244588E-05  0.11800322E-05 -0.24507662E-06  0.93744898E+00  0.95946580E+00
  0.90000000E+01  0.88373508E-06  0.91705994E-06  0.87024597E-06 -0.31073569E-06  0.10377091E+01  0.10765439E+01
  0.10000000E+02  0.49049203E-06  0.50150476E-06  0.54215150E-06 -0.28793954E-06  0.10224525E+01  0.10944934E+01
  0.11000000E+02  0.35106260E-06  0.35300036E-06  0.36706211E-06 -0.78863216E-07  0.10055197E+01  0.10358442E+01
  0.12000000E+02  0.28671045E-06  0.27064013E-06  0.27332621E-06 -0.72114815E-07  0.94394934E+00  0.98098940E+00
  0.13000000E+02  0.19984100E-06  0.19357167E-06  0.21339085E-06 -0.72452117E-07  0.96862841E+00  0.10264673E+01
  0.14000000E+02  0.14609704E-06  0.14361828E-06  0.15095505E-06 -0.52449490E-07  0.98303348E+00  0.10447125E+01
  0.15000000E+02  0.95580731E-07  0.98226657E-07  0.99390135E-07 -0.30909408E-07  0.10276827E+01  0.10872107E+01
  0.16000000E+02  0.82022162E-07  0.79416132E-07  0.88090530E-07 -0.16471407E-07  0.96822774E+00  0.10076580E+01
  0.17000000E+02  0.58154935E-07  0.59082748E-07  0.64488667E-07 -0.19848990E-07  0.10159541E+01  0.10871592E+01
  0.18000000E+02  0.44347562E-07  0.44161283E-07  0.47230898E-07 -0.12541491E-07  0.99579954E+00  0.10582682E+01
  0.19000000E+02  0.32371808E-07  0.32405396E-07  0.33076031E-07 -0.89026706E-08  0.10010376E+01  0.10651611E+01
  0.20000000E+02  0.26255035E-07  0.25795009E-07  0.26643329E-07 -0.56166747E-08  0.98247856E+00  0.10349842E+01
  0.21000000E+02  0.20246771E-07  0.21185111E-07  0.21794081E-07 -0.59682872E-08  0.10463451E+01  0.11223118E+01
  0.22000000E+02  0.14747357E-07  0.15498870E-07  0.15845400E-07 -0.41122550E-08  0.10509591E+01  0.11262425E+01
  0.23000000E+02  0.11929830E-07  0.12186977E-07  0.12805110E-07 -0.27427014E-08  0.10215549E+01  0.10864457E+01
  0.24000000E+02  0.90665617E-08  0.91252028E-08  0.10112975E-07 -0.20662221E-08  0.10064678E+01  0.10735884E+01
  0.25000000E+02  0.77128295E-08  0.74884490E-08  0.79960909E-08 -0.15467797E-08  0.97090816E+00  0.10324349E+01
  0.26000000E+02  0.58060237E-08  0.57177330E-08  0.61023222E-08 -0.17496312E-08  0.98479325E+00  0.10809436E+01
  0.27000000E+02  0.44068802E-08  0.43899067E-08  0.46682125E-08 -0.10623037E-08  0.99614841E+00  0.10760198E+01
  0.28000000E+02  0.36145411E-08  0.35112371E-08  0.38283177E-08 -0.69100620E-09  0.97141987E+00  0.10371095E+01
  0.29000000E+02  0.29286142E-08  0.28076648E-08  0.29309908E-08 -0.68035000E-09  0.95870078E+00  0.10413766E+01
  0.30000000E+02  0.22719704E-08  0.21768591E-08  0.23126208E-08 -0.54374510E-09  0.95813709E+00  0.10462469E+01
  0.31000000E+02  0.18305151E-08  0.17536702E-08  0.18782096E-08 -0.46283566E-09  0.95802009E+00  0.10542090E+01
  0.32000000E+02  0.13546884E-08  0.13456902E-08  0.14147628E-08 -0.34571998E-09  0.99335778E+00  0.10935756E+01
  0.33000000E+02  0.11443855E-08  0.11258181E-08  0.11749328E-08 -0.18836556E-09  0.98377526E+00  0.10504333E+01
  0.34000000E+02  0.93157349E-09  0.87941099E-09  0.94477615E-09 -0.22793134E-09  0.94400603E+00  0.10460943E+01
  0.35000000E+02  0.70598288E-09  0.68797668E-09  0.71385803E-09 -0.17532653E-09  0.97449481E+00  0.10811622E+01
  0.36000000E+02  0.58264354E-09  0.56722926E-09  0.59475425E-09 -0.12015050E-09  0.97354424E+00  0.10646478E+01
  0.37000000E+02  0.45686421E-09  0.44216295E-09  0.46114570E-09 -0.10032952E-09  0.96782136E+00  0.10675348E+01
  0.38000000E+02  0.38043005E-09  0.36825515E-09  0.38316511E-09 -0.81549788E-10  0.96799701E+00  0.10679605E+01
  0.39000000E+02  0.29222919E-09  0.28491817E-09  0.29638267E-09 -0.69025036E-10  0.97498190E+00  0.10880286E+01
  0.40000000E+02  0.24416069E-09  0.23504318E-09  0.24421076E-09 -0.46063570E-10  0.96265775E+00  0.10552665E+01
  0.41000000E+02  0.19500981E-09  0.18974312E-09  0.19352034E-09 -0.45350997E-10  0.97299272E+00  0.10900030E+01
  0.42000000E+02  0.15543794E-09  0.15198111E-09  0.15474715E-09 -0.33508862E-10  0.97776067E+00  0.10888729E+01
  0.43000000E+02  0.12665914E-09  0.12061138E-09  0.12329680E-09 -0.28014764E-10  0.95225167E+00  0.10689672E+01
  0.44000000E+02  0.99461654E-10  0.95049336E-10  0.98191143E-10 -0.21288443E-10  0.95563799E+00  0.10712095E+01
  0.45000000E+02  0.83376708E-10  0.79118975E-10  0.82472452E-10 -0.17029083E-10  0.94893378E+00  0.10617234E+01
  0.46000000E+02  0.64639807E-10  0.61853848E-10  0.63527114E-10 -0.15905652E-10  0.95690024E+00  0.10958056E+01
  0.47000000E+02  0.52433370E-10  0.50113323E-10  0.52136476E-10 -0.10516748E-10  0.95575249E+00  0.10714387E+01
  0.48000000E+02  0.42782774E-10  0.40676015E-10  0.42427121E-10 -0.87838426E-11  0.95075685E+00  0.10716959E+01
  0.49000000E+02  0.34721417E-10  0.33466896E-10  0.34835013E-10 -0.71050219E-11  0.96386898E+00  0.10869168E+01
  0.50000000E+02  0.28350296E-10  0.27070186E-10  0.27935040E-10 -0.62782245E-11  0.95484668E+00  0.10907278E+01
  0.51000000E+02  0.22233814E-10  0.21319616E-10  0.22090680E-10 -0.50754761E-11  0.95888257E+00  0.11017532E+01
  0.52000000E+02  0.18220642E-10  0.17534049E-10  0.18371280E-10 -0.37079506E-11  0.96231782E+00  0.10921803E+01
  0.53000000E+02  0.14589897E-10  0.14125434E-10  0.14819954E-10 -0.32799330E-11  0.96816546E+00  0.11143827E+01
  0.54000000E+02  0.11694368E-10  0.11455706E-10  0.11902304E-10 -0.25962628E-11  0.97959173E+00  0.11267130E+01
  0.55000000E+02  0.93828174E-11  0.90632311E-11  0.95149938E-11 -0.19647474E-11  0.96593916E+00  0.11072730E+01
  0.56000000E+02  0.77191569E-11  0.74590256E-11  0.78065245E-11 -0.14557612E-11  0.96630055E+00  0.10959045E+01
  0.57000000E+02  0.63651788E-11  0.61674867E-11  0.65226951E-11 -0.13505667E-11  0.96894163E+00  0.11173608E+01
  0.58000000E+02  0.50223927E-11  0.49532136E-11  0.51972237E-11 -0.12017786E-11  0.98622590E+00  0.11565404E+01
  0.59000000E+02  0.40155041E-11  0.38885878E-11  0.41707510E-11 -0.81314453E-12  0.96839345E+00  0.11150122E+01
  0.60000000E+02  0.33431012E-11  0.32855897E-11  0.34893470E-11 -0.64422079E-12  0.98279697E+00  0.11246852E+01
  0.61000000E+02  0.26885820E-11  0.26465926E-11  0.27936791E-11 -0.60947406E-12  0.98438233E+00  0.11540784E+01
  0.62000000E+02  0.21376657E-11  0.21218723E-11  0.22272757E-11 -0.50821906E-12  0.99261189E+00  0.11735011E+01
  0.63000000E+02  0.16857080E-11  0.16767760E-11  0.17563210E-11 -0.35204551E-12  0.99470133E+00  0.11561620E+01
  0.64000000E+02  0.14187376E-11  0.13910809E-11  0.14820836E-11 -0.24632843E-12  0.98050612E+00  0.11168710E+01
  0.65000000E+02  0.11617037E-11  0.11607050E-11  0.12119111E-11 -0.26547994E-12  0.99914032E+00  0.11814290E+01
  0.66000000E+02  0.90157227E-12  0.89907752E-12  0.94612978E-12 -0.21574344E-12  0.99723291E+00  0.11910495E+01
  0.67000000E+02  0.73414441E-12  0.73323514E-12  0.76799472E-12 -0.15265703E-12  0.99876148E+00  0.11697315E+01
  0.68000000E+02  0.58718498E-12  0.58835228E-12  0.61268606E-12 -0.12649505E-12  0.10019879E+01  0.11817580E+01
  0.69000000E+02  0.47848964E-12  0.48565177E-12  0.50385173E-12 -0.10573600E-12  0.10149682E+01  0.12020836E+01
  0.70000000E+02  0.37427456E-12  0.37965277E-12  0.39455535E-12 -0.90612576E-13  0.10143697E+01  0.12223423E+01
  0.71000000E+02  0.29969305E-12  0.30438339E-12  0.31477072E-12 -0.62828249E-13  0.10156505E+01  0.11983118E+01
  0.72000000E+02  0.24416325E-12  0.24938336E-12  0.25698532E-12 -0.53845840E-13  0.10213796E+01  0.12162358E+01
  0.73000000E+02  0.19153823E-12  0.19584463E-12  0.20222851E-12 -0.44420346E-13  0.10224832E+01  0.12302419E+01
  0.74000000E+02  0.15518607E-12  0.15778713E-12  0.16451356E-12 -0.34858269E-13  0.10167608E+01  0.12207443E+01
  0.75000000E+02  0.12091981E-12  0.12418643E-12  0.12753558E-12 -0.28904942E-13  0.10270147E+01  0.12470264E+01
  0.76000000E+02  0.97515102E-13  0.99848535E-13  0.10219872E-12 -0.21264679E-13  0.10239290E+01  0.12273099E+01
  0.77000000E+02  0.77029820E-13  0.79228148E-13  0.81463048E-13 -0.19460182E-13  0.10285387E+01  0.12672585E+01
  0.78000000E+02  0.59242318E-13  0.60756603E-13  0.63418312E-13 -0.14165508E-13  0.10255609E+01  0.12544392E+01
  0.79000000E+02  0.48259729E-13  0.49306743E-13  0.50967595E-13 -0.10661213E-13  0.10216954E+01  0.12358655E+01
  0.80000000E+02  0.37340478E-13  0.38682002E-13  0.39721200E-13 -0.93175496E-14  0.10359268E+01  0.12809018E+01
  0.81000000E+02  0.29749678E-13  0.30153787E-13  0.31753436E-13 -0.70796746E-14  0.10135837E+01  0.12501353E+01
  0.82000000E+02  0.22972497E-13  0.23500533E-13  0.24794528E-13 -0.57177041E-14  0.10229856E+01  0.12734448E+01
  0.83000000E+02  0.18271981E-13  0.18479940E-13  0.19373414E-13 -0.43375596E-14  0.10113813E+01  0.12531766E+01
  0.84000000E+02  0.14131358E-13  0.14336558E-13  0.15194622E-13 -0.36132189E-14  0.10145209E+01  0.12780930E+01
  0.85000000E+02  0.11071276E-13  0.11084117E-13  0.11957939E-13 -0.26485695E-14  0.10011599E+01  0.12507012E+01
  0.86000000E+02  0.87254846E-14  0.86864364E-14  0.94241453E-14 -0.21035743E-14  0.99552482E+00  0.12499597E+01
  0.87000000E+02  0.68078261E-14  0.67171331E-14  0.72924285E-14 -0.17326954E-14  0.98667812E+00  0.12584114E+01
  0.88000000E+02  0.52666527E-14  0.51911994E-14  0.57147428E-14 -0.12920826E-14  0.98567337E+00  0.12506138E+01
  0.89000000E+02  0.41929643E-14  0.40652000E-14  0.45523146E-14 -0.94938206E-15  0.96952885E+00  0.12168264E+01
  0.90000000E+02  0.33115803E-14  0.31979301E-14  0.35690042E-14 -0.81568960E-15  0.96568096E+00  0.12377268E+01
  0.91000000E+02  0.25598322E-14  0.24645878E-14  0.27445106E-14 -0.66325756E-15  0.96279269E+00  0.12521417E+01
  0.92000000E+02  0.19898712E-14  0.18975431E-14  0.21563252E-14 -0.48166333E-15  0.95360100E+00  0.12268863E+01
  0.93000000E+02  0.15783808E-14  0.15004937E-14  0.16915982E-14 -0.36638442E-15  0.95065379E+00  0.12155758E+01
  0.94000000E+02  0.12399285E-14  0.11687738E-14  0.13272589E-14 -0.31256088E-15  0.94261378E+00  0.12334013E+01
  0.95000000E+02  0.95690403E-15  0.90076342E-15  0.10193111E-14 -0.23284769E-15  0.00000000E+00  0.00000000E+00
  0.96000000E+02  0.76878759E-15  0.72248258E-15  0.81061090E-15 -0.17211634E-15  0.00000000E+00  0.00000000E+00
  0.97000000E+02  0.60342553E-15  0.56142651E-15  0.63542389E-15 -0.14504145E-15  0.00000000E+00  0.00000000E+00
  0.98000000E+02  0.47749661E-15  0.44811971E-15  0.49949506E-15 -0.11774166E-15  0.00000000E+00  0.00000000E+00
  0.99000000E+02  0.36707361E-15  0.34492428E-15  0.37929942E-15 -0.93271304E-16  0.00000000E+00  0.00000000E+00
  0.10000000E+03  0.29087209E-15  0.27343603E-15  0.29862115E-15 -0.66754170E-16  0.00000000E+00  0.00000000E+00
  0.10100000E+03  0.22968508E-15  0.21825690E-15  0.23231713E-15 -0.55670685E-16  0.00000000E+00  0.00000000E+00
  0.10200000E+03  0.17943846E-15  0.17001035E-15  0.18194220E-15 -0.42307241E-16  0.00000000E+00  0.00000000E+00
  0.10300000E+03  0.14365279E-15  0.13731321E-15  0.14326249E-15 -0.34400890E-16  0.00000000E+00  0.00000000E+00
  0.10400000E+03  0.11030060E-15  0.10592555E-15  0.10818988E-15 -0.27065054E-16  0.00000000E+00  0.00000000E+00
  0.10500000E+03  0.89392899E-16  0.86667114E-16  0.87148235E-16 -0.19404729E-16  0.00000000E+00  0.00000000E+00
  0.10600000E+03  0.70140006E-16  0.68732766E-16  0.67418436E-16 -0.17313368E-16  0.00000000E+00  0.00000000E+00
  0.10700000E+03  0.55224735E-16  0.54111707E-16  0.52949327E-16 -0.12481216E-16  0.00000000E+00  0.00000000E+00
  0.10800000E+03  0.44715703E-16  0.44401934E-16  0.42416035E-16 -0.95187371E-17  0.00000000E+00  0.00000000E+00
  0.10900000E+03  0.35773060E-16  0.35856533E-16  0.33381267E-16 -0.79724304E-17  0.00000000E+00  0.00000000E+00
  0.11000000E+03  0.28751448E-16  0.28913688E-16  0.26797348E-16 -0.62689020E-17  0.00000000E+00  0.00000000E+00
  0.11100000E+03  0.23179861E-16  0.23471624E-16  0.21238112E-16 -0.47182965E-17  0.00000000E+00  0.00000000E+00
  0.11200000E+03  0.19196931E-16  0.19705095E-16  0.17774364E-16 -0.35354374E-17  0.00000000E+00  0.00000000E+00
  0.11300000E+03  0.15956481E-16  0.16397522E-16  0.14455391E-16 -0.28894403E-17  0.00000000E+00  0.00000000E+00
  0.11400000E+03  0.13389654E-16  0.13831428E-16  0.12178633E-16 -0.22789254E-17  0.00000000E+00  0.00000000E+00
  0.11500000E+03  0.11394922E-16  0.11806378E-16  0.10401865E-16 -0.16307556E-17  0.00000000E+00  0.00000000E+00
  0.11600000E+03  0.10051565E-16  0.10382303E-16  0.90868363E-17 -0.12609319E-17  0.00000000E+00  0.00000000E+00
  0.11700000E+03  0.88208340E-17  0.91829381E-17  0.80388398E-17 -0.10689445E-17  0.00000000E+00  0.00000000E+00
  0.11800000E+03  0.79281316E-17  0.81618887E-17  0.72849846E-17 -0.80087958E-18  0.00000000E+00  0.00000000E+00
  0.11900000E+03  0.72347896E-17  0.74970456E-17  0.66896942E-17 -0.45353501E-18  0.00000000E+00  0.00000000E+00
  0.12000000E+03  0.69737637E-17  0.70843313E-17  0.64418737E-17 -0.28244475E-18  0.00000000E+00  0.00000000E+00
  0.12100000E+03  0.66283095E-17  0.68044101E-17  0.62270847E-17 -0.27772204E-18  0.00000000E+00  0.00000000E+00
  0.12200000E+03  0.64656271E-17  0.65743906E-17  0.61340658E-17 -0.49485046E-19  0.00000000E+00  0.00000000E+00
  0.12300000E+03  0.65023601E-17  0.66503030E-17  0.62337741E-17  0.54405769E-19  0.00000000E+00  0.00000000E+00
  0.12400000E+03  0.65599889E-17  0.65459058E-17  0.61963471E-17  0.12264328E-18  0.00000000E+00  0.00000000E+00
  0.12500000E+03  0.67303340E-17  0.68101656E-17  0.65193636E-17  0.11936541E-18  0.00000000E+00  0.00000000E+00
  0.12600000E+03  0.68176991E-17  0.68873850E-17  0.66542123E-17  0.25607085E-18  0.00000000E+00  0.00000000E+00
  0.12700000E+03  0.71316568E-17  0.70655932E-17  0.69059647E-17 -0.59988586E-19  0.00000000E+00  0.00000000E+00
  0.12800000E+03  0.66977220E-17  0.68249949E-17  0.66675869E-17 -0.43393481E-18  0.00000000E+00  0.00000000E+00
