 # Normalized spectrum: k_eta, E_norm, E_pope_norm
 # Columns: k_eta, normalized_simulated_spectrum, normalized_pope_spectrum
  0.34782562E-01  0.33245396E+02  0.83514347E+01
  0.69565125E-01  0.30841238E+03  0.18970015E+02
  0.10434768E+00  0.54690475E+02  0.21767252E+02
  0.13913025E+00  0.55263603E+02  0.19999739E+02
  0.17391281E+00  0.45813725E+02  0.16988527E+02
  0.20869535E+00  0.24161150E+02  0.14023751E+02
  0.24347793E+00  0.18117168E+02  0.11442043E+02
  0.27826050E+00  0.11900583E+02  0.92718563E+01
  0.31304303E+00  0.10312156E+02  0.74666829E+01
  0.34782562E+00  0.66910572E+01  0.59736843E+01
  0.38260818E+00  0.44481320E+01  0.47477889E+01
  0.41739070E+00  0.34891012E+01  0.37506824E+01
  0.45217329E+00  0.26068759E+01  0.29480402E+01
  0.48695585E+00  0.18530918E+01  0.23082826E+01
  0.52173841E+00  0.12985692E+01  0.18026159E+01
  0.55652100E+00  0.10740697E+01  0.14055448E+01
  0.59130353E+00  0.80837852E+00  0.10952170E+01
  0.62608606E+00  0.59865123E+00  0.85343826E+00
  0.66086864E+00  0.43194315E+00  0.66540587E+00
  0.69565123E+00  0.34678721E+00  0.51928753E+00
  0.73043382E+00  0.27394545E+00  0.40574175E+00
  0.76521635E+00  0.20017041E+00  0.31745917E+00
  0.79999888E+00  0.15765288E+00  0.24875382E+00
  0.83478141E+00  0.11969849E+00  0.19521834E+00
  0.86956400E+00  0.98022759E-01  0.15344442E+00
  0.90434659E+00  0.75990044E-01  0.12079826E+00
  0.93912917E+00  0.58231447E-01  0.95244594E-01
  0.97391170E+00  0.46245929E-01  0.75210229E-01
  0.10086942E+01  0.35974063E-01  0.59477486E-01
  0.10434768E+01  0.28626090E-01  0.47102906E-01
  0.10782593E+01  0.22899989E-01  0.37354324E-01
  0.11130420E+01  0.17892618E-01  0.29662725E-01
  0.11478245E+01  0.14495002E-01  0.23584977E-01
  0.11826071E+01  0.11766439E-01  0.18775580E-01
  0.12173897E+01  0.88958917E-02  0.14964513E-01
  0.12521721E+01  0.73938351E-02  0.11940508E-01
  0.12869548E+01  0.58370130E-02  0.95379334E-02
  0.13217373E+01  0.47285301E-02  0.76267077E-02
  0.13565198E+01  0.37298065E-02  0.61045554E-02
  0.13913025E+01  0.30442930E-02  0.48908731E-02
  0.14260850E+01  0.25112724E-02  0.39220969E-02
  0.14608676E+01  0.19414059E-02  0.31479860E-02
  0.14956501E+01  0.16017170E-02  0.25288106E-02
  0.15304327E+01  0.12543948E-02  0.20330709E-02
  0.15652152E+01  0.10618875E-02  0.16357960E-02
  0.15999978E+01  0.81492367E-03  0.13171424E-02
  0.16347804E+01  0.67201746E-03  0.10613292E-02
  0.16695628E+01  0.55372040E-03  0.85579749E-03
  0.17043456E+01  0.45304891E-03  0.69052953E-03
  0.17391280E+01  0.36290134E-03  0.55754022E-03
  0.17739106E+01  0.29169166E-03  0.45044310E-03
  0.18086932E+01  0.24194291E-03  0.36413767E-03
  0.18434757E+01  0.19450550E-03  0.29453909E-03
  0.18782583E+01  0.15786823E-03  0.23837667E-03
  0.19130408E+01  0.12649514E-03  0.19302801E-03
  0.19478234E+01  0.10564477E-03  0.15638814E-03
  0.19826059E+01  0.86950269E-04  0.12676723E-03
  0.20173883E+01  0.68593930E-04  0.10280732E-03
  0.20521710E+01  0.55932411E-04  0.83415252E-04
  0.20869536E+01  0.46595887E-04  0.67712244E-04
  0.21217363E+01  0.37534057E-04  0.54989603E-04
  0.21565187E+01  0.30293804E-04  0.44676875E-04
  0.21913013E+01  0.24351886E-04  0.36313286E-04
  0.22260840E+01  0.20334246E-04  0.29527369E-04
  0.22608664E+01  0.16651918E-04  0.24018984E-04
  0.22956491E+01  0.13166846E-04  0.19545658E-04
  0.23304315E+01  0.10882252E-04  0.15911372E-04
  0.23652141E+01  0.86729224E-05  0.12957487E-04
  0.23999968E+01  0.71107324E-05  0.10555666E-04
  0.24347794E+01  0.57184566E-05  0.86019973E-05
  0.24695618E+01  0.45712582E-05  0.70122396E-05
  0.25043442E+01  0.37547572E-05  0.57181333E-05
  0.25391269E+01  0.30023850E-05  0.46643040E-05
  0.25739095E+01  0.24432416E-05  0.38058583E-05
  0.26086922E+01  0.19202121E-05  0.31063298E-05
  0.26434746E+01  0.15654894E-05  0.25361146E-05
  0.26782570E+01  0.12452765E-05  0.20711573E-05
  0.27130396E+01  0.97740963E-06  0.16919046E-05
  0.27478223E+01  0.79536784E-06  0.13824682E-05
  0.27826049E+01  0.62972396E-06  0.11299227E-05
  0.28173873E+01  0.50189090E-06  0.92374825E-06
  0.28521700E+01  0.39568434E-06  0.75538173E-06
  0.28869526E+01  0.31530172E-06  0.61785261E-06
  0.29217353E+01  0.24814332E-06  0.50548334E-06
  0.29565175E+01  0.19884375E-06  0.41364751E-06
  0.29913001E+01  0.15599089E-06  0.33857248E-06
  0.30260828E+01  0.12224339E-06  0.27718443E-06
  0.30608654E+01  0.98314416E-07  0.22697631E-06
  0.30956478E+01  0.77504701E-07  0.18590254E-06
  0.31304305E+01  0.62365018E-07  0.15229293E-06
  0.31652131E+01  0.48608236E-07  0.12478468E-06
  0.31999955E+01  0.38752070E-07  0.10226582E-06
  0.32347782E+01  0.30964220E-07  0.83826876E-07
  0.32695608E+01  0.24279368E-07  0.68725612E-07
  0.33043435E+01  0.19256278E-07  0.56355354E-07
  0.33391256E+01  0.15514155E-07  0.46220197E-07
  0.33739083E+01  0.12272546E-07  0.37914457E-07
  0.34086912E+01  0.98076605E-08  0.31106694E-07
  0.34434733E+01  0.76540214E-08  0.25525781E-07
  0.34782560E+01  0.60959024E-08  0.20949598E-07
  0.35130386E+01  0.49033977E-08  0.17196649E-07
  0.35478213E+01  0.38477261E-08  0.14118308E-07
  0.35826037E+01  0.30775533E-08  0.11592867E-07
  0.36173863E+01  0.23862232E-08  0.95206385E-08
  0.36521690E+01  0.19561142E-08  0.78200211E-08
  0.36869514E+01  0.15303835E-08  0.64241306E-08
  0.37217340E+01  0.12062438E-08  0.52781877E-08
  0.37565167E+01  0.96563069E-09  0.43372879E-08
  0.37912989E+01  0.77966278E-09  0.35646237E-08
  0.38260815E+01  0.61511629E-09  0.29300069E-08
  0.38608642E+01  0.49321175E-09  0.24086988E-08
  0.38956468E+01  0.40383843E-09  0.19804134E-08
  0.39304292E+01  0.32707237E-09  0.16284953E-08
  0.39652119E+01  0.26988894E-09  0.13392820E-08
  0.39999945E+01  0.22126122E-09  0.11015747E-08
  0.40347767E+01  0.18780087E-09  0.90617158E-09
  0.40695596E+01  0.16005501E-09  0.74551898E-09
  0.41043420E+01  0.13799380E-09  0.61342481E-09
  0.41391249E+01  0.12094332E-09  0.50479393E-09
  0.41739073E+01  0.11038669E-09  0.41545004E-09
  0.42086897E+01  0.10255324E-09  0.34195793E-09
  0.42434726E+01  0.96354182E-10  0.28149777E-09
  0.42782550E+01  0.92647778E-10  0.23175416E-09
  0.43130374E+01  0.90907892E-10  0.19082125E-09
  0.43478203E+01  0.92073606E-10  0.15713474E-09
  0.43826027E+01  0.92745686E-10  0.12940901E-09
  0.44173851E+01  0.93994403E-10  0.10658636E-09
  0.44521680E+01  0.91523428E-10  0.87797589E-10
