 # Normalized spectrum: k_eta, E_norm, E_pope_norm
 # Columns: k_eta, normalized_simulated_spectrum, normalized_pope_spectrum
  0.33853352E-01  0.37143883E+02  0.95140734E+01
  0.67706704E-01  0.39176761E+03  0.21120459E+02
  0.10156006E+00  0.60829208E+02  0.23776215E+02
  0.13541341E+00  0.56888546E+02  0.21574944E+02
  0.16926678E+00  0.42775421E+02  0.18193367E+02
  0.20312011E+00  0.27400593E+02  0.14964444E+02
  0.23697348E+00  0.19539253E+02  0.12199928E+02
  0.27082682E+00  0.13423507E+02  0.99005518E+01
  0.30468017E+00  0.10833956E+02  0.79993796E+01
  0.33853355E+00  0.67461257E+01  0.64301734E+01
  0.37238690E+00  0.47811885E+01  0.51399012E+01
  0.40624022E+00  0.38744445E+01  0.40861754E+01
  0.44009361E+00  0.27900069E+01  0.32330110E+01
  0.47394696E+00  0.19750421E+01  0.25483236E+01
  0.50780028E+00  0.14232286E+01  0.20032074E+01
  0.54165363E+00  0.11487733E+01  0.15720183E+01
  0.57550704E+00  0.86252129E+00  0.12326071E+01
  0.60936034E+00  0.66479343E+00  0.96633691E+00
  0.64321369E+00  0.46111944E+00  0.75788039E+00
  0.67706710E+00  0.36954251E+00  0.59485775E+00
  0.71092045E+00  0.29390511E+00  0.46739990E+00
  0.74477381E+00  0.21416743E+00  0.36771479E+00
  0.77862710E+00  0.16763256E+00  0.28969112E+00
  0.81248045E+00  0.13001028E+00  0.22855633E+00
  0.84633380E+00  0.10731862E+00  0.18059297E+00
  0.88018721E+00  0.81410110E-01  0.14290988E+00
  0.91404057E+00  0.61817173E-01  0.11325911E+00
  0.94789392E+00  0.50456930E-01  0.89892343E-01
  0.98174721E+00  0.39083749E-01  0.71449064E-01
  0.10156006E+01  0.30983159E-01  0.56869138E-01
  0.10494540E+01  0.25064332E-01  0.45325670E-01
  0.10833073E+01  0.19480590E-01  0.36172561E-01
  0.11171607E+01  0.16098524E-01  0.28904170E-01
  0.11510141E+01  0.12879141E-01  0.23124253E-01
  0.11848674E+01  0.99293813E-02  0.18521709E-01
  0.12187207E+01  0.82831942E-02  0.14851848E-01
  0.12525741E+01  0.64890170E-02  0.11921912E-01
  0.12864274E+01  0.53514936E-02  0.95798774E-02
  0.13202808E+01  0.41858815E-02  0.77055483E-02
  0.13541342E+01  0.34848102E-02  0.62038307E-02
  0.13879874E+01  0.28455118E-02  0.49993503E-02
  0.14218409E+01  0.22439498E-02  0.40322458E-02
  0.14556942E+01  0.18308886E-02  0.32549740E-02
  0.14895476E+01  0.14573949E-02  0.26296566E-02
  0.15234009E+01  0.12240852E-02  0.21261289E-02
  0.15572542E+01  0.96170802E-03  0.17203036E-02
  0.15911076E+01  0.79395430E-03  0.13929454E-02
  0.16249609E+01  0.64799597E-03  0.11286642E-02
  0.16588143E+01  0.53208909E-03  0.91513537E-03
  0.16926676E+01  0.43414996E-03  0.74248348E-03
  0.17265211E+01  0.34506660E-03  0.60277781E-03
  0.17603744E+01  0.28920505E-03  0.48965402E-03
  0.17942276E+01  0.23290087E-03  0.39799081E-03
  0.18280811E+01  0.18934463E-03  0.32366728E-03
  0.18619344E+01  0.15272190E-03  0.26336592E-03
  0.18957878E+01  0.12613490E-03  0.21441108E-03
  0.19296411E+01  0.10395085E-03  0.17464434E-03
  0.19634944E+01  0.83747371E-04  0.14232265E-03
  0.19973478E+01  0.68075729E-04  0.11603759E-03
  0.20312011E+01  0.56737019E-04  0.94650386E-04
  0.20650547E+01  0.45674562E-04  0.77239441E-04
  0.20989079E+01  0.37277798E-04  0.63058309E-04
  0.21327612E+01  0.29743893E-04  0.51502404E-04
  0.21666145E+01  0.24947014E-04  0.42081239E-04
  0.22004678E+01  0.20748810E-04  0.34396955E-04
  0.22343214E+01  0.16333179E-04  0.28126518E-04
  0.22681746E+01  0.13502455E-04  0.23007722E-04
  0.23020282E+01  0.10787123E-04  0.18827297E-04
  0.23358812E+01  0.89423511E-05  0.15411819E-04
  0.23697348E+01  0.71213726E-05  0.12620227E-04
  0.24035881E+01  0.57385937E-05  0.10337719E-04
  0.24374413E+01  0.47665135E-05  0.84707654E-05
  0.24712949E+01  0.37716279E-05  0.69431317E-05
  0.25051482E+01  0.31443792E-05  0.56927420E-05
  0.25390015E+01  0.24485744E-05  0.46689252E-05
  0.25728548E+01  0.20066557E-05  0.38303397E-05
  0.26067080E+01  0.16136979E-05  0.31432651E-05
  0.26405616E+01  0.12802841E-05  0.25801378E-05
  0.26744149E+01  0.10401740E-05  0.21184696E-05
  0.27082684E+01  0.83527937E-06  0.17398622E-05
  0.27421215E+01  0.66730536E-06  0.14292872E-05
  0.27759748E+01  0.53474884E-06  0.11744438E-05
  0.28098283E+01  0.42509029E-06  0.96527151E-06
  0.28436818E+01  0.34032038E-06  0.79354294E-06
  0.28775349E+01  0.27158092E-06  0.65251885E-06
  0.29113884E+01  0.21900526E-06  0.53667804E-06
  0.29452417E+01  0.17192848E-06  0.44149922E-06
  0.29790952E+01  0.13970978E-06  0.36327947E-06
  0.30129483E+01  0.11201188E-06  0.29898155E-06
  0.30468018E+01  0.90473442E-07  0.24611484E-06
  0.30806553E+01  0.71470474E-07  0.20263685E-06
  0.31145084E+01  0.57977793E-07  0.16687314E-06
  0.31483617E+01  0.46909999E-07  0.13744804E-06
  0.31822152E+01  0.37273427E-07  0.11323296E-06
  0.32160687E+01  0.29777402E-07  0.93301303E-07
  0.32499218E+01  0.24407749E-07  0.76892391E-07
  0.32837753E+01  0.19382709E-07  0.63380391E-07
  0.33176286E+01  0.15690272E-07  0.52252062E-07
  0.33514819E+01  0.12342837E-07  0.43085020E-07
  0.33853352E+01  0.99429709E-08  0.35532203E-07
  0.34191887E+01  0.79975297E-08  0.29308238E-07
  0.34530423E+01  0.63151684E-08  0.24178341E-07
  0.34868953E+01  0.50678328E-08  0.19949589E-07
  0.35207489E+01  0.39891090E-08  0.16462950E-07
  0.35546021E+01  0.32394027E-08  0.13587766E-07
  0.35884552E+01  0.25652684E-08  0.11216406E-07
  0.36223087E+01  0.20189417E-08  0.92602530E-08
  0.36561623E+01  0.16208442E-08  0.76463467E-08
  0.36900153E+01  0.12954704E-08  0.63146430E-08
  0.37238688E+01  0.10112742E-08  0.52155684E-08
  0.37577221E+01  0.80941753E-09  0.43083883E-08
  0.37915757E+01  0.65398575E-09  0.35594743E-08
  0.38254287E+01  0.51853383E-09  0.29411371E-08
  0.38592823E+01  0.41850551E-09  0.24305213E-08
  0.38931358E+01  0.33542283E-09  0.20088111E-08
  0.39269888E+01  0.27853300E-09  0.16604822E-08
  0.39608424E+01  0.23005499E-09  0.13727202E-08
  0.39946957E+01  0.19185377E-09  0.11349650E-08
  0.40285492E+01  0.16262255E-09  0.93849939E-09
  0.40624022E+01  0.14307690E-09  0.77613366E-09
  0.40962558E+01  0.12729529E-09  0.64193323E-09
  0.41301093E+01  0.11544322E-09  0.53099652E-09
  0.41639624E+01  0.10822577E-09  0.43927981E-09
  0.41978159E+01  0.10143821E-09  0.36344483E-09
  0.42316689E+01  0.10073593E-09  0.30073521E-09
  0.42655225E+01  0.98195375E-10  0.24887073E-09
  0.42993755E+01  0.98874513E-10  0.20597303E-09
  0.43332291E+01  0.91823729E-10  0.17048653E-09
