 # Normalized spectrum: k_eta, E_norm, E_pope_norm
 # Columns: k_eta, normalized_simulated_spectrum, normalized_pope_spectrum
  0.34392558E-01  0.34486038E+02  0.77680998E+01
  0.68785116E-01  0.26118970E+03  0.18069695E+02
  0.10317767E+00  0.54747116E+02  0.21163692E+02
  0.13757023E+00  0.59137550E+02  0.19723734E+02
  0.17196280E+00  0.45368034E+02  0.16915813E+02
  0.20635535E+00  0.27898739E+02  0.14059714E+02
  0.24074791E+00  0.19856785E+02  0.11532994E+02
  0.27514046E+00  0.12623056E+02  0.93888216E+01
  0.30953303E+00  0.11001566E+02  0.75933747E+01
  0.34392560E+00  0.67563190E+01  0.61002636E+01
  0.37831816E+00  0.49332552E+01  0.48680248E+01
  0.41271070E+00  0.36516235E+01  0.38607793E+01
  0.44710326E+00  0.26220806E+01  0.30460365E+01
  0.48149583E+00  0.20165617E+01  0.23935931E+01
  0.51588833E+00  0.13298148E+01  0.18756149E+01
  0.55028093E+00  0.11436917E+01  0.14671872E+01
  0.58467352E+00  0.81951410E+00  0.11467510E+01
  0.61906606E+00  0.63552862E+00  0.89620048E+00
  0.65345860E+00  0.44767815E+00  0.70069432E+00
  0.68785119E+00  0.37760526E+00  0.54829085E+00
  0.72224373E+00  0.28846288E+00  0.42951068E+00
  0.75663632E+00  0.21496524E+00  0.33689880E+00
  0.79102880E+00  0.17494258E+00  0.26463065E+00
  0.82542139E+00  0.13637944E+00  0.20817371E+00
  0.85981393E+00  0.11160288E+00  0.16401035E+00
  0.89420652E+00  0.85141882E-01  0.12941307E+00
  0.92859912E+00  0.66361807E-01  0.10226832E+00
  0.96299165E+00  0.51278945E-01  0.80937289E-01
  0.99738413E+00  0.41964479E-01  0.64148217E-01
  0.10317767E+01  0.32453369E-01  0.50913293E-01
  0.10661693E+01  0.26250660E-01  0.40463932E-01
  0.11005619E+01  0.20405639E-01  0.32201391E-01
  0.11349545E+01  0.16934501E-01  0.25658423E-01
  0.11693470E+01  0.13563280E-01  0.20469781E-01
  0.12037395E+01  0.10504763E-01  0.16349496E-01
  0.12381321E+01  0.88222846E-02  0.13073196E-01
  0.12725246E+01  0.68113743E-02  0.10464719E-01
  0.13069172E+01  0.55905487E-02  0.83853556E-02
  0.13413098E+01  0.43603079E-02  0.67258407E-02
  0.13757024E+01  0.35917161E-02  0.53998907E-02
  0.14100949E+01  0.29042240E-02  0.43393094E-02
  0.14444875E+01  0.23055833E-02  0.34900983E-02
  0.14788799E+01  0.18763433E-02  0.28094454E-02
  0.15132726E+01  0.14844660E-02  0.22633711E-02
  0.15476651E+01  0.12568689E-02  0.18248607E-02
  0.15820576E+01  0.97789487E-03  0.14724116E-02
  0.16164503E+01  0.80115173E-03  0.11888894E-02
  0.16508428E+01  0.65324479E-03  0.96063036E-03
  0.16852354E+01  0.53526938E-03  0.77671465E-03
  0.17196279E+01  0.42864651E-03  0.62841544E-03
  0.17540206E+01  0.34199702E-03  0.50874730E-03
  0.17884130E+01  0.28270864E-03  0.41211484E-03
  0.18228055E+01  0.22959134E-03  0.33403019E-03
  0.18571982E+01  0.18495660E-03  0.27089176E-03
  0.18915907E+01  0.14995212E-03  0.21980693E-03
  0.19259833E+01  0.12166237E-03  0.17844864E-03
  0.19603758E+01  0.10179669E-03  0.14494553E-03
  0.19947683E+01  0.80644772E-04  0.11778997E-03
  0.20291610E+01  0.64735861E-04  0.95767362E-04
  0.20635533E+01  0.54274733E-04  0.77897908E-04
  0.20979462E+01  0.43596163E-04  0.63390718E-04
  0.21323385E+01  0.35130768E-04  0.51607662E-04
  0.21667314E+01  0.28005761E-04  0.42032261E-04
  0.22011237E+01  0.23485089E-04  0.34247401E-04
  0.22355163E+01  0.19296142E-04  0.27915308E-04
  0.22699089E+01  0.15049422E-04  0.22762695E-04
  0.23043013E+01  0.12436630E-04  0.18568015E-04
  0.23386941E+01  0.99345853E-05  0.15151756E-04
  0.23730865E+01  0.81240760E-05  0.12368389E-04
  0.24074790E+01  0.64299952E-05  0.10099756E-04
  0.24418716E+01  0.51632710E-05  0.82499691E-05
  0.24762642E+01  0.42740044E-05  0.67411356E-05
  0.25106568E+01  0.33604140E-05  0.55099786E-05
  0.25450492E+01  0.27277670E-05  0.45050560E-05
  0.25794420E+01  0.21403614E-05  0.36844951E-05
  0.26138344E+01  0.17372199E-05  0.30142783E-05
  0.26482270E+01  0.13722560E-05  0.24666624E-05
  0.26826196E+01  0.10734882E-05  0.20190905E-05
  0.27170122E+01  0.87469897E-06  0.16531742E-05
  0.27514048E+01  0.68983053E-06  0.13539257E-05
  0.27857971E+01  0.54371662E-06  0.11091321E-05
  0.28201897E+01  0.42972334E-06  0.90882111E-06
  0.28545823E+01  0.34440060E-06  0.74486877E-06
  0.28889749E+01  0.26758184E-06  0.61063855E-06
  0.29233673E+01  0.20999406E-06  0.50071509E-06
  0.29577599E+01  0.16735230E-06  0.41067119E-06
  0.29921527E+01  0.13152291E-06  0.33689426E-06
  0.30265453E+01  0.10416814E-06  0.27643179E-06
  0.30609376E+01  0.82217483E-07  0.22686918E-06
  0.30953302E+01  0.66142391E-07  0.18623072E-06
  0.31297228E+01  0.51248897E-07  0.15290300E-06
  0.31641152E+01  0.40696442E-07  0.12556460E-06
  0.31985078E+01  0.32432371E-07  0.10313404E-06
  0.32329006E+01  0.25560089E-07  0.84726366E-07
  0.32672932E+01  0.20111145E-07  0.69617336E-07
  0.33016856E+01  0.16022947E-07  0.57213093E-07
  0.33360782E+01  0.12822706E-07  0.47027374E-07
  0.33704708E+01  0.10105887E-07  0.38661813E-07
  0.34048631E+01  0.78365909E-08  0.31789863E-07
  0.34392557E+01  0.62458678E-08  0.26143717E-07
  0.34736485E+01  0.49699724E-08  0.21503919E-07
  0.35080411E+01  0.38664187E-08  0.17690429E-07
  0.35424335E+01  0.31102292E-08  0.14555523E-07
  0.35768261E+01  0.23736961E-08  0.11978016E-07
  0.36112187E+01  0.19423754E-08  0.98584314E-08
  0.36456110E+01  0.15057342E-08  0.81151574E-08
  0.36800036E+01  0.11865072E-08  0.66811086E-08
  0.37143965E+01  0.93895158E-09  0.55012732E-08
  0.37487886E+01  0.75610679E-09  0.45304405E-08
  0.37831814E+01  0.58968230E-09  0.37314405E-08
  0.38175740E+01  0.47153120E-09  0.30737761E-08
  0.38519666E+01  0.38028997E-09  0.25323659E-08
  0.38863590E+01  0.30749742E-09  0.20865958E-08
  0.39207516E+01  0.25198563E-09  0.17195173E-08
  0.39551444E+01  0.20495161E-09  0.14171911E-08
  0.39895365E+01  0.17289392E-09  0.11681716E-08
  0.40239291E+01  0.14779772E-09  0.96302499E-09
  0.40583220E+01  0.12648020E-09  0.79399837E-09
  0.40927148E+01  0.11188650E-09  0.65471656E-09
  0.41271067E+01  0.10225551E-09  0.53993388E-09
  0.41614995E+01  0.94861723E-10  0.44532236E-09
  0.41958923E+01  0.90037422E-10  0.36733250E-09
  0.42302847E+01  0.87709902E-10  0.30303446E-09
  0.42646770E+01  0.86024687E-10  0.25001948E-09
  0.42990699E+01  0.87721504E-10  0.20630038E-09
  0.43334627E+01  0.88493497E-10  0.17024433E-09
  0.43678546E+01  0.90398911E-10  0.14050540E-09
  0.44022474E+01  0.85724872E-10  0.11597266E-09
